9.642857142857143016e-01 1.699466551326412819e-02 5.157013785906520292e-02 1.120806104879039063e-03
9.473684210526315264e-01 3.559138438657196563e-02 6.378050446184664601e-02 4.314391768801760204e-04
1.000000000000000000e+00 4.749050139086777311e-02 5.141291810841983750e-02 8.506779803081605893e-04
7.727272727272727071e-01 4.248366013071894903e-02 3.353496032994303377e-02 6.337756692897273140e-04
3.295454545454545303e-01 5.715650230680507232e-02 3.769529202055153794e-02 7.907986188940733597e-04
2.500000000000000000e-01 6.085063437139561632e-02 4.005262399077277879e-02 4.962451607508768870e-04
2.872340425531915153e-01 6.392718226214140487e-02 4.256392794915211941e-02 3.423554141028999445e-04
2.842105263157894690e-01 5.114581436289684924e-02 2.933967704728950368e-02 1.568159136108628613e-04
1.000000000000000000e+00 1.492214532871972456e-02 1.322808535178777306e-02 1.097954052142392771e-05
5.964912280701754055e-01 1.534581840992330949e-02 9.876009227220301431e-03 4.485089731794248997e-05
