7.130434782608695565e-01 4.766607302484667658e-02 1.036565057276081503e-01 1.170379503792879153e-02
1.000000000000000000e+00 4.631640885176952632e-02 9.222869565868151154e-02 1.101350099953635545e-02
1.000000000000000000e+00 3.980170646837313114e-02 6.195098159383873038e-02 1.779967772991473962e-02
1.000000000000000000e+00 6.255460899956313825e-02 8.334720228560334176e-02 2.073972850277567073e-02
1.000000000000000000e+00 1.927437641723355952e-02 1.097883597883597961e-01 2.906864638088054939e-02
1.000000000000000000e+00 6.669744355387920154e-02 9.964508355597465061e-02 2.264968122031634987e-02
1.000000000000000000e+00 4.680459256352113850e-02 6.913374324088610023e-02 2.367602372909879613e-02
1.000000000000000000e+00 6.537383471907280696e-02 1.059414506543358142e-01 1.963504620521653796e-02
1.000000000000000000e+00 3.881435740724520356e-02 6.252534394778416771e-02 1.188440622634096694e-02
1.000000000000000000e+00 5.452666000486823539e-02 7.155227910373189448e-02 9.570785103284613557e-03
