1.000000000000000000e+00 1.699466551326412819e-02 4.099299033338825449e-02 7.659549378032591560e-02
1.000000000000000000e+00 3.559138438657196563e-02 5.663813513021306867e-02 4.604203536109327034e-04
1.000000000000000000e+00 4.749050139086777311e-02 5.097445552615510050e-02 1.234780638276424328e-03
1.000000000000000000e+00 4.248366013071894903e-02 3.967333368284925443e-02 1.154061704447540294e-03
1.000000000000000000e+00 5.715650230680507232e-02 5.267232227115445364e-02 8.806692639075356299e-04
1.000000000000000000e+00 6.085063437139561632e-02 3.277104959630910974e-02 1.042840898511674199e-04
1.000000000000000000e+00 6.392718226214140487e-02 2.972465581977471599e-02 1.256362772003486545e-04
1.000000000000000000e+00 5.114581436289684924e-02 2.393689674012020041e-02 2.794347707379033377e-05
1.000000000000000000e+00 1.492214532871972456e-02 5.791041906958861556e-03 4.233673813942089264e-04
1.000000000000000000e+00 1.534581840992330949e-02 2.126459458912564188e-02 6.588132850669652411e-05
