5.103092783505154273e-01 3.093023255813953307e-02 4.833010335917312800e-02 4.154270644544320135e+01
7.142857142857143016e-01 3.073082010582010165e-02 3.946593915343915571e-02 7.226961357656809071e+01
5.561224489795918435e-01 3.331305309734513415e-02 6.557890855457226831e-02 4.720094368946934793e+01
2.689075630252100724e-01 3.569669913419913632e-02 5.235660173160172626e-02 1.980177326389826575e+01
7.378640776699029180e-01 1.555720899470899345e-02 1.965277777777777943e-02 7.128186754137899150e+00
5.937500000000000000e-01 1.377873563218390968e-02 1.479597701149425355e-02 3.986977180845532587e+01
7.079646017699114946e-01 2.980564876957494599e-02 3.147091722595078689e-02 2.425765335263137246e+01
5.999999999999999778e-01 2.347391598915989086e-02 2.534722222222222238e-02 2.699991196438727314e+01
5.888888888888889062e-01 2.183086158192090384e-02 1.999646892655366701e-02 3.287333944550274367e+01
4.500000000000000111e-01 1.536458333333333426e-02 1.804850260416666907e-02 5.472907084157149171e+01
