8.969072164948453940e-01 3.093023255813953307e-02 4.445090439276486172e-02 5.443999983180447977e+00
9.795918367346938549e-01 3.073082010582010165e-02 3.708167989417988919e-02 9.195630247004466185e+00
9.489795918367347483e-01 3.331305309734513415e-02 3.912610619469027162e-02 9.320455333475610615e+00
9.453781512605041737e-01 3.569669913419913632e-02 4.613230519480519820e-02 8.533144117161612030e+00
7.427184466019417508e-01 1.555720899470899345e-02 3.032572751322751628e-02 7.297256812207391974e+00
7.455357142857143016e-01 1.377873563218390968e-02 2.928591954022988220e-02 2.086966992873082560e+01
8.053097345132743667e-01 2.980564876957494599e-02 2.586269574944071586e-02 2.805140882113847312e+01
5.100000000000000089e-01 2.347391598915989086e-02 1.332825203252032721e-02 3.995340087578392652e+00
6.111111111111111605e-01 2.183086158192090384e-02 1.077330508474576287e-02 5.218462208074660325e+00
6.500000000000000222e-01 1.536458333333333426e-02 5.945638020833332940e-03 4.456386195734824973e+00
