3.391304347826086807e-01 1.419909613878818089e-01 1.574221172168135396e-01 3.224829487125641236e+01
5.297029702970297294e-01 1.310621424954286907e-01 1.264409320750669030e-01 3.402611165931541848e+01
5.360360360360360010e-01 1.121047351206081316e-01 1.147641405577913554e-01 5.618180889366107778e+01
3.165137614678898981e-01 1.119259120569736504e-01 1.006819479405761802e-01 3.060747946564173461e+01
5.000000000000000000e-01 1.921768707482993388e-01 1.923343411438649397e-01 3.659444480957409951e+01
4.059405940594059681e-01 1.205948826175134436e-01 1.192998835030895516e-01 4.040595358208098986e+01
3.653846153846153633e-01 1.110659897862278783e-01 1.532053704672752259e-01 4.184326214391191456e+01
4.313725490196078649e-01 1.211540171624205103e-01 1.284628048750364182e-01 6.242588694330317622e+01
3.561151079136690711e-01 1.085308824844155029e-01 1.285943887710400690e-01 5.614300082610984077e+01
3.559322033898305038e-01 1.069162599126279728e-01 1.118752428780677571e-01 5.320252659860943112e+01
