8.762886597938143729e-02 5.361426051902242612e-02 1.587679516250944667e-01 3.126144749395204059e+01
1.887755102040816202e-01 5.243057162396326520e-02 7.517958052457567042e-02 4.713744461002243469e+01
2.040816326530612290e-01 6.118722919527749132e-02 9.931014659384881926e-02 5.579267676958469480e+01
4.663865546218487479e-01 5.936920222634509137e-02 8.238743729815158068e-02 5.460551612074874583e+01
3.980582524271844558e-01 2.695850898151952793e-02 6.859917718019346855e-02 6.895540456493404236e+01
4.196428571428571508e-01 2.676717663155276164e-02 5.731962264511993727e-02 3.291051951766024786e+01
3.362831858407079877e-01 4.475052294819736182e-02 6.584533038021410378e-02 4.332877921070026872e+01
3.300000000000000155e-01 3.667442953157238478e-02 7.432815468529754832e-02 4.610561248222507658e+01
2.555555555555555358e-01 2.674597175730961812e-02 5.500815846620835808e-02 5.290704367475583325e+01
5.000000000000000000e-01 2.602805329086680872e-02 5.791689025058709139e-02 6.254269224235908098e+01
