6.869565217391304657e-01 1.419909613878818089e-01 1.926987861012668668e-01 4.178205884743336895e+01
7.871287128712871617e-01 1.310621424954286907e-01 1.689049290416569926e-01 4.519470909758909016e+01
8.918918918918918859e-01 1.121047351206081316e-01 1.926702779877383087e-01 5.594846217745561745e+01
7.339449541284404077e-01 1.119259120569736504e-01 1.847347331729157771e-01 6.351822916794064611e+01
0.000000000000000000e+00 1.921768707482993388e-01 2.166477702191987875e-01 5.375236874598003567e+01
4.108910891089108675e-01 1.205948826175134436e-01 2.038920445332515208e-01 5.164844780200956365e+01
9.326923076923077094e-01 1.110659897862278783e-01 2.002145231311897866e-01 6.283918147546929589e+01
4.705882352941176405e-01 1.211540171624205103e-01 2.101115137412989942e-01 5.338270491324311706e+01
7.014388489208632782e-01 1.085308824844155029e-01 1.329705418607108336e-01 5.444121011571773749e+01
9.533898305084745894e-01 1.069162599126279728e-01 1.154474187666278129e-01 5.894322762096822288e+01
