1.304347826086956486e-01 9.313514089437742449e-02 9.864170784753439891e-02 4.983710626527616938e+01
1.188118811881188064e-01 8.765145545696435836e-02 8.955190501749137055e-02 7.259537745763825001e+01
6.756756756756757132e-02 7.551582724593106088e-02 7.404376695034134426e-02 5.768014753638583159e+01
4.587155963302752548e-02 7.520131636032718891e-02 7.648346260612537417e-02 5.150523602856640082e+01
5.000000000000000000e-01 1.314878892733563898e-01 1.216359092656670721e-01 2.620324276294419899e-03
5.940594059405940319e-02 8.050692612513847546e-02 8.219182644908090696e-02 5.849263989052040813e+01
3.365384615384615224e-02 7.409733312631236468e-02 8.056396578239138906e-02 5.209435501756187392e+01
1.519607843137254777e-01 8.014027410272067664e-02 8.566793691717364267e-02 5.214342142211762621e+01
9.712230215827338808e-02 7.683679354094578862e-02 7.204564178612622716e-02 6.831958982252045587e+01
1.355932203389830504e-01 7.267698538371812622e-02 6.810288089978430714e-02 7.012664944537634426e+01
