5.654761904761904656e-01 5.333297340100060652e-02 7.886792283050786390e-02 1.171414842349679333e+02
5.065789473684210176e-01 7.507939823102732779e-02 1.147544787895665164e-01 1.378755233381852179e+02
2.588235294117647300e-01 6.071169208424110481e-02 6.108554532924281161e-02 5.709931231552771713e+00
4.545454545454545303e-01 4.500520394312466227e-02 3.404575908315623373e-02 3.592991800134801128e+00
4.488636363636363535e-01 5.956961909342861627e-02 7.471218706337753868e-02 1.464347042279192692e+02
5.100000000000000089e-01 6.581034265558075025e-02 7.647203325774754035e-02 1.319000569396278308e+02
5.797872340425531679e-01 7.120978809175364244e-02 9.792782361171419037e-02 5.210626418823796513e+00
3.210526315789473673e-01 5.217275994218350393e-02 7.314781663152590541e-02 4.272878705352091799e+00
2.500000000000000000e-01 3.679820693709582452e-02 7.521310993533215916e-02 1.651318957467213977e+01
4.210526315789473450e-01 5.322112600725800724e-02 5.007834842839019307e-02 1.387072286153842038e-01
