8.969072164948453940e-01 3.093023255813953307e-02 4.309593023255814392e-02 4.872414684744524216e+00
9.795918367346938549e-01 3.073082010582010165e-02 3.707506613756614278e-02 3.837948148636588286e+00
1.000000000000000000e+00 3.331305309734513415e-02 3.506452802359882187e-02 6.371769646633902440e+00
9.453781512605041737e-01 3.569669913419913632e-02 4.944669913419913465e-02 2.900930242821806448e+00
8.980582524271845113e-01 1.555720899470899345e-02 3.277116402116402039e-02 1.638788762423406808e+01
6.741071428571429047e-01 1.377873563218390968e-02 2.204022988505747321e-02 6.923971054051238028e+00
7.168141592920354022e-01 2.980564876957494599e-02 3.264261744966442946e-02 5.350147310386880406e+00
6.350000000000000089e-01 2.347391598915989086e-02 2.339600271002710216e-02 4.271481270612631498e+00
7.111111111111111382e-01 2.183086158192090384e-02 3.001412429378531171e-02 7.271632730894784125e+00
6.833333333333333481e-01 1.536458333333333426e-02 1.439778645833333232e-02 8.124528414358261230e+00
