2.680412371134020533e-01 5.361426051902242612e-02 1.102204585537918946e-01 2.105469566037121432e+00
3.316326530612244694e-01 5.243057162396326520e-02 7.761298018829600187e-02 1.599792204771332216e+00
5.612244897959183659e-02 6.118722919527749132e-02 9.079609934740719146e-02 3.107740072271040210e-01
7.983193277310923763e-02 5.936920222634509137e-02 8.826680924895211056e-02 4.133131579614843787e+00
3.543689320388349606e-01 2.695850898151952793e-02 3.502057049516301562e-02 3.453649090806250044e+00
1.875000000000000000e-01 2.676717663155276164e-02 3.987987600103332780e-02 3.724461635994013164e+01
3.230088495575221264e-01 4.475052294819736182e-02 6.155078310393925778e-02 3.767814331394252036e+01
2.099999999999999922e-01 3.667442953157238478e-02 5.762905762905762286e-02 2.781110655628690509e+01
0.000000000000000000e+00 2.674597175730961812e-02 5.693379644626810065e-02 4.803959930689474334e+01
3.055555555555555802e-01 2.602805329086680872e-02 3.856606255733845828e-02 3.932594896540052076e+01
