1.666666666666666574e-01 5.333297340100060652e-02 7.050811947353896603e-02 7.794279032561003406e-01
0.000000000000000000e+00 7.507939823102732779e-02 9.429990319714628977e-02 7.704819413692138609e-04
2.176470588235294157e-01 6.071169208424110481e-02 7.099876987832171027e-02 2.111318827889138561e+01
1.590909090909090884e-01 4.500520394312466227e-02 3.450926618465885443e-02 5.394430749350629523e-02
5.113636363636363952e-02 5.956961909342861627e-02 4.587363143910762331e-02 6.995801726787745922e-01
1.350000000000000089e-01 6.581034265558075025e-02 4.642101284958427554e-02 1.309844646699503123e-01
7.978723404255319562e-02 7.120978809175364244e-02 5.043609248269836226e-02 2.129799223162797545e-02
7.894736842105262720e-02 5.217275994218350393e-02 4.266850989908634040e-02 6.205560462644059783e+01
0.000000000000000000e+00 3.679820693709582452e-02 3.766691861929957058e-02 6.531629036434257038e-04
0.000000000000000000e+00 5.322112600725800724e-02 5.368414422299134375e-02 4.940394782689764425e-04
