3.130434782608695898e-01 9.313514089437742449e-02 7.770838195550774929e-02 2.452237302062845714e+01
2.524752475247524774e-01 8.765145545696435836e-02 6.648956418133163127e-02 2.485162631246326015e+01
4.054054054054054279e-01 7.551582724593106088e-02 5.893523281066533059e-02 3.795910535318741807e+01
2.614678899082568675e-01 7.520131636032718891e-02 5.157464136940979882e-02 1.492538929985521712e+01
0.000000000000000000e+00 1.314878892733563898e-01 1.351883890811226563e-01 3.852011781776552846e-02
2.425742574257425677e-01 8.050692612513847546e-02 5.836578467535335352e-02 2.003015090982752255e+01
4.471153846153846367e-01 7.409733312631236468e-02 5.558790258184721778e-02 2.080909361637673527e+01
2.843137254901960675e-01 8.014027410272067664e-02 5.656195580885179514e-02 1.485509101033196444e+01
5.071942446043165020e-01 7.683679354094578862e-02 6.130416872631405667e-02 4.001650497791266048e+01
3.559322033898305038e-01 7.267698538371812622e-02 4.882615226216774351e-02 2.226153997797723960e+01
