4.347826086956521618e-01 1.419909613878818089e-01 1.581610022585215047e-01 1.579834214927495850e+01
5.594059405940594587e-01 1.310621424954286907e-01 1.222662515684675016e-01 2.971333210258713464e+01
3.648648648648648574e-01 1.121047351206081316e-01 1.548918533045517409e-01 6.816527959416675664e+00
1.238532110091743188e-01 1.119259120569736504e-01 1.416982185330809274e-01 2.563378792341956647e+00
0.000000000000000000e+00 1.921768707482993388e-01 2.601095993953136953e-01 1.011663228439023499e+01
1.287128712871287162e-01 1.205948826175134436e-01 1.597891081625169296e-01 1.078728500482960939e+01
1.586538461538461453e-01 1.110659897862278783e-01 1.803959653662034479e-01 1.241822725259473081e+01
1.225490196078431321e-01 1.211540171624205103e-01 2.061015764330423328e-01 1.885485138067781108e+01
2.913669064748201643e-01 1.085308824844155029e-01 1.612885446890823249e-01 3.682481847261286845e+01
1.779661016949152519e-01 1.069162599126279728e-01 1.828818470263184059e-01 1.232582811582885363e+01
