8.969072164948453940e-01 3.093023255813953307e-02 4.318798449612403639e-02 4.838141894167032220e+00
9.795918367346938549e-01 3.073082010582010165e-02 3.636574074074074014e-02 5.048411000083055100e+00
1.000000000000000000e+00 3.331305309734513415e-02 3.515855457227138464e-02 6.363764743646710187e+00
9.453781512605041737e-01 3.569669913419913632e-02 4.945481601731601534e-02 2.902455440632937034e+00
8.689320388349514035e-01 1.555720899470899345e-02 3.312665343915343480e-02 1.631803141548732938e+01
6.741071428571429047e-01 1.377873563218390968e-02 2.194109195402298845e-02 6.896151953414146440e+00
7.168141592920354022e-01 2.980564876957494599e-02 3.265799776286353734e-02 5.234645827462072631e+00
6.350000000000000089e-01 2.347391598915989086e-02 2.331470189701897316e-02 4.314873855939766578e+00
7.111111111111111382e-01 2.183086158192090384e-02 3.005296610169491678e-02 7.269711660785715068e+00
6.833333333333333481e-01 1.536458333333333426e-02 1.420247395833333301e-02 8.656133977484071096e+00
