2.738095238095238360e-01 5.149347320627598035e-02 3.910011717105143364e-02 2.102455919328769518e+00
1.000000000000000000e+00 7.069712559946579600e-02 4.698534470547764685e-02 1.492639566539301701e-02
1.000000000000000000e+00 6.320080512020263830e-02 3.251238211547594764e-02 2.029659666566046461e+00
6.212121212121212155e-01 5.139995689303648169e-02 2.012337911991891534e-02 8.556048873695941026e+00
1.000000000000000000e+00 6.427324717765894868e-02 2.652006658278284815e-02 5.680210194440938887e-01
1.000000000000000000e+00 6.835928489042675249e-02 2.879613610149941993e-02 4.068949820599230827e-01
1.000000000000000000e+00 7.232130440828814233e-02 3.004368205354733187e-02 1.933893032960664615e-01
1.000000000000000000e+00 5.872437726380541623e-02 2.480017806916368084e-02 2.440524042116943626e+00
0.000000000000000000e+00 3.921568627450980338e-02 2.847863001409714143e-02 5.205578448841927219e+00
3.508771929824561209e-02 5.190985923093007631e-02 4.192719399421274834e-02 1.142213465616976009e+00
