2.857142857142856984e-01 5.149347320627598035e-02 4.208488951136010042e-02 6.775543065976383339e+00
0.000000000000000000e+00 7.069712559946579600e-02 4.587936825917156985e-02 9.125531113537979522e+00
6.529411764705882470e-01 6.320080512020263830e-02 3.721136666892824185e-02 7.555797141640144332e+01
7.803030303030302761e-01 5.139995689303648169e-02 2.421344354735358376e-02 3.811998646555154746e+00
8.977272727272727071e-01 6.427324717765894868e-02 3.174642183076439167e-02 2.053427095389775747e+00
8.850000000000000089e-01 6.835928489042675249e-02 3.798106497500961659e-02 1.542698761442432565e+00
9.255319148936169693e-01 7.232130440828814233e-02 3.971416476477950680e-02 1.938225499189769829e+00
8.368421052631579427e-01 5.872437726380541623e-02 3.259424512839190907e-02 4.912477446115174473e+01
0.000000000000000000e+00 3.921568627450980338e-02 3.176262334999359338e-02 5.703633675305945339e+00
7.017543859649122417e-02 5.190985923093007631e-02 5.509099064462386758e-02 1.059002186463485984e+01
