5.357142857142856984e-01 5.333297340100060652e-02 7.857697752822469239e-02 1.288923516474586108e+02
5.065789473684210176e-01 7.507939823102732779e-02 1.147544787895665164e-01 1.378762151408716363e+02
2.588235294117647300e-01 6.071169208424110481e-02 6.108554532924281161e-02 5.709931231552771713e+00
4.545454545454545303e-01 4.500520394312466227e-02 3.404575908315623373e-02 3.592991800134801128e+00
4.090909090909091161e-01 5.956961909342861627e-02 7.427985925009734924e-02 1.631875453461333336e+02
5.100000000000000089e-01 6.581034265558075025e-02 7.647203325774754035e-02 1.319000569396278308e+02
5.797872340425531679e-01 7.120978809175364244e-02 9.789666457599587035e-02 5.210636064569640347e+00
4.000000000000000222e-01 5.217275994218350393e-02 7.586956810014452990e-02 5.053322166857224573e+00
2.500000000000000000e-01 3.679820693709582452e-02 7.459897539262619337e-02 1.818263954724020337e+01
4.210526315789473450e-01 5.322112600725800724e-02 4.978882391163093335e-02 1.463032607681959973e-01
