1.904761904761904656e-01 5.149347320627598035e-02 4.270049523077204534e-02 3.349116393350715981e+00
1.000000000000000000e+00 7.069712559946579600e-02 4.698534470547764685e-02 1.492639566539301701e-02
1.000000000000000000e+00 6.320080512020263830e-02 3.251181672207521800e-02 2.029685579027161957e+00
6.212121212121212155e-01 5.139995689303648169e-02 2.012337911991891534e-02 8.556048873695941026e+00
1.000000000000000000e+00 6.427324717765894868e-02 2.651187480339729438e-02 5.680989934813652775e-01
1.000000000000000000e+00 6.835928489042675249e-02 2.879613610149941993e-02 4.068949816192342639e-01
1.000000000000000000e+00 7.232130440828814233e-02 3.004368205354733187e-02 1.933893032969726811e-01
9.789473684210526772e-01 5.872437726380541623e-02 2.502984682004896766e-02 3.149745823567286607e+00
0.000000000000000000e+00 3.921568627450980338e-02 2.847863001409714143e-02 5.205578458267967612e+00
3.508771929824561209e-02 5.190985923093007631e-02 4.186480233648327137e-02 1.315523164777506748e+00
