4.739130434782608536e-01 1.419909613878818089e-01 1.732676936376679744e-01 8.708442478609480730e+00
3.069306930693069257e-01 1.310621424954286907e-01 1.486218066251069614e-01 1.279562221740799011e+01
3.873873873873873719e-01 1.121047351206081316e-01 1.411615697329982877e-01 1.490924391320652909e+01
4.770642201834862650e-01 1.119259120569736504e-01 9.723551330148096083e-02 3.350322242663644801e+01
5.000000000000000000e-01 1.921768707482993388e-01 2.246787603930461008e-01 2.441560122873725369e+00
4.257425742574257321e-01 1.205948826175134436e-01 1.134195335633336466e-01 1.911738051742673505e+01
4.663461538461538547e-01 1.110659897862278783e-01 1.431475546058879333e-01 2.937326844922788993e+01
4.460784313725490446e-01 1.211540171624205103e-01 1.603619842998928180e-01 2.245787094812774853e+01
3.021582733812949728e-01 1.085308824844155029e-01 1.445720462617544055e-01 3.857108650738755529e+01
1.779661016949152519e-01 1.069162599126279728e-01 1.828604951082756225e-01 1.232505589145903002e+01
