0.000000000000000000e+00 5.333297340100060652e-02 7.496490659755963848e-02 2.933459373389105007e+00
2.171052631578947456e-01 7.507939823102732779e-02 9.024628369866465050e-02 3.622613757740316895e-04
6.058823529411764275e-01 6.071169208424110481e-02 6.899908111392705212e-02 7.739610346605426905e+00
7.575757575757575690e-01 4.500520394312466227e-02 5.246880602153602274e-02 3.114753315256612964e+01
4.488636363636363535e-01 5.956961909342861627e-02 5.507491296181771939e-02 2.480111283564469637e+00
6.149999999999999911e-01 6.581034265558075025e-02 7.282375913328294204e-02 1.657874724431395164e+00
7.712765957446808818e-01 7.120978809175364244e-02 8.888600751569343539e-02 5.742654885402545366e-03
9.421052631578947789e-01 5.217275994218350393e-02 5.912598957711739239e-02 1.323404856004665753e+01
8.333333333333332871e-02 3.679820693709582452e-02 6.644463340891913761e-02 4.076097126068972010e+00
1.842105263157894635e-01 5.322112600725800724e-02 8.353445341749435316e-02 2.150626301566948229e+01
