4.695652173913043570e-01 9.313514089437742449e-02 7.999193294706187507e-02 1.506486283928057368e+01
6.584158415841584455e-01 8.765145545696435836e-02 6.998450710122915142e-02 1.288764501193500145e+01
6.531531531531531432e-01 7.551582724593106088e-02 6.171266422131474472e-02 8.535973552540431442e+00
7.844036697247706025e-01 7.520131636032718891e-02 5.073692545915649277e-02 4.776238753771407275e+00
0.000000000000000000e+00 1.314878892733563898e-01 1.273068050749711633e-01 3.823026887227000403e-02
4.702970297029702706e-01 8.050692612513847546e-02 5.653147494680262758e-02 8.923097207563232658e+00
7.451923076923077094e-01 7.409733312631236468e-02 5.903563348416289436e-02 3.245010756319910872e+00
8.382352941176470784e-01 8.014027410272067664e-02 5.490158385537989572e-02 8.417249882766983049e+00
6.870503597122301631e-01 7.683679354094578862e-02 5.609943977591035774e-02 1.695419449702668402e+01
4.661016949152542166e-01 7.267698538371812622e-02 4.987081239940309441e-02 3.982282789998162098e+00
