2.680412371134020533e-01 5.361426051902242612e-02 1.102204585537918946e-01 2.105469566037121432e+00
3.316326530612244694e-01 5.243057162396326520e-02 7.649590448424269107e-02 1.246203962368403806e+00
8.673469387755101956e-02 6.118722919527749132e-02 9.133637805670000165e-02 3.554809686981551531e-01
7.983193277310923763e-02 5.936920222634509137e-02 9.014249639249638513e-02 4.130992873051559044e+00
4.466019417475728392e-01 2.695850898151952793e-02 3.824184409035798898e-02 3.476163682159804758e+00
2.366071428571428492e-01 2.676717663155276164e-02 4.212233416573380601e-02 3.441161382506209776e+01
4.336283185840708043e-01 4.475052294819736182e-02 7.932113413840989613e-02 2.471948362945364863e+01
2.550000000000000044e-01 3.667442953157238478e-02 8.102490245347389319e-02 1.596972448631163388e+01
7.222222222222221544e-02 2.674597175730961812e-02 8.480005758917322223e-02 2.368464673470708703e+01
3.166666666666666519e-01 2.602805329086680872e-02 5.909395140583798695e-02 2.413300074234093628e+01
