7.216494845360824084e-02 5.361426051902242612e-02 9.936004031242127998e-02 1.078982525147524107e+01
1.530612244897959148e-02 5.243057162396326520e-02 6.916485415027689987e-02 7.290130285662308474e+00
5.612244897959183659e-02 6.118722919527749132e-02 8.098325402148338903e-02 2.666114342172181573e+00
6.722689075630251809e-02 5.936920222634509137e-02 7.629118566618565966e-02 6.578406598591776677e-02
5.825242718446602130e-02 2.695850898151952793e-02 5.793980530318017935e-02 5.330062686685717921e+00
1.517857142857142738e-01 2.676717663155276164e-02 5.043916300697494359e-02 2.664685560850996993e+01
1.637168141592920401e-01 4.475052294819736182e-02 8.877045650301464141e-02 2.620583246771565200e+01
2.500000000000000000e-01 3.667442953157238478e-02 5.610074360074360916e-02 1.753140653192878773e+01
2.000000000000000111e-01 2.674597175730961812e-02 7.163553251988626080e-02 5.489911760867463464e+00
1.277777777777777679e-01 2.602805329086680872e-02 6.433735495894711554e-02 3.071097021499615387e+00
