5.099502487562188602e-01 8.395082945458885726e-02 3.862131519274376590e-01 4.457102381837065650e+02
7.655601659751036792e-01 6.778592343086101146e-02 6.175902076040771377e-02 2.180867283355937047e+01
8.130841121495326895e-01 8.060003488574916941e-02 5.433804290947148730e-02 1.946638324293910260e+00
5.113122171945700956e-01 7.882865966899581245e-02 5.350242661167031559e-03 2.908734687645377548e+01
6.656626506024095891e-01 7.188044695789962135e-02 3.056142939103353301e-02 2.140097001198670768e+01
5.000000000000000000e-01 7.017625864251630929e-02 7.124911314218939327e-03 4.663809937903119618e+01
5.174999999999999600e-01 7.461634116011996165e-02 6.704215736473800695e-03 4.326471662752176428e+01
7.906403940886699289e-01 8.858684360443683237e-02 9.870804150888598527e-02 5.698672465343430105e+01
6.718750000000000000e-01 5.674755474329035154e-02 3.186787152672013873e-02 4.772084799734526683e+01
7.061611374407582575e-01 7.558506133377046465e-02 4.054093926727316693e-02 4.545774309060243468e+01
