7.711442786069651334e-02 8.395082945458885726e-02 3.748227712137486983e-02 5.537741418992366249e+01
1.804979253112033166e-01 6.778592343086101146e-02 9.761750654954537421e-02 1.403686377050557077e+01
5.000000000000000000e-01 8.060003488574916941e-02 1.369634447185467674e-01 1.758638809413541537e+01
8.144796380090497945e-02 7.882865966899581245e-02 4.627081601871518152e-02 3.048609120107973069e+01
5.000000000000000000e-01 7.188044695789962135e-02 7.252738846542633455e-02 1.744804505713382525e+01
3.251533742331288446e-01 7.017625864251630929e-02 5.270119499742638436e-02 1.972824993941066296e+01
1.750000000000000167e-02 7.461634116011996165e-02 6.585229073708336045e-03 4.200336442479934362e+01
3.251231527093595974e-01 8.858684360443683237e-02 5.570680160405705461e-02 1.694247655732607072e+01
1.718750000000000000e-01 5.674755474329035154e-02 3.186787152672013873e-02 4.787104732102429949e+01
2.061611374407582853e-01 7.558506133377046465e-02 4.054093926727316693e-02 4.545769678044800344e+01
