7.686567164179104461e-01 1.136563675749629465e-01 3.775168167825789650e-02 1.825697169591838254e+00
9.253112033195021180e-01 1.017498914459400855e-01 1.781155015197568442e-02 3.373582396886323220e+00
6.775700934579439449e-01 1.156248566842467268e-01 4.149965604219216231e-02 1.891479044589921665e+00
8.914027149321267496e-01 1.091737182677949142e-01 1.507217521154803272e-02 3.381459006060146155e+00
7.530120481927711218e-01 1.005687520910003435e-01 4.924723987955837573e-02 1.610304875681989101e+00
8.834355828220858964e-01 9.650627223366410601e-02 3.656244149035761670e-02 2.015792918679661039e+00
7.399999999999999911e-01 1.065365276545400669e-01 2.583259390712806455e-02 2.555226600281849336e+00
1.000000000000000000e+00 1.251992225461613373e-01 1.223032069970845549e-02 1.721729700961474874e-01
8.874999999999999556e-01 8.502164502164502591e-02 4.634096062667490863e-03 4.129794423057089325e-01
8.815165876777251164e-01 1.038311048557354066e-01 4.762843068261786959e-03 3.943896495536433622e-01
