4.328358208955223607e-01 8.395082945458885726e-02 2.178016469745793285e-02 8.724385926245201262e+00
5.082987551867219622e-01 6.778592343086101146e-02 2.137595491270941755e-02 8.039444775825259626e+00
5.000000000000000000e-01 8.060003488574916941e-02 1.928284867060377217e-02 9.005630112677899035e+00
5.135746606334841147e-01 7.882865966899581245e-02 2.520474856609310546e-02 2.477086461577363341e+00
6.204819277108434283e-01 7.188044695789962135e-02 3.010463623200283767e-02 3.391796182417303296e+00
7.055214723926380715e-01 7.017625864251630929e-02 4.313231222959531402e-02 6.886052924446995682e+00
1.000000000000000000e+00 7.461634116011996165e-02 3.308219345085704199e-02 4.731879463045631340e+00
1.000000000000000000e+00 8.858684360443683237e-02 2.793472068630407923e-02 5.899276904199610705e+00
1.000000000000000000e+00 5.674755474329035154e-02 2.320370934443428956e-02 7.246879362222085952e+00
7.654028436018956993e-01 7.558506133377046465e-02 3.837499658497937199e-02 5.384769645747939038e+00
