5.099502487562188602e-01 8.395082945458885726e-02 3.858617973505192311e-01 4.456998145540824794e+02
5.000000000000000000e-01 6.778592343086101146e-02 4.187305990357308438e-01 4.312244544172565952e+02
8.691588785046728827e-01 8.060003488574916941e-02 2.686382098626995951e-01 1.047919550274149429e+02
7.443438914027149522e-01 7.882865966899581245e-02 3.877325289089995214e-02 1.937775038894791280e+01
6.656626506024095891e-01 7.188044695789962135e-02 3.056142939103353301e-02 2.139818512291468267e+01
5.000000000000000000e-01 7.017625864251630929e-02 7.124911314218939327e-03 4.663820551364032241e+01
5.174999999999999600e-01 7.461634116011996165e-02 6.704215736473800695e-03 4.326471662746453717e+01
7.906403940886699289e-01 8.858684360443683237e-02 9.870804150888598527e-02 5.698672465343430105e+01
6.718750000000000000e-01 5.674755474329035154e-02 3.186787152672013873e-02 4.772084799734526683e+01
7.061611374407582575e-01 7.558506133377046465e-02 4.054093926727316693e-02 4.545774309060243468e+01
