9.142011834319526686e-01 9.474754793436111766e-02 3.050860738772826486e-01 2.418247651764952479e+02
9.027777777777777901e-01 9.938019652305365992e-02 1.179178634416729599e-01 1.238990079402298150e+01
8.070652173913043237e-01 1.151355614709651809e-01 7.967268066646948643e-02 4.928515936077400461e+00
5.733333333333333615e-01 9.900246913580247610e-02 6.172637944066514983e-03 1.074480611098159244e+01
5.909090909090909394e-01 4.954030096887238749e-02 2.777159348587920351e-01 1.231519613066685537e+02
8.415178571428570953e-01 8.851635892452217047e-02 1.217525105280207326e-01 1.430022430108066978e+01
7.765151515151514916e-01 8.635745207173778359e-02 4.154057582629011591e-02 1.412862578288792825e+01
6.052631578947368363e-01 9.784287558723649136e-02 1.191897492649372260e-02 4.847367060335641575e+00
6.018518518518518601e-01 5.097505668934240730e-02 1.589653145208700866e-02 3.011121062258227354e+01
5.000000000000000000e-01 6.009070294784579769e-02 2.757369614512471603e-02 7.112310623551088895e+00
