6.567164179104477695e-01 1.136563675749629465e-01 7.748261315699465045e-03 1.669465169675650729e-01
8.091286307053942028e-01 1.017498914459400855e-01 9.083803734259661422e-03 9.410856784519230911e-02
7.242990654205607726e-01 1.156248566842467268e-01 9.704196285255674986e-03 8.403302307600103715e-02
6.470588235294117974e-01 1.091737182677949142e-01 5.619711299153808820e-03 7.550147633277047576e-02
7.259036144578313587e-01 1.005687520910003435e-01 7.848778855804618843e-03 7.737442805768494913e-02
7.269938650306748684e-01 9.650627223366410601e-02 7.399363415090808895e-03 3.397228037667277684e-02
6.175000000000000488e-01 1.065365276545400669e-01 5.507246376811594443e-03 2.066310587662674725e-01
4.852216748768473087e-01 1.251992225461613373e-01 1.009718172983479177e-02 1.308679725507058689e-01
6.875000000000000000e-01 8.502164502164502591e-02 7.338693052978767506e-03 1.592661302545536894e-01
6.113744075829383728e-01 1.038311048557354066e-01 5.207600281491906770e-03 1.745820925103917787e-01
