4.585798816568047442e-01 9.474754793436111766e-02 4.997786096687194951e-02 4.497589698353873189e+01
4.361111111111111160e-01 9.938019652305365992e-02 4.955605946082136670e-02 1.557384904822125904e+01
5.842391304347825942e-01 1.151355614709651809e-01 3.494429655920338468e-02 6.064578882689934503e+00
5.955555555555555047e-01 9.900246913580247610e-02 3.349962207105064427e-02 1.549101566868373858e+01
4.090909090909091161e-01 4.954030096887238749e-02 2.477015048443620068e-02 2.911196177185487599e+01
4.933035714285714524e-01 8.851635892452217047e-02 9.410430839002267844e-03 1.302614766500967924e+01
6.799242424242424310e-01 8.635745207173778359e-02 4.893286607572322477e-02 1.510544110773574467e+01
5.645933014354066470e-01 9.784287558723649136e-02 1.191897492649372260e-02 4.847196959948759876e+00
2.777777777777777901e-01 5.097505668934240730e-02 1.588981271520953711e-02 3.011274050028001525e+01
5.000000000000000000e-01 6.009070294784579769e-02 2.757369614512471603e-02 7.112546520717675236e+00
