7.455621301775148257e-01 9.474754793436111766e-02 2.481289162607843712e-01 2.005369860937385056e+02
8.694444444444444642e-01 9.938019652305365992e-02 1.648455530360292132e-01 1.025601531583251358e+02
1.000000000000000000e+00 1.151355614709651809e-01 1.451049985211476101e-01 6.331657916558270927e+00
9.511111111111111294e-01 9.900246913580247610e-02 9.581295036533131471e-02 6.409521318730096340e+00
1.000000000000000000e+00 4.954030096887238749e-02 2.474376417233560277e-01 2.145509780537321376e+01
9.151785714285713969e-01 8.851635892452217047e-02 1.728717201166180828e-01 1.140020757737141643e+01
9.678030303030302761e-01 8.635745207173778359e-02 1.741139283996426812e-01 5.283154837797378711e+00
6.459330143540670255e-01 9.784287558723649136e-02 7.137671017370265936e-02 1.123451731788222219e+00
6.296296296296296502e-01 5.097505668934240730e-02 1.599059376837154434e-02 2.515701876501693590e+01
5.000000000000000000e-01 6.009070294784579769e-02 2.716553287981859216e-02 6.198074604992720005e+00
