6.567164179104477695e-01 1.136563675749629465e-01 5.901265534146618585e-03 3.340696320084721171e-01
8.091286307053942028e-01 1.017498914459400855e-01 1.055145462440295473e-02 1.080454071660279791e-01
7.242990654205607726e-01 1.156248566842467268e-01 8.704425590460902404e-03 1.101875788002864009e-01
6.470588235294117974e-01 1.091737182677949142e-01 5.316077650572423839e-03 5.867262103613972435e-02
7.259036144578313587e-01 1.005687520910003435e-01 7.280026764804282610e-03 7.070310546584217259e-02
7.269938650306748684e-01 9.650627223366410601e-02 5.856581164575921927e-03 2.701059796773160049e-02
6.175000000000000488e-01 1.065365276545400669e-01 5.211475894705708094e-03 1.557836170456788905e-01
4.852216748768473087e-01 1.251992225461613373e-01 1.032069970845480959e-02 1.086285246359893070e-01
6.843749999999999556e-01 8.502164502164502591e-02 6.992372706658422053e-03 1.360315047567164370e-01
6.113744075829383728e-01 1.038311048557354066e-01 5.190710767065447040e-03 1.581831332575074911e-01
