5.917159763313609711e-01 9.474754793436111766e-02 2.226397778046129428e-01 1.205583749874209742e-01
7.888888888888888618e-01 9.938019652305365992e-02 2.976064499874023564e-02 1.002210513606350695e+01
7.391304347826086474e-01 1.151355614709651809e-01 2.249235926254560328e-02 2.429080169245411014e+01
7.533333333333332993e-01 9.900246913580247610e-02 3.198548752834467351e-02 1.299832366814094797e+01
6.363636363636363535e-01 4.954030096887238749e-02 5.000206143063286313e-02 7.098593535092226903e-01
7.388392857142856984e-01 8.851635892452217047e-02 2.981211532231939701e-02 1.124876044573324840e+01
8.087121212121212155e-01 8.635745207173778359e-02 3.160585446299731677e-02 1.366668577669678442e+01
7.990430622009568884e-01 9.784287558723649136e-02 2.699909948030249085e-02 1.032569754002102158e+01
1.000000000000000000e+00 5.097505668934240730e-02 5.351473922902495739e-02 9.892641037989786668e+00
5.000000000000000000e-01 6.009070294784579769e-02 5.396825396825397081e-02 4.751830621147354883e+00
