8.928571428571429047e-01 1.699466551326412819e-02 1.623002142033283871e-02 2.056363960263873381e+01
1.000000000000000000e+00 3.559138438657196563e-02 5.741402598190979006e-03 2.058102808256083449e+01
6.117647058823529882e-01 4.749050139086777311e-02 1.022881470927471288e-02 1.828080722372638789e+01
2.272727272727272652e-01 4.248366013071894903e-02 1.175684177414281113e-02 8.887400747868216655e+00
6.477272727272727071e-01 5.715650230680507232e-02 2.322533291391423033e-02 9.086482945763828312e+00
4.199999999999999845e-01 6.085063437139561632e-02 2.385452710495963163e-02 1.093294151031435391e+01
3.723404255319148759e-01 6.392718226214140487e-02 1.942839088075781068e-02 1.162056361727522003e+01
4.736842105263157632e-01 5.114581436289684924e-02 2.347629454258483642e-02 7.477674589822064455e+00
1.000000000000000000e+00 1.492214532871972456e-02 2.481617647058823387e-02 1.286327696843387436e+01
1.000000000000000000e+00 1.534581840992330949e-02 3.147068941095530065e-02 1.624825244548423342e+01
