9.751243781094527385e-01 5.099290780141842866e-02 1.094060283687943169e-01 2.394082146968195927e-03
7.800829875518672241e-01 4.308019713261648787e-02 1.247401433691756600e-01 2.219833766756125655e-03
5.841121495327102897e-01 5.122977346278317218e-02 1.038079827400215788e-01 2.268796268038003692e-03
8.868778280542986003e-01 6.866858237547891763e-02 2.760673234811165597e-02 2.136388074897775831e-03
8.493975903614457978e-01 5.629830917874396184e-02 6.720813204508857552e-02 2.399504937491395932e-03
7.607361963190184539e-01 4.938840155945418975e-02 5.711988304093567476e-02 2.426753933394702484e-03
7.900000000000000355e-01 5.768070489844683013e-02 3.790023894862604159e-02 1.979542937061609664e-03
1.000000000000000000e+00 7.447728516694034073e-02 3.617131910235358433e-02 2.167189936227336029e-03
9.375000000000000000e-01 3.878640776699029263e-02 1.028074433656958053e-01 1.543336475299009192e-01
9.431279620853080248e-01 4.736111111111111077e-02 4.974603174603174638e-02 4.387585704862340640e-03
