2.738095238095238360e-01 1.471673325414821903e-02 6.957210794370657925e-02 1.778650187652431247e-03
7.894736842105262720e-02 3.210096172972112805e-02 7.822010383100608255e-02 6.865430142403679617e-04
9.529411764705881804e-01 3.945411497932507089e-02 7.715363923347116903e-02 1.196393227022810729e-03
1.000000000000000000e+00 3.441194255479970016e-02 6.668934240362812960e-02 1.270343006925825314e-03
1.000000000000000000e+00 4.734848484848485500e-02 7.706636947708375707e-02 2.418575239154878691e-03
1.000000000000000000e+00 5.099867724867724467e-02 7.786753590325019847e-02 6.733940160033675439e-03
1.000000000000000000e+00 5.444589183191006487e-02 7.808956916099774048e-02 9.777017434471221846e-03
1.000000000000000000e+00 4.169898953733540414e-02 6.851652941878505487e-02 7.302979959307793166e-03
0.000000000000000000e+00 1.263699924414210009e-02 5.201247165532879579e-02 2.228312217875865007e-03
0.000000000000000000e+00 1.302114413016668658e-02 5.371066555277081295e-02 3.390196215345309561e-03
