0.000000000000000000e+00 9.474754793436111766e-02 1.497425163359229483e-01 1.670993336296840539e-04
0.000000000000000000e+00 9.938019652305365992e-02 1.512985638699924362e-01 2.360772394063733164e-04
1.630434782608695607e-02 1.151355614709651809e-01 1.642728975648230505e-01 9.923817320897767918e-05
0.000000000000000000e+00 9.900246913580247610e-02 1.595759133282942666e-01 2.950079825786029709e-04
0.000000000000000000e+00 4.954030096887238749e-02 5.554318697175839731e-02 2.245922807636136780e-06
0.000000000000000000e+00 8.851635892452217047e-02 1.417184969225785685e-01 1.520308974338584749e-04
0.000000000000000000e+00 8.635745207173778359e-02 1.494963237820380875e-01 1.487738072676600203e-04
0.000000000000000000e+00 9.784287558723649136e-02 1.569933491738003117e-01 1.368254573491489007e-04
0.000000000000000000e+00 5.097505668934240730e-02 1.293692785756277719e-01 1.488189242111884562e-05
0.000000000000000000e+00 6.009070294784579769e-02 8.195011337868479684e-02 2.699687163381987612e-04
