1.897971730391142753e+00 2.119856803398216361e+00
1.904822001071309501e+00 2.100144011302811364e+00
1.904012834366411555e+00 2.090344170958821302e+00
1.902509855112199499e+00 2.080693345619744505e+00
1.900926877240053381e+00 2.070381127165080049e+00
1.899075811097334920e+00 2.059214116365752911e+00
1.894934567594365848e+00 2.056943001085600020e+00
1.890432605849190484e+00 2.047873927745043510e+00
1.885119285671613465e+00 2.036415566649765641e+00
1.877284685365228301e+00 2.027953263497977776e+00
1.869483287442459840e+00 2.025630080194635863e+00
1.862774818358279294e+00 2.018797564677908607e+00
1.852564053340543193e+00 2.025724040132706349e+00
1.841639480277588170e+00 2.033851359909945256e+00
1.829438618771941583e+00 2.041189461490219070e+00
1.817024302555132698e+00 2.039947989858064137e+00
1.804333660783780324e+00 2.046009707165918901e+00
1.791690066959516825e+00 2.051172006084512667e+00
1.785770247084459417e+00 2.052220866831133250e+00
1.776520618791599615e+00 2.054495772416693899e+00
1.770485453847804758e+00 2.054630798664161428e+00
1.768002563801773785e+00 2.044583878533475563e+00
1.765459834284542451e+00 2.041452445487305312e+00
1.762993357477913081e+00 2.038104209038958281e+00
1.760593199830099209e+00 2.034624403471060550e+00
1.750531548191980313e+00 2.035179824605647170e+00
1.745337577906348914e+00 2.033421685427727610e+00
1.737212915737538665e+00 2.033295761310533578e+00
1.731873176789312962e+00 2.032197889672154201e+00
1.729610809162466012e+00 2.029867615806061565e+00
1.720403309934359637e+00 2.030673086730369281e+00
1.715570386618918253e+00 2.029944451799453820e+00
1.713105517764486274e+00 2.021383547693060390e+00
1.710969857439471609e+00 2.019076813098913181e+00
1.709061999915600927e+00 2.016887061860150876e+00
1.707254320760801303e+00 2.014704557544371166e+00
1.705545626333992759e+00 2.012485291772374119e+00
1.703921710726190808e+00 2.010458730761947699e+00
1.702304445975384217e+00 2.008418139831539939e+00
1.700706645998597999e+00 2.006716767818575331e+00
1.699247429225978934e+00 2.004951322737932085e+00
1.697664441044858474e+00 2.003485419331111128e+00
1.696135348329059322e+00 2.001976371379577291e+00
1.694526963103476280e+00 2.000610990623232777e+00
1.692944386768219012e+00 1.999382576473959006e+00
1.691688674816969717e+00 1.998322593882538634e+00
1.689500422204294861e+00 1.998233196006724111e+00
1.687761591951946638e+00 1.997381694613009406e+00
1.686322593471762277e+00 1.996060058734838050e+00
1.685055067904266179e+00 1.994406595028949569e+00
1.683821003574941910e+00 1.992768362221330136e+00
1.677289137009987829e+00 1.992142293742159342e+00
1.670345326948980746e+00 1.995201827790765714e+00
1.662550082420332753e+00 2.005379656739312288e+00
1.660754416955993573e+00 2.002239684421597499e+00
1.661131353425850499e+00 1.997838610821534688e+00
1.663890701621655976e+00 1.993777253893652901e+00
1.667038711713528354e+00 1.989059008780086568e+00
1.674083982689089423e+00 1.982424032020828397e+00
1.677087711112905888e+00 1.987737787925544897e+00
1.681160451748304530e+00 1.989297319108596973e+00
1.681651363939909549e+00 1.998537129202147433e+00
1.693115165444466941e+00 2.007088231326799921e+00
1.703094084979303036e+00 2.015110629966677003e+00
1.710768989053353950e+00 2.017929333433762018e+00
1.718811112290605347e+00 2.019927100134103259e+00
1.726723621700771538e+00 2.032401052024745969e+00
1.734181871420602317e+00 2.038697393638545297e+00
1.742475937005125042e+00 2.036698394804846934e+00
1.750787585753853293e+00 2.038597136462687143e+00
1.758801098053548007e+00 2.038638952460772646e+00
1.766558763049032255e+00 2.038880358212220134e+00
1.773489034816728482e+00 2.039896417447801813e+00
1.779852247742243820e+00 2.041724126496011316e+00
1.786152106822040730e+00 2.046216504344207987e+00
1.791825765881092103e+00 2.051675424647683599e+00
1.797753126029657755e+00 2.057270672240270049e+00
1.802667379492700173e+00 2.062951614598133698e+00
1.807124934232997804e+00 2.068943754431148196e+00
1.811026168529032310e+00 2.074976601558884859e+00
1.814436192502432155e+00 2.081848591875282040e+00
1.817504454127575775e+00 2.092172624233698208e+00
1.820233845589688482e+00 2.101309391549160743e+00
1.822520896276778934e+00 2.110821622377560214e+00
1.824563187860750890e+00 2.120499255514178394e+00
1.826373127574131061e+00 2.130318892416396270e+00
1.827957919038655898e+00 2.140255266642064669e+00
1.829378490839415949e+00 2.150274065334415674e+00
1.830647705729022023e+00 2.160262949940481292e+00
1.831764849841091891e+00 2.170182551231868651e+00
1.833633901979570435e+00 2.179682532825716113e+00
1.835108919815307438e+00 2.189437441629658920e+00
1.836303884813952791e+00 2.202529081176167303e+00
1.837227947607930734e+00 2.211494083489871532e+00
1.838534394190783683e+00 2.220159187242716659e+00
1.839545934070596855e+00 2.228751807304550248e+00
1.840750469144421864e+00 2.237145546826636799e+00
1.841928218928170047e+00 2.245384428663126375e+00
1.843104915385381348e+00 2.253441718315798870e+00
1.844213543237118724e+00 2.261284050658205924e+00
1.844887859282615450e+00 2.269456355897225830e+00
1.845811271098094952e+00 2.276614430056516980e+00
1.846742083042648641e+00 2.283547511269039099e+00
1.847241206265890501e+00 2.291699254778789108e+00
1.847499198027948264e+00 2.299127773515173168e+00
1.848092688153824881e+00 2.305031670299492408e+00
1.848855424594059160e+00 2.309941580140407513e+00
1.849360150589330676e+00 2.313983126688777148e+00
1.850057704908182332e+00 2.316793680602112104e+00
1.850446238116200348e+00 2.316311870001839246e+00
1.851350037197447840e+00 2.314992825539905485e+00
1.852467458756634322e+00 2.313621769458473754e+00
1.853678088337114005e+00 2.310447079376768187e+00
1.854378869116434903e+00 2.305368499582920450e+00
1.855299475608578996e+00 2.300612228595614983e+00
1.866101671981761800e+00 2.185832114443607921e+00
1.863719526941625571e+00 2.178006064526785135e+00
1.861224679319041009e+00 2.165339122558524121e+00
1.858570845623435552e+00 2.151493508751380901e+00
1.855659351532759516e+00 2.137210396129776147e+00
1.852591987547428154e+00 2.124012220880968194e+00
1.849119726846563116e+00 2.108587931153983686e+00
1.845527993140085643e+00 2.092722948690256324e+00
1.841889867682047210e+00 2.076149861026565624e+00
1.839851126116590851e+00 2.059227327238232430e+00
1.835561334863758276e+00 2.056465056117529500e+00
1.831523679959771167e+00 2.053070425023960865e+00
1.827709770595006500e+00 2.046078318541975527e+00
1.827624952275330505e+00 2.029563583730648268e+00
1.825611064985427801e+00 2.020613230877383870e+00
1.823169712358392758e+00 2.014803573362028644e+00
1.820598591005743838e+00 2.010283707635803552e+00
1.817969896537992902e+00 2.006151962916349341e+00
1.815451731047540207e+00 2.001494407788181107e+00
1.812420885872749521e+00 1.996717076367805266e+00
1.809523977159201769e+00 1.991756388504144715e+00
1.806745406321686342e+00 1.986453453436852312e+00
1.803972556629778845e+00 1.981428873518073397e+00
1.801149089897340128e+00 1.977131317627937701e+00
1.798407670888793719e+00 1.973321586165922348e+00
1.795517394212721607e+00 1.970507774608899698e+00
1.792476117752909603e+00 1.968314912360534352e+00
1.789445234412650354e+00 1.966326963902882863e+00
1.786344840935889078e+00 1.964840547908812685e+00
1.783325877933357839e+00 1.963702921101030174e+00
1.780375021086119114e+00 1.962592973438838762e+00
1.777463747942300554e+00 1.961580440701301109e+00
1.774614540222094972e+00 1.960708288514991127e+00
1.771804495261541934e+00 1.959922814282809789e+00
1.769075157001975596e+00 1.959135345255651472e+00
1.766272159541884657e+00 1.958523331896006248e+00
1.763519602050372059e+00 1.956898355258553490e+00
1.760957131463923631e+00 1.955441821734152263e+00
1.758623595556373598e+00 1.952949799555836474e+00
1.755243822293458988e+00 1.951033396664929587e+00
1.746502200987213982e+00 1.951779113455426540e+00
1.738169659414332768e+00 1.952468936895402907e+00
1.731180336734320147e+00 1.951604827881691095e+00
1.723067318539416748e+00 1.950893674716961845e+00
1.715409754124990860e+00 1.948886783158866098e+00
1.707522604098905106e+00 1.948819040757763243e+00
1.699746916386071893e+00 1.949596345440322676e+00
1.694315350913829343e+00 1.948164946667583663e+00
1.688416376905811589e+00 1.946729283831187152e+00
1.682890803361658749e+00 1.946333279968160079e+00
1.682053089846805793e+00 1.943571799816940837e+00
1.680702709507489123e+00 1.946248157174148119e+00
1.682203731085066156e+00 1.953882515515151130e+00
1.684449327868515311e+00 1.961181765618217554e+00
1.684932361139801493e+00 1.976434878651571969e+00
1.684088776045540747e+00 1.990666014441409226e+00
1.683596643958257921e+00 2.007313229681816580e+00
1.691606926779154252e+00 2.013563535913190705e+00
1.699648138537060982e+00 2.025707409838047202e+00
1.707514705692446899e+00 2.036580793657952526e+00
1.715251654213126198e+00 2.046480619855025829e+00
1.723158210220753661e+00 2.055393404740940788e+00
1.731100709423259998e+00 2.064281659711578953e+00
1.739062064022880882e+00 2.073262586126926266e+00
1.747160211465399904e+00 2.083669030864270244e+00
1.755198112054233484e+00 2.094918369388534707e+00
1.763206861872921971e+00 2.106542778839630703e+00
1.771184826734744977e+00 2.118869711242346909e+00
1.779086250880724362e+00 2.131173698670860706e+00
1.786863359895072056e+00 2.145007669801082262e+00
1.794502977667805643e+00 2.158209029051146199e+00
1.802049575720449770e+00 2.171084530945954771e+00
1.809434840480566242e+00 2.183719253079754008e+00
1.816621060795330367e+00 2.196039823258712609e+00
1.823586284407476610e+00 2.208140002573459881e+00
1.830344398630896707e+00 2.219538994742647375e+00
1.836840166623307624e+00 2.230783819232352361e+00
1.843067901399810138e+00 2.242075774769556329e+00
1.849025001274498869e+00 2.252627192076390283e+00
1.854730112238178075e+00 2.262827862262303924e+00
1.860176794077938345e+00 2.272349079393042537e+00
1.865413235410682713e+00 2.281332307476577892e+00
1.870413357364225870e+00 2.289484713570290708e+00
1.875192168449031804e+00 2.297539745542033884e+00
1.879782243439092282e+00 2.305245110698072253e+00
1.884165362551354805e+00 2.312647019123337255e+00
1.887706280819232418e+00 2.319256056135278854e+00
1.890824260403139778e+00 2.325639080619151589e+00
1.893580421661165136e+00 2.331878080687979971e+00
1.896421240066168412e+00 2.338061495081217078e+00
1.898911937063152644e+00 2.343920711588419081e+00
1.901600369966289339e+00 2.349451916732841816e+00
1.904608740233829423e+00 2.354398730275375051e+00
1.907553700594036616e+00 2.359015711352302258e+00
1.910415339404348156e+00 2.363511487888884322e+00
1.913194181985598874e+00 2.367772780479053374e+00
1.916063642218083007e+00 2.371708295716173254e+00
1.918944102296074483e+00 2.375305337034846254e+00
1.921702044731563364e+00 2.378644976602274141e+00
1.924347055689825670e+00 2.381782369820866663e+00
1.926890939743442166e+00 2.384605194852090104e+00
1.960994711192026951e+00 2.285572749604248166e+00
1.958490834694898375e+00 2.275991468811614737e+00
1.955969284608679803e+00 2.262533366413580715e+00
1.953668666397835318e+00 2.245263282013502337e+00
1.950718604515141674e+00 2.226054139591429948e+00
1.947224720524193264e+00 2.205935920204123324e+00
1.943601325699337412e+00 2.186009211372590411e+00
1.940373489511809213e+00 2.165187441548106051e+00
1.933889145538735255e+00 2.145715408364885946e+00
1.925483109983978203e+00 2.134573819741884204e+00
1.918205419138062640e+00 2.116285277340897331e+00
1.916181224443135767e+00 2.095465628150856574e+00
1.915841706853331106e+00 2.073834530377788088e+00
1.915969984163939932e+00 2.051994465432712911e+00
1.916195951857015967e+00 2.030337315029731471e+00
1.916517629603935013e+00 2.008779502123180460e+00
1.917006743317813289e+00 1.987216827945070596e+00
1.912275457884575092e+00 1.984309199600702067e+00
1.906243867167582984e+00 1.983562705876664278e+00
1.900090019640128691e+00 1.982703122713997734e+00
1.894848767767571163e+00 1.980564426831072478e+00
1.890723157901686990e+00 1.977762830335876520e+00
1.886298496106048495e+00 1.967385117750270584e+00
1.882500119682093853e+00 1.957023802752216435e+00
1.878983651821704015e+00 1.946855329297957571e+00
1.875599566829927012e+00 1.936980800642115197e+00
1.872881165839162199e+00 1.927263238107957299e+00
1.870384636854989902e+00 1.917871575258876415e+00
1.867981472587766811e+00 1.908945183757935427e+00
1.865700680846307691e+00 1.900420893685793367e+00
1.863465943105427680e+00 1.892384886067933536e+00
1.859848749010109437e+00 1.887716308523737618e+00
1.856458966495233787e+00 1.882772685843311145e+00
1.853388745715432329e+00 1.877621682019123828e+00
1.850536057571620319e+00 1.872550687586047591e+00
1.847682597493054413e+00 1.867801689041490798e+00
1.844836368724349862e+00 1.863362164931093856e+00
1.842138128803348707e+00 1.859210279771356333e+00
1.837705764359757410e+00 1.857648415832284794e+00
1.833761426101191194e+00 1.855704542304984939e+00
1.830800264610804140e+00 1.852624509956127374e+00
1.828191779436734832e+00 1.850134112611385273e+00
1.826043570245382330e+00 1.847794840533375726e+00
1.823971631268863192e+00 1.845986770651192987e+00
1.821931670668133219e+00 1.845505390334045259e+00
1.819684658137300293e+00 1.846080313152676178e+00
1.818088932311251460e+00 1.846562754079157376e+00
1.816523589199262823e+00 1.846332600000703428e+00
1.814288576981248013e+00 1.846184650173405828e+00
1.812376873240397090e+00 1.845924425805897995e+00
1.810632230400986753e+00 1.845658514028557962e+00
1.809151945329954936e+00 1.845270162411302373e+00
1.807727863397524892e+00 1.844913826524087641e+00
1.806322607608525477e+00 1.844761667189167342e+00
1.805055985861391488e+00 1.845399090882068549e+00
1.804327464260991887e+00 1.846334252622684247e+00
1.803587169509640153e+00 1.847609910797906707e+00
1.803143522047965464e+00 1.849211690838390876e+00
1.802942005705387984e+00 1.850845993013685353e+00
1.803147187447071476e+00 1.852253869850353007e+00
1.809468096010989013e+00 1.844225084985723573e+00
1.807901666187057499e+00 1.841852117158695457e+00
1.801884515398311404e+00 1.844512555754748817e+00
1.797248295564107368e+00 1.847639954186950373e+00
1.794090606075448679e+00 1.851762800838948397e+00
1.793588843957752310e+00 1.854648815593754829e+00
1.793453113122566389e+00 1.859453862740169772e+00
1.793228302019488574e+00 1.865197532580190609e+00
1.791576929850062783e+00 1.875536284191229752e+00
1.798416103885713158e+00 1.884484894851750303e+00
1.802403194618181104e+00 1.894229118718925076e+00
1.806623520185340004e+00 1.903848112552505967e+00
1.810437722438793529e+00 1.909753993555082463e+00
1.814073821349363458e+00 1.920374436007203922e+00
1.817822056032871725e+00 1.921383940953981906e+00
1.821689528795081392e+00 1.921932866994056743e+00
1.825778558712211508e+00 1.922849939852142587e+00
1.830021834803378988e+00 1.924287708370148842e+00
1.834180931605048137e+00 1.926542503388990024e+00
1.838051541800763244e+00 1.929461772860264546e+00
1.842002598726366180e+00 1.935832473361199124e+00
1.845950675130007657e+00 1.941601492122067896e+00
1.849692347857880836e+00 1.947463099312673362e+00
1.853451131875990310e+00 1.953861419534165922e+00
1.856858739482963427e+00 1.960639843148339390e+00
1.859775676289127544e+00 1.968732434071220228e+00
1.862558545199398896e+00 1.977207504306424113e+00
1.865123218781629788e+00 1.986107629877863934e+00
1.867528812686720663e+00 1.995647105953116229e+00
1.869805665622294555e+00 2.005273413610099364e+00
1.871751412524083058e+00 2.015921350505519793e+00
1.873555040346684519e+00 2.026522552147923317e+00
1.875114641236486968e+00 2.037123218230754595e+00
1.876493067288341310e+00 2.047826769980635842e+00
1.877633675908011668e+00 2.058744558257171064e+00
1.878738939634203575e+00 2.069530731537492674e+00
1.879633552867607360e+00 2.080500795623525523e+00
1.880601864477945417e+00 2.091345501758740788e+00
1.881559091136294048e+00 2.102052882275457169e+00
1.882457153925692239e+00 2.112522816937567161e+00
1.883323520032934573e+00 2.122737863342249121e+00
1.883941753557618615e+00 2.132768087769018717e+00
1.884409632686499636e+00 2.142569349934363654e+00
1.884864941986516440e+00 2.152003030460244659e+00
1.885135702721967066e+00 2.161163651789884899e+00
1.885482329685706393e+00 2.169969674935607440e+00
1.885663191827166685e+00 2.178516335676401905e+00
1.885891353511349511e+00 2.186544094279615269e+00
1.886159484798899610e+00 2.194173790798459756e+00
1.886420947295359252e+00 2.201422633344847668e+00
1.886708594388452731e+00 2.208338410468713597e+00
1.915696809071024687e+00 2.101468313676154498e+00
1.916638156979743712e+00 2.087195788705758837e+00
1.916498167136021058e+00 2.074764167066429188e+00
1.915975942399267717e+00 2.053559071665138180e+00
1.914162377991811326e+00 2.035154250945455878e+00
1.912123530389216342e+00 2.013808782317075163e+00
1.910161444118260388e+00 1.992281553059148003e+00
1.903699148249480277e+00 1.982517624561778158e+00
1.897447295032840042e+00 1.971976795285989681e+00
1.890577178279040149e+00 1.961002044555417489e+00
1.883391052502114249e+00 1.950648402818319971e+00
1.876004911124191876e+00 1.940013227169690602e+00
1.871060638109022234e+00 1.928587533559070089e+00
1.866187920030110803e+00 1.918955082710377846e+00
1.861330579120295203e+00 1.909597688865606102e+00
1.856491426214655238e+00 1.900752537693216171e+00
1.857387538134014804e+00 1.879029572306964324e+00
1.852693508982061976e+00 1.872833627128412726e+00
1.854125018135907910e+00 1.851598350050612352e+00
1.849898245722841228e+00 1.847367376888845669e+00
1.845760434975215691e+00 1.842824267078835732e+00
1.841823342383678952e+00 1.837979757991009766e+00
1.843641748833878768e+00 1.821265621580657301e+00
1.845987340814236433e+00 1.805564945404130262e+00
1.848706639619013270e+00 1.790763752176540491e+00
1.850180862303997920e+00 1.777019617150334962e+00
1.851379786133551031e+00 1.764055892033183026e+00
1.849275919767396248e+00 1.763528464367386528e+00
1.851741864125854065e+00 1.749661927974553333e+00
1.854195047891818326e+00 1.736270948999067754e+00
1.855543604730525598e+00 1.724674293359542032e+00
1.856546422931453222e+00 1.713897282782845144e+00
1.858208336297631158e+00 1.702868560822751398e+00
1.859409034860694643e+00 1.692689254555584721e+00
1.860675590961847758e+00 1.683872917864038143e+00
1.855923001782312065e+00 1.687156803065629873e+00
1.852367648863454619e+00 1.689858484516865600e+00
1.848805924950434054e+00 1.692774848515439690e+00
1.845354200746774254e+00 1.695484654878257391e+00
1.841878918924111375e+00 1.698323397841161375e+00
1.837573250799153790e+00 1.701760880033839296e+00
1.833712874040122065e+00 1.704746494121280209e+00
1.829984521514360196e+00 1.706391283138237958e+00
1.826394887077056550e+00 1.707479044030207227e+00
1.822848462270100001e+00 1.708393273165167869e+00
1.819349959871234601e+00 1.709168864795032050e+00
1.815900294195120557e+00 1.709902707368603503e+00
1.812503434522645840e+00 1.710540387607262902e+00
1.809133275041626465e+00 1.712912822201706264e+00
1.805782668985187689e+00 1.715516981677862152e+00
1.802471869181442088e+00 1.718191885747794911e+00
1.799185659022772166e+00 1.721046238292730068e+00
1.795995892901083746e+00 1.723883659437185134e+00
1.792881034001247098e+00 1.725078592795187715e+00
1.789813356063009397e+00 1.725841941346347719e+00
1.786815114240121627e+00 1.727728215271477907e+00
1.783874161568882455e+00 1.729677898652965062e+00
1.781004249858001875e+00 1.731562126459242013e+00
1.778205229127529874e+00 1.733460703335184094e+00
1.775477821321205463e+00 1.735423627525843226e+00
1.771404948516863920e+00 1.738282805968800471e+00
1.767292188498222227e+00 1.741400122912394988e+00
1.764265155968594012e+00 1.743337785963576358e+00
1.763065201994435949e+00 1.741525995305525321e+00
1.762112678118902265e+00 1.739301275673386549e+00
1.767529283571089627e+00 1.728766498254083794e+00
1.772360822199440245e+00 1.720560482395963042e+00
1.774777484943126149e+00 1.714109995056165126e+00
1.776956838944240058e+00 1.708795411989797453e+00
1.778312916694560597e+00 1.704790400940749961e+00
1.779005129062809054e+00 1.702494731434296193e+00
1.779669942729089405e+00 1.702770801431007452e+00
1.784409039022249344e+00 1.705285177856290302e+00
1.793418350146612994e+00 1.713514433853827734e+00
1.802283413125504774e+00 1.723953872052345959e+00
1.808468183651194661e+00 1.736068682270557328e+00
1.813558404733114360e+00 1.749705696639101804e+00
1.818666006204275432e+00 1.756700096419460566e+00
1.823276038875501381e+00 1.762875368666710685e+00
1.828128263795151032e+00 1.769754791264047000e+00
1.833543287793191645e+00 1.773740682105245048e+00
1.839023200380049072e+00 1.780048270135178301e+00
1.844177557772581855e+00 1.786397002958472591e+00
1.849042013527725459e+00 1.794425121715075289e+00
1.853660470426406581e+00 1.802970802288271557e+00
1.858088545503751021e+00 1.820259830603447204e+00
1.862064581298093824e+00 1.837526364727574135e+00
1.865797036810400655e+00 1.853951123044363047e+00
1.869036420596721815e+00 1.870560960526775229e+00
1.871905255103028187e+00 1.881396062260134006e+00
1.874416632670437011e+00 1.892630630399931402e+00
1.876678993102829818e+00 1.904587839280488915e+00
1.878607531544545628e+00 1.916961854424721112e+00
1.880246686463005634e+00 1.929622503832737923e+00
1.881469439683072009e+00 1.942600645250722291e+00
1.882491457748005637e+00 1.955661111158987886e+00
1.883424146010824085e+00 1.968847265760999221e+00
1.884311480792749904e+00 1.982032493834217757e+00
1.885136532479882332e+00 1.995161877499771030e+00
1.885770811993705109e+00 2.008331342155005306e+00
1.886456819987263778e+00 2.021427127366479226e+00
1.887001448882484889e+00 2.034380337562641916e+00
1.887562443398722367e+00 2.047181696910381543e+00
1.888048283742589817e+00 2.059421026500202423e+00
1.888257943348359724e+00 2.071536462595238159e+00
1.888389496920051869e+00 2.082724302742163580e+00
1.888665200894957596e+00 2.093213109906722824e+00
1.889022434611261181e+00 2.102320045526844261e+00
1.889389333959446304e+00 2.109624401528604309e+00
1.907883022510366455e+00 2.077400216493837437e+00
1.881259694345525091e+00 1.972937057619103207e+00
1.878066512986958037e+00 1.954909096513946176e+00
1.873124275472871636e+00 1.941018623191335557e+00
1.869197766095253677e+00 1.926620763730790387e+00
1.865879010464323251e+00 1.912608163868777966e+00
1.864565831155400977e+00 1.897875762995567595e+00
1.863915000096851626e+00 1.882589239936739656e+00
1.863322768073899516e+00 1.866963990419972408e+00
1.863157038118820275e+00 1.851906800997327629e+00
1.863194889345610061e+00 1.833488253165073356e+00
1.863294095763775138e+00 1.815452803907973367e+00
1.863356167223884752e+00 1.797944789670967936e+00
1.863373620852601054e+00 1.780964014234376558e+00
1.863338834516248266e+00 1.764371932607809335e+00
1.859047472967581882e+00 1.759190702530256667e+00
1.859289158657877916e+00 1.743398560390489349e+00
1.859455655952533704e+00 1.728262297034524941e+00
1.853596824048233227e+00 1.727994063687303683e+00
1.848807248341886922e+00 1.724920508683966958e+00
1.849026346155417944e+00 1.710287274620605924e+00
1.849205287263498088e+00 1.696390201824905741e+00
1.849355628875894775e+00 1.682860827934667070e+00
1.849458404810364831e+00 1.670183027146515897e+00
1.843435647225192708e+00 1.671942365151953602e+00
1.843590331503708990e+00 1.659737930493947689e+00
1.843443730131141489e+00 1.648987717990499036e+00
1.843289464780436537e+00 1.638780538321086500e+00
1.843100213414719857e+00 1.629241369176516407e+00
1.837050514792036626e+00 1.633720872706709404e+00
1.836909066323254569e+00 1.628744254278759573e+00
1.836779059712685847e+00 1.619916099488021510e+00
1.836585138431068298e+00 1.611136464840625671e+00
1.830307354665084318e+00 1.615543402845734056e+00
1.824127297767070166e+00 1.619071718937787230e+00
1.819238537652988263e+00 1.620270953705038153e+00
1.814137517025123714e+00 1.622506679885978409e+00
1.814544805498870872e+00 1.613895498861471101e+00
1.810613700129995340e+00 1.614279083850077567e+00
1.805939621339450296e+00 1.616726118114167443e+00
1.806846077116971871e+00 1.608625107269241017e+00
1.807654852200741846e+00 1.600797627082993113e+00
1.808461912966681906e+00 1.593240180097120096e+00
1.804827293371263242e+00 1.593833013612892646e+00
1.801298882262738932e+00 1.594646111170350933e+00
1.797894736714043429e+00 1.595462249155473078e+00
1.794521174574962075e+00 1.596058096894196865e+00
1.791245231729340137e+00 1.596691106945757221e+00
1.787985072768998984e+00 1.597486566569103150e+00
1.784799566968162443e+00 1.598589357582875126e+00
1.781581110134889290e+00 1.599855990081773038e+00
1.780877178108114967e+00 1.597955364016678370e+00
1.778315824973614845e+00 1.599206860006243236e+00
1.776941592823868543e+00 1.597453995847439634e+00
1.775824064052460516e+00 1.594899912922187024e+00
1.774949835331648407e+00 1.596032599938475460e+00
1.773545786313923900e+00 1.597943352673318662e+00
1.772354091164971779e+00 1.603632350641993165e+00
1.772697030789559092e+00 1.609446640636193582e+00
1.773828504595115430e+00 1.615980572514548852e+00
1.775595401003251972e+00 1.623224569809207818e+00
1.776685871673404193e+00 1.632645837890072338e+00
1.777240464840060818e+00 1.642900848668201297e+00
1.777808991006605943e+00 1.654052485296842567e+00
1.782400240693392757e+00 1.665408463788740301e+00
1.786052159695900032e+00 1.678972673368089863e+00
1.789592532890935450e+00 1.687849472240510407e+00
1.793179375972116185e+00 1.706588926469313261e+00
1.796702517144216360e+00 1.713868829002796357e+00
1.800239514652765660e+00 1.724515747536830679e+00
1.803497079405581349e+00 1.735425760837945308e+00
1.806549291237898647e+00 1.746593300811061011e+00
1.809418144828180974e+00 1.757670352754998611e+00
1.812171192856612212e+00 1.766925225207668593e+00
1.814779148498304462e+00 1.778780460032916011e+00
1.817343384651590732e+00 1.789623589470295428e+00
1.819860760324194748e+00 1.801893919590170645e+00
1.822281334977900791e+00 1.814360276941542116e+00
1.824670007011671924e+00 1.826007929022626985e+00
1.826930179096440066e+00 1.838758261330478927e+00
1.827526166630818683e+00 1.863770172169588069e+00
1.829172938331383502e+00 1.887342160649688738e+00
1.830895493155562992e+00 1.902583692691366846e+00
1.832420015646413880e+00 1.917026954975855846e+00
1.833908198329571526e+00 1.931413895877962972e+00
1.835440657631213668e+00 1.945986091810073315e+00
1.836942832523628777e+00 1.960559790882963505e+00
1.838202157070930820e+00 1.975002831149924365e+00
1.839428338879069535e+00 1.989571615722131925e+00
1.840656630149794637e+00 2.004102037156835880e+00
1.841866226050358879e+00 2.018505290621311232e+00
1.843057092747918624e+00 2.032877646124430449e+00
1.844259678577393924e+00 2.046924854461071419e+00
1.845426510436779077e+00 2.060782967039370916e+00
1.846451127619300969e+00 2.074271752241805711e+00
1.847331881470938741e+00 2.087605486459437998e+00
1.848027640298074870e+00 2.099653457726958106e+00
1.848809978084909211e+00 2.111655379112217013e+00
1.849558390704502342e+00 2.123305907590322228e+00
1.850224573392859728e+00 2.134061697931762147e+00
1.850732329584994673e+00 2.143676611398729559e+00
1.851116571036289571e+00 2.151661773342478767e+00
1.849436423048518963e+00 1.973589307293385220e+00
1.842707310538345356e+00 1.962452490515339321e+00
1.835963893762618593e+00 1.949567280574052930e+00
1.835140849249574435e+00 1.934915773873991718e+00
1.837434320925130038e+00 1.917763274100964033e+00
1.839941782699781481e+00 1.896937214944721228e+00
1.842690994706006391e+00 1.876755807354186345e+00
1.844980626060562123e+00 1.858363806764698367e+00
1.843195418447855838e+00 1.854187547780557388e+00
1.840403626404963910e+00 1.853812797906427612e+00
1.837883745950549486e+00 1.852779220636709301e+00
1.834777497641663979e+00 1.852823885231742462e+00
1.832600264190380468e+00 1.852183612468135454e+00
1.836801771583379983e+00 1.835705290087576547e+00
1.842001691450369405e+00 1.818041353762110957e+00
1.842486009925995649e+00 1.816007191474812599e+00
1.842170793762323067e+00 1.815237463204872004e+00
1.841717785304715527e+00 1.814571341050648323e+00
1.848487299859526312e+00 1.795387149264001891e+00
1.855075977380285845e+00 1.777075736030637954e+00
1.861486446628149105e+00 1.759592603745816719e+00
1.867709422889090476e+00 1.742953221872672653e+00
1.873776423431213978e+00 1.727082864711904087e+00
1.879686251383130280e+00 1.711910004256694373e+00
1.884808385273304188e+00 1.698316387668236782e+00
1.890054195856042618e+00 1.686022258315583722e+00
1.895303964120557350e+00 1.674590764666776144e+00
1.900220227740129442e+00 1.663893916103591053e+00
1.904820537427517557e+00 1.653904769155627896e+00
1.909618220701436719e+00 1.644561532110507374e+00
1.914468630892226741e+00 1.635715070079451605e+00
1.913540925346297605e+00 1.640079374394086686e+00
1.912316759513454034e+00 1.644452079916342013e+00
1.910472247291900683e+00 1.649080533488114231e+00
1.908553154216293679e+00 1.653599980032203431e+00
1.906513647257323862e+00 1.658044712319173497e+00
1.909201477972230387e+00 1.647481952177519249e+00
1.912195475126029720e+00 1.637303467312313243e+00
1.914602604062335178e+00 1.629502082335698709e+00
1.911632842305758251e+00 1.634517950823073162e+00
1.908324010458533726e+00 1.639446326816533128e+00
1.904799982962419147e+00 1.644436049880023010e+00
1.901174282517476222e+00 1.649471531872691354e+00
1.897536722525484443e+00 1.654369900279855532e+00
1.900973705771906719e+00 1.644739516120851119e+00
1.897151209768519475e+00 1.648071238076653122e+00
1.893360250966149128e+00 1.651597910711856354e+00
1.882881141643595102e+00 1.655776447968090093e+00
1.875475212282116555e+00 1.653333331282567098e+00
1.868926991070268162e+00 1.653771541689930347e+00
1.864361335728670133e+00 1.654399394736074003e+00
1.860550081547133638e+00 1.656509083592146103e+00
1.857860460235180255e+00 1.661763490516875663e+00
1.855536350229244125e+00 1.668581389532437065e+00
1.854163474321396832e+00 1.675219994909202814e+00
1.852550755641542590e+00 1.680273230222336212e+00
1.850148414099933802e+00 1.687812671678483367e+00
1.848449213872004115e+00 1.696876255872257433e+00
1.851464298936836173e+00 1.707734955534570664e+00
1.853535697238738233e+00 1.716413041443465293e+00
1.855655464369752483e+00 1.725731607685003333e+00
1.857909284925418181e+00 1.729726550090036286e+00
1.860162992025282014e+00 1.736627322427852782e+00
1.862435899496843295e+00 1.743163556842202810e+00
1.865637880961299233e+00 1.749541630794856362e+00
1.868765507792773617e+00 1.757546350952942094e+00
1.871981916556823222e+00 1.765935925672260653e+00
1.874961230852139948e+00 1.774371160158431326e+00
1.877165985557732286e+00 1.783603550878197108e+00
1.879349635524083073e+00 1.793496155198679887e+00
1.881582292024878811e+00 1.803977471847516334e+00
1.883274128914466106e+00 1.821021883697714117e+00
1.884990603099602424e+00 1.834227557709953382e+00
1.886936793618045449e+00 1.846786079518036416e+00
1.888568579869562614e+00 1.860864529187795879e+00
1.890142045852555741e+00 1.875058269474124684e+00
1.890682686246952349e+00 1.889800105515272222e+00
1.891461178080445560e+00 1.904674388474159041e+00
1.892329378726611111e+00 1.919555926426898873e+00
1.893194480581238848e+00 1.934527003264645995e+00
1.893276333260263566e+00 1.949685215945081485e+00
1.892836886012146058e+00 1.965146674955745798e+00
1.892409025128711786e+00 1.980819607580605712e+00
1.892233435886102821e+00 1.996492806991613245e+00
1.892207547175443594e+00 2.011841499654162035e+00
1.892259058878819289e+00 2.026949514681938069e+00
1.891648081619672128e+00 2.042108593219920554e+00
1.891640612802293120e+00 2.056885517042893685e+00
1.890684347752573879e+00 2.071636317495906709e+00
1.889524194996167639e+00 2.086089269536651081e+00
1.888989985985833009e+00 2.099990612718791727e+00
1.888073309942886802e+00 2.113645797120181857e+00
1.887342516978212537e+00 2.126882229305372629e+00
1.886315713772328539e+00 2.139789574657663618e+00
1.885389714900387759e+00 2.152230754131643664e+00
1.884853125282782260e+00 2.164078068902835383e+00
1.884531434823638829e+00 2.175474672301840773e+00
1.883643139095779517e+00 2.186733894231416286e+00
1.883076276430684093e+00 2.197397985420248112e+00
1.882062218402410503e+00 2.207555147805876583e+00
1.880807034707665082e+00 2.217157563578305179e+00
1.880148516691329208e+00 2.224652771891072245e+00
1.879159703021476613e+00 2.226613494832832441e+00
1.878108551555867756e+00 2.226515990087727825e+00
1.891976697745537894e+00 2.039944042696243631e+00
1.891749610805880444e+00 2.017502770902333431e+00
1.888988281014633674e+00 1.998383551282424397e+00
1.887142069568006342e+00 1.977947477302555601e+00
1.884903427732359749e+00 1.956181229471246175e+00
1.882663096874794384e+00 1.934737190342989965e+00
1.880345313232066662e+00 1.913700961589660965e+00
1.877857510766867799e+00 1.893118870522864761e+00
1.875381457385400186e+00 1.871375320793536634e+00
1.872679725456886768e+00 1.849290043985439169e+00
1.869534299853199855e+00 1.828661793006642666e+00
1.866261236212656938e+00 1.807853285331757931e+00
1.862899252626484037e+00 1.788758819643694986e+00
1.859644738867361591e+00 1.770572974000471644e+00
1.856339185106639977e+00 1.752711972734924739e+00
1.846311525924086316e+00 1.754974541400555976e+00
1.843484348767907344e+00 1.736180210592554340e+00
1.841032525449803003e+00 1.717883031649411807e+00
1.838815463931995797e+00 1.700440102359949801e+00
1.831942843793467945e+00 1.695961471378749863e+00
1.825812076893096547e+00 1.692497021706923510e+00
1.819282685315382286e+00 1.690572834972137173e+00
1.812806635196658078e+00 1.689055679152583034e+00
1.806968406369633184e+00 1.686173214228016359e+00
1.801155048020578242e+00 1.684001008188370285e+00
1.795826435985935055e+00 1.680789191651128611e+00
1.790452719269118420e+00 1.680147580794920659e+00
1.785077053475965014e+00 1.678631809770508632e+00
1.779554465185831047e+00 1.677859166494973575e+00
1.774119838779686154e+00 1.677873239819031026e+00
1.768581763303743060e+00 1.677708114479982582e+00
1.762993575653174272e+00 1.678574485721123555e+00
1.757570734621523467e+00 1.679398020895540355e+00
1.752250210324828750e+00 1.680323875764198061e+00
1.747829774886576315e+00 1.680438206010245850e+00
1.743529623561010711e+00 1.680402067749903416e+00
1.739521171266368960e+00 1.680782168195215975e+00
1.734977948240949308e+00 1.681819173760976227e+00
1.729424147751158714e+00 1.683828207497479967e+00
1.725553695661204312e+00 1.683956120136827384e+00
1.721761695150379579e+00 1.684035470256086908e+00
1.716852533756649590e+00 1.685184815907742273e+00
1.712297580266925356e+00 1.685634501594253987e+00
1.707560427080579313e+00 1.686595223298962498e+00
1.702985021553277356e+00 1.687514476288232368e+00
1.706353952047636069e+00 1.674478390552165630e+00
1.703812653918570508e+00 1.669353482472934358e+00
1.701506894332246667e+00 1.665248569694136149e+00
1.697290551710681106e+00 1.664935570675584176e+00
1.694359352200700330e+00 1.664448267083047162e+00
1.691448736426182320e+00 1.665971753501029218e+00
1.688524595897724634e+00 1.668562085681040807e+00
1.691890713667651758e+00 1.664616386561335259e+00
1.695066053948015350e+00 1.660896519142726513e+00
1.697917416463126328e+00 1.658307758650453101e+00
1.700471313378346450e+00 1.656711291102804129e+00
1.702821583007998463e+00 1.656767595854388375e+00
1.704916067734483898e+00 1.658397199913963727e+00
1.706506573864794207e+00 1.666359830511440654e+00
1.706824578565531159e+00 1.678708168984079929e+00
1.708565713300188360e+00 1.684734175765601361e+00
1.708754398701738175e+00 1.701127249974210720e+00
1.706726954852554101e+00 1.726896609603527422e+00
1.706014863284023519e+00 1.751102872279534539e+00
1.706135335426035793e+00 1.778591483207099033e+00
1.712868864398634505e+00 1.790099878839908065e+00
1.718428804095091689e+00 1.802756252977785190e+00
1.724163960108079818e+00 1.814295564906282188e+00
1.730588017812982216e+00 1.824451279476244192e+00
1.737549763654441470e+00 1.831850972099303032e+00
1.744431972341713433e+00 1.839269008920938697e+00
1.751068514317509095e+00 1.846366092375467671e+00
1.757564529051669489e+00 1.853730303424257597e+00
1.763841131864106959e+00 1.861335265875331046e+00
1.769603253599834503e+00 1.869026020004816324e+00
1.775137484317898640e+00 1.880196721464574949e+00
1.780249731105847610e+00 1.890259673825666731e+00
1.785137530087735902e+00 1.900481971392519620e+00
1.789734342089781549e+00 1.912345631890611131e+00
1.794145730483580170e+00 1.923381923476536803e+00
1.798501398565186093e+00 1.934527754219673046e+00
1.802596245632146488e+00 1.946845108622764720e+00
1.806420123353579488e+00 1.958286578717610027e+00
1.810093376663597153e+00 1.971312850729209476e+00
1.813560039504570565e+00 1.983347210150823825e+00
1.816816739009433856e+00 1.995182930769382468e+00
1.819878031293436393e+00 2.009449605757962498e+00
1.822770545802059550e+00 2.023380313366875072e+00
1.825436736199480325e+00 2.035680264672339757e+00
1.827844471086202072e+00 2.048897710685753104e+00
1.830228075518441688e+00 2.060399475803360136e+00
1.832551290671921462e+00 2.071624996982843303e+00
1.834663632605782579e+00 2.084368862392935728e+00
1.836648948219375299e+00 2.096538646916543680e+00
1.838547824040773770e+00 2.109503907622148233e+00
1.840365857044490516e+00 2.120291121808910439e+00
1.842128970190552995e+00 2.131228732877219922e+00
1.843747332548026918e+00 2.142148850070266786e+00
1.845291096462470026e+00 2.152509267263912118e+00
1.846732594938305327e+00 2.162547834106249400e+00
1.847981492798237868e+00 2.172284005774852034e+00
1.849191683104450590e+00 2.181680691283709006e+00
1.880983718031084440e+00 2.262230491837468715e+00
1.877984861859329335e+00 2.249301834497723807e+00
1.875353831896904300e+00 2.234272765765655144e+00
1.873459957917599894e+00 2.216791281503740496e+00
1.869656875191124890e+00 2.200963533817650752e+00
1.865438390910850730e+00 2.184680163019548260e+00
1.861613833564119469e+00 2.169644862460573087e+00
1.856437199166400376e+00 2.154319234685821982e+00
1.850495964892978851e+00 2.138433082795325291e+00
1.844913707187894714e+00 2.124208945200044774e+00
1.846639309348392599e+00 2.104457221272105105e+00
1.855261002246092472e+00 2.082793085373837449e+00
1.863847431227246165e+00 2.062168638658901543e+00
1.872323081456878535e+00 2.041465811677832143e+00
1.876828239505190732e+00 2.034159158584455174e+00
1.884722169599432950e+00 2.014663120859140566e+00
1.892369046077556627e+00 1.995137467158723643e+00
1.899726545740422656e+00 1.975878477712527559e+00
1.906176774906755966e+00 1.957042542016534270e+00
1.912345451081604253e+00 1.938505709867806015e+00
1.918290518330558081e+00 1.920500074046121775e+00
1.922704712315522979e+00 1.903503785506651003e+00
1.927161600738595215e+00 1.887117435220847517e+00
1.930940806063921711e+00 1.871560905614940040e+00
1.934835800168658082e+00 1.856766243093645796e+00
1.938508122431294778e+00 1.842753311205876487e+00
1.941952367092136367e+00 1.829598929687798137e+00
1.945205683307092537e+00 1.817206871430834481e+00
1.948283587508489623e+00 1.805566660983068283e+00
1.950969649459901367e+00 1.794555500484827260e+00
1.953165794368328712e+00 1.784370147057180667e+00
1.955231947648418123e+00 1.774884162789027719e+00
1.957192594652100492e+00 1.765998923183435432e+00
1.958868781970843909e+00 1.757713448714228299e+00
1.960481044236008774e+00 1.749974905034714423e+00
1.962121195424439524e+00 1.742729703832291310e+00
1.963656089765387858e+00 1.735946540517318004e+00
1.965054433204775020e+00 1.729558719918136145e+00
1.966354491722060782e+00 1.723635651822875259e+00
1.967574480529095116e+00 1.718110326599840532e+00
1.968728390209645518e+00 1.712979681302709167e+00
1.969802924071605510e+00 1.708246110485234892e+00
1.970814142309156303e+00 1.703892805943785671e+00
1.971778712328657424e+00 1.699841241987883667e+00
1.972683279595988104e+00 1.696115503265631652e+00
1.973536943263985322e+00 1.692675797036695462e+00
1.974316828275210156e+00 1.689496890862690837e+00
1.975069442129168573e+00 1.686569255003881551e+00
1.975718077049387178e+00 1.683919471800134238e+00
1.976274737001127102e+00 1.681488448636073718e+00
1.976831359909127617e+00 1.679226985911653092e+00
1.977349317664804706e+00 1.677138149952045909e+00
1.977835498957534188e+00 1.675142001124701352e+00
1.978324963239075807e+00 1.673345911952220044e+00
1.978828897433772216e+00 1.671704849200016829e+00
1.979290207222719644e+00 1.670180624758810239e+00
1.979683445441110967e+00 1.668786228510316105e+00
1.980046018923465656e+00 1.667445634471839133e+00
1.980375667082065361e+00 1.666172031797610309e+00
1.980533740538950482e+00 1.665055380325271894e+00
1.980549528115864710e+00 1.664261940337356194e+00
1.980491507410621965e+00 1.663671878662895454e+00
1.980423244494107671e+00 1.663205535114250289e+00
1.980397626622604879e+00 1.662794351757439948e+00
1.980404710789746670e+00 1.662409726363773377e+00
1.980355300153178177e+00 1.662141190081946718e+00
1.980244251236742414e+00 1.661969740655061312e+00
1.977139091587739372e+00 1.665691870255894269e+00
1.975999985788651880e+00 1.666332577871684428e+00
1.975231191618342264e+00 1.666631962383833487e+00
1.974687718353862032e+00 1.666677135477782068e+00
1.974404060903462099e+00 1.666518305081465812e+00
1.974184400040658760e+00 1.666527689366670062e+00
1.974299369853530273e+00 1.666124522491414739e+00
1.974521351897032373e+00 1.665873943151173986e+00
1.975598957710166470e+00 1.664430439988440869e+00
1.976679351811973628e+00 1.665415889922067461e+00
1.977751218472556083e+00 1.666676344288678724e+00
1.979654867263570983e+00 1.669867684794357210e+00
1.981662860138344584e+00 1.673096773100319457e+00
1.982010003830378952e+00 1.676801119688400954e+00
1.982516843857245359e+00 1.679774438836862949e+00
1.983298378931372508e+00 1.681709915983831571e+00
1.979458794889290107e+00 1.687764047124905131e+00
1.977403079180773071e+00 1.692872722783362649e+00
1.972610945465126830e+00 1.703663863998489125e+00
1.964692399669333955e+00 1.722539539576901202e+00
1.972163887831738238e+00 1.730684896964161057e+00
1.979397354045629775e+00 1.739268742250696720e+00
1.983671623384924532e+00 1.750454877709997081e+00
1.987856831983971562e+00 1.758035110961556846e+00
1.991897218904000288e+00 1.763931258241632438e+00
1.997187886492190811e+00 1.771232389730649892e+00
2.001757490064474343e+00 1.773046348173190179e+00
2.006017076208924887e+00 1.781279810141441100e+00
2.010342889289557178e+00 1.785469115691538100e+00
2.014829478292942788e+00 1.789183752314213560e+00
2.019028277917825243e+00 1.799267548618393109e+00
2.023010046999813571e+00 1.803227749347803943e+00
2.026652667891876369e+00 1.808639212811520736e+00
2.030002134885917187e+00 1.814397724325119254e+00
2.033034396248935227e+00 1.820635961760433297e+00
2.035806004407501035e+00 1.827729595839897359e+00
2.038213349296867705e+00 1.835665655539864050e+00
2.039989360704510979e+00 1.844237223149588933e+00
2.040892291925223478e+00 1.853035623686592137e+00
2.041188922401589778e+00 1.862114229383835751e+00
2.041162934069116197e+00 1.871537483810577829e+00
2.041077884650529306e+00 1.881559369120380465e+00
2.040738382433552989e+00 1.891877354405607115e+00
2.040402080668052953e+00 1.904592963271630746e+00
2.039969652304521208e+00 1.917961407676990859e+00
2.038950872538396908e+00 1.930145174129951791e+00
2.037844156582625299e+00 1.942456537922781612e+00
2.036146945671631237e+00 1.954721845226474741e+00
2.034760372559049291e+00 1.967293365805239169e+00
2.032165336651906351e+00 1.983857181885041898e+00
2.030813364936242316e+00 1.996257173796928797e+00
2.029431437660035087e+00 2.008558833304495916e+00
2.027968183952618020e+00 2.022151458494163112e+00
2.026669511739962015e+00 2.036345792337657556e+00
2.025332206975278826e+00 2.050361237968139072e+00
2.024011521286621207e+00 2.064344340234528730e+00
2.022691428791209667e+00 2.078162658698878840e+00
2.021337714470802016e+00 2.091802069319913304e+00
2.019969020592565556e+00 2.105134214596636966e+00
2.018403941179172989e+00 2.117058392578772708e+00
2.016187994391998028e+00 2.127483823019182374e+00
2.014088945589870061e+00 2.137717182955734874e+00
2.011946548061051221e+00 2.147595504739074013e+00
2.009880829092935972e+00 2.156911260579388312e+00
2.007805917550665509e+00 2.165899366362644241e+00
2.005957473367296906e+00 2.175658754877988432e+00
2.005120119923359479e+00 2.185715598186700692e+00
2.004266309069219876e+00 2.194453476363865896e+00
2.003352987169300992e+00 2.201389953715468195e+00
2.002667640452207465e+00 2.207380139411307951e+00
2.002071588449839012e+00 2.212286035638100223e+00
2.001438447759127826e+00 2.215366497421871195e+00
2.018885172573855247e+00 2.110109077726132654e+00
2.015537129634583202e+00 2.099249686960555028e+00
2.011486830972386564e+00 2.088833804075045375e+00
2.005507380603096301e+00 2.076562260846795738e+00
2.001383391415462398e+00 2.060434920264851311e+00
1.998429170498629226e+00 2.043815176194757832e+00
1.992756022175928843e+00 2.027887898496887775e+00
1.985160108546106361e+00 2.013839115100955812e+00
1.977601830789633253e+00 2.000280272891945099e+00
1.970774185703235482e+00 1.987348405453858824e+00
1.963997596053446149e+00 1.974510344760630476e+00
1.957663790574415641e+00 1.961136590326024054e+00
1.949339022347183370e+00 1.946438880884612921e+00
1.941033720768314152e+00 1.931909269465341028e+00
1.932724992304720946e+00 1.918038384053597945e+00
1.924602481172501101e+00 1.902775050107384569e+00
1.916484546713109527e+00 1.887953493823670392e+00
1.908479925741161543e+00 1.873586863367370903e+00
1.900692905133895882e+00 1.859639162120521938e+00
1.893574172165667147e+00 1.847025126959299879e+00
1.886697468680585743e+00 1.834747743326034630e+00
1.880091230007390202e+00 1.822812147751083245e+00
1.873813521724912112e+00 1.811158708241985549e+00
1.875276145749579459e+00 1.797365147503755978e+00
1.883685977656777366e+00 1.781909829356736585e+00
1.891898301255131809e+00 1.767076675093193439e+00
1.899887925894290008e+00 1.752882041883140340e+00
1.907643330799725367e+00 1.739392105306277525e+00
1.915183650269110416e+00 1.726545137997580914e+00
1.922507162489622390e+00 1.714339152923788578e+00
1.929603771431840809e+00 1.702801544355871499e+00
1.936465651012963640e+00 1.691906622582535658e+00
1.943104244046033768e+00 1.681592256150748810e+00
1.949520638030454389e+00 1.671855099950303014e+00
1.955661068828939086e+00 1.662741013481477070e+00
1.961581248429173696e+00 1.654181815440820769e+00
1.967329201626528246e+00 1.646040193140502650e+00
1.972890498743336440e+00 1.638336219258596405e+00
1.978219776817729203e+00 1.631126412078438559e+00
1.983347202834888412e+00 1.624325698686383213e+00
1.988265947313004878e+00 1.617796826997976778e+00
1.992967502686556536e+00 1.611670344128182109e+00
1.997467045199019076e+00 1.605932205519462030e+00
2.001763813545306636e+00 1.600497094502856044e+00
2.005861057036838702e+00 1.595301061151554345e+00
2.009710937609119785e+00 1.590471714885453913e+00
2.013243939552926687e+00 1.586011723474175295e+00
2.016599503995940790e+00 1.581876477247324386e+00
2.019693777999691076e+00 1.578122102187735409e+00
2.021893207636309420e+00 1.575548010060845439e+00
2.024068829701247463e+00 1.573101404695434358e+00
2.026203599767510521e+00 1.570785115063353832e+00
2.028245666410127157e+00 1.568546793197310496e+00
2.030149478993955814e+00 1.566504244221587516e+00
2.031923114864742974e+00 1.564601122306397363e+00
2.032221297025911699e+00 1.564663006565017334e+00
2.032934190342218006e+00 1.564087999050367772e+00
2.033771164518956454e+00 1.563083574452406088e+00
2.034712195612473629e+00 1.561787371462218132e+00
2.030305970734957555e+00 1.569184170030623271e+00
2.031585268721803672e+00 1.567255242333999155e+00
2.027149647528036169e+00 1.574718401484571428e+00
2.028504157459290802e+00 1.572353687107133746e+00
2.029657054528943849e+00 1.570201280415962630e+00
2.030748317102456735e+00 1.568277999817728086e+00
2.024515287685663800e+00 1.577121946452570533e+00
2.025396325164405820e+00 1.574835433338485524e+00
2.026236416664675133e+00 1.572832217674567712e+00
2.026916734318215063e+00 1.573410716827460476e+00
2.027339046074847495e+00 1.573946695797050932e+00
2.027576140324034437e+00 1.574727755207294688e+00
2.027472051288626176e+00 1.575456827675125515e+00
2.021207788742566791e+00 1.576244302272685749e+00
2.009022992205578451e+00 1.581905600124114297e+00
2.000078967580521727e+00 1.585801512755129705e+00
1.991743907222371268e+00 1.593052616416612555e+00
1.982921723512807599e+00 1.602609174847317242e+00
1.975722315093729975e+00 1.613029193351460666e+00
1.972850916919163256e+00 1.622398033334041534e+00
1.970137518799831788e+00 1.633872838191339882e+00
1.967542959587457174e+00 1.645727748138572810e+00
1.973233282034560165e+00 1.656102896205229991e+00
1.976712464065068842e+00 1.668531009349770056e+00
1.979749454253467933e+00 1.679532491591043453e+00
1.981963412839606420e+00 1.688974221291149158e+00
1.985348697201118506e+00 1.697764290657238551e+00
1.987867422037795428e+00 1.703920722212054484e+00
1.990341899579477269e+00 1.709781373865400411e+00
1.992980359502029675e+00 1.715468099516808342e+00
1.995800931740746353e+00 1.721090172742945512e+00
1.998371274673218512e+00 1.727324526598025933e+00
2.000508062230727191e+00 1.734200027802655697e+00
2.002202850780635757e+00 1.742971102511222670e+00
2.003620818696931760e+00 1.752929499285070580e+00
2.002830240004514373e+00 1.762485872717445279e+00
2.002974583333525072e+00 1.770267426591130011e+00
2.003236695058936423e+00 1.784523516675003751e+00
2.003502319168956713e+00 1.795902405132993485e+00
2.003547984013576144e+00 1.807700826352116819e+00
2.003363818833825860e+00 1.826812186656402659e+00
2.003027427232942692e+00 1.845748882927059631e+00
2.002475757009270385e+00 1.864455651890734478e+00
2.001746042128090153e+00 1.881642718202003017e+00
2.000918114853523999e+00 1.898964438033748925e+00
1.999993821630035473e+00 1.920736695781017911e+00
1.998835745621439841e+00 1.939198472086667069e+00
1.997581020034652211e+00 1.957224067985344096e+00
1.996127085580851057e+00 1.974808031257935914e+00
1.994638185978272693e+00 1.991909437117407089e+00
1.993004053745732751e+00 2.008690983760583748e+00
1.991382087325857642e+00 2.024971384069712332e+00
1.989703022681502675e+00 2.040792883738801411e+00
1.987991672561920442e+00 2.056157972134252443e+00
1.986286077773352643e+00 2.070965476587721454e+00
1.984587777852237611e+00 2.085261365110171017e+00
1.982909278184149526e+00 2.099084230513764027e+00
1.981278527759815944e+00 2.112386978493459910e+00
1.979677214637366678e+00 2.128159104423627657e+00
