1.855649122022555275e+00 2.317288120087405368e+00
1.857888212186840526e+00 2.304688276719619733e+00
1.860249881856598897e+00 2.293725957972756468e+00
1.862775350466780999e+00 2.290397707562239482e+00
1.865211190669368913e+00 2.287034183731683434e+00
1.867639057440872996e+00 2.285837294562053312e+00
1.870535603825445925e+00 2.286212175838107985e+00
1.873508791780837290e+00 2.286573360565765434e+00
1.876507572521948219e+00 2.287371769775692787e+00
1.880644657004976406e+00 2.294364763447601430e+00
1.884630044511480973e+00 2.285802951079118905e+00
1.888568470000826061e+00 2.277197783125767039e+00
1.892658229433469064e+00 2.268345515775483268e+00
1.896526520835837282e+00 2.259471610361392990e+00
1.899348274174154083e+00 2.260846224847602670e+00
1.902087842918879446e+00 2.262177317171838453e+00
1.904772062837313040e+00 2.263273015143476119e+00
1.907353357924338688e+00 2.264389994337283607e+00
1.911654186768879438e+00 2.265577461120763747e+00
1.914986687976234947e+00 2.267585593082349416e+00
1.917380356047915235e+00 2.269446751910505711e+00
1.920691488711685935e+00 2.270510821954055736e+00
1.923173018753259189e+00 2.271975061767646409e+00
1.925128602452654158e+00 2.273424057861145986e+00
1.918243110920058614e+00 2.286068240884270519e+00
1.919578509781957987e+00 2.288010212090826112e+00
1.920680561098741634e+00 2.290052614838166356e+00
1.921646494784009063e+00 2.292257034131925053e+00
1.922552066816252569e+00 2.294422885760055486e+00
1.923387009221769972e+00 2.296532862379200512e+00
1.924213926064201052e+00 2.298642617921882181e+00
1.925027682416573516e+00 2.300739327327201877e+00
1.925817880209880428e+00 2.301924684456210457e+00
1.926592823745246541e+00 2.303570895818995989e+00
1.927267428818005612e+00 2.305332623301034278e+00
1.927873714288964146e+00 2.307085626365402042e+00
1.928448702968505568e+00 2.308365572016622735e+00
1.929012889736654079e+00 2.309926171251079463e+00
1.929545634467431103e+00 2.311524915872404939e+00
1.930058870535177107e+00 2.313054865345606448e+00
1.930547261516960100e+00 2.314625327759789908e+00
1.931001630777254396e+00 2.316129845730641623e+00
1.931425822889284216e+00 2.317002125692348535e+00
1.931820957584553744e+00 2.318112067851163527e+00
1.932183337630782649e+00 2.319224704149206229e+00
1.932536515728570103e+00 2.320433182946255002e+00
1.932772284685028596e+00 2.321697331367320594e+00
1.932918653407160958e+00 2.323229992692308787e+00
1.933036088766282079e+00 2.324826159199909092e+00
1.932979208075293664e+00 2.326463102290590168e+00
1.932779856815009634e+00 2.328262382610299941e+00
1.932479106095000176e+00 2.330282231219075406e+00
1.931953511302580972e+00 2.332259961153130945e+00
1.931383114797915690e+00 2.334113101565556292e+00
1.930669650321040098e+00 2.335867399619340645e+00
1.929722576842086923e+00 2.337707804026658120e+00
1.928512799222712903e+00 2.338950349166710740e+00
1.920665344877675151e+00 2.353286147587827948e+00
1.913173347464349749e+00 2.360245826294017135e+00
1.905944450773276344e+00 2.366448964866005422e+00
1.899503706807469383e+00 2.373124451702402826e+00
1.893973731014316320e+00 2.380711520587010632e+00
1.888837972504738616e+00 2.387600279036612871e+00
1.888166391741024963e+00 2.386025271703829276e+00
1.886456396636208677e+00 2.378685584874663306e+00
1.884376265684246876e+00 2.376713314829053125e+00
1.882679228893788581e+00 2.373517147055649534e+00
1.881670228698696823e+00 2.371479382854272622e+00
1.878704789036623524e+00 2.382049524248004868e+00
1.875879483344314202e+00 2.392431271144693561e+00
1.873193358440032874e+00 2.402710284235705984e+00
1.870629368412840776e+00 2.413246542136494366e+00
1.868131214425119424e+00 2.423690612042970205e+00
1.865704443553168890e+00 2.434005161519462668e+00
1.863349368482774659e+00 2.444225339618155690e+00
1.860988813685473753e+00 2.454483821453592007e+00
1.860414755912622287e+00 2.454126045316076254e+00
1.859794624649365513e+00 2.453981696875729313e+00
1.859113972197221853e+00 2.454052339682107231e+00
1.858368320417689956e+00 2.454268440987251498e+00
1.857634784062546229e+00 2.454397055017368601e+00
1.857005963289757977e+00 2.454476413544812718e+00
1.856384228363699762e+00 2.454573240225570441e+00
1.855828279382181201e+00 2.454705451696311602e+00
1.930716841231063574e+00 2.309290425329749041e+00
1.935806376811592955e+00 2.296719969377944537e+00
1.940151848568482995e+00 2.284994756626467005e+00
1.946227957421354127e+00 2.262715344471859513e+00
1.950223142013419952e+00 2.254589762050354995e+00
1.954104345717234015e+00 2.251869317006126359e+00
1.957899395191483150e+00 2.249202078876957334e+00
1.961553172210195761e+00 2.246530272439684950e+00
1.965110899716702608e+00 2.243866559713920239e+00
1.968459478521155326e+00 2.241067968948089906e+00
1.971728364310946668e+00 2.238286830030155272e+00
1.974886461823281092e+00 2.235575676480019425e+00
1.977956267174709515e+00 2.232929008928933534e+00
1.980917479653660163e+00 2.230361602313914116e+00
1.983782691472382842e+00 2.227871066204791806e+00
1.986536294147283055e+00 2.225414690197979883e+00
1.989206234319590427e+00 2.222990639937152846e+00
1.991815662236457563e+00 2.220709765087711673e+00
1.994337469313098854e+00 2.218497523942882577e+00
1.996783906053063440e+00 2.216385747667273254e+00
1.999095315203970324e+00 2.214323651282450456e+00
2.001311837626174484e+00 2.212345563957502481e+00
2.003414300560009575e+00 2.210401648578188993e+00
2.005407848857263087e+00 2.208418844030255457e+00
2.007287855307568591e+00 2.206591168690109406e+00
2.009063403641861090e+00 2.204804013247070760e+00
2.010708965257953285e+00 2.203101580685683292e+00
2.012192197649963710e+00 2.201598342658286800e+00
2.013568914499602069e+00 2.200211213591630965e+00
2.014918512642404735e+00 2.198790385071524689e+00
2.016233049190547355e+00 2.197412449359390507e+00
2.017376917449762441e+00 2.196233437442404846e+00
2.018521090160347864e+00 2.195113039358671969e+00
2.019636470018139285e+00 2.194014984992416206e+00
2.020691422233105161e+00 2.192997835269896445e+00
2.021672690862934108e+00 2.192018255267588867e+00
2.022598506314041256e+00 2.191155655030891047e+00
2.023412303390675238e+00 2.190338783326106320e+00
2.024199991258296638e+00 2.189610970440940108e+00
2.024957701312200875e+00 2.188949130392598086e+00
2.025667404466109378e+00 2.188324763781445359e+00
2.026352822244650742e+00 2.187720498311250594e+00
2.027000789381411483e+00 2.187168822689709025e+00
2.027640615964383830e+00 2.186635885428793724e+00
2.028216979321208591e+00 2.186169556903311939e+00
2.028752635970327400e+00 2.185709317314495248e+00
2.029284053386141373e+00 2.185250709584227735e+00
2.029780412883045670e+00 2.184811642032004286e+00
2.030250120373594314e+00 2.184377587231047357e+00
2.030682583086165227e+00 2.183913573230545246e+00
2.031114294449033242e+00 2.183408125724414894e+00
2.031520544145844376e+00 2.182926027922746481e+00
2.031912275579668581e+00 2.182464399175108039e+00
2.032269822706213258e+00 2.182073504673322173e+00
2.032612225452362864e+00 2.181660631071799639e+00
2.032921507963400209e+00 2.181229011339627544e+00
2.033172424159652714e+00 2.180898047165386266e+00
2.033293811881765834e+00 2.180732022678220972e+00
2.033304374190264330e+00 2.179709637888738616e+00
2.033138689904105068e+00 2.181614806402582207e+00
2.032829660241053382e+00 2.183288068298781415e+00
2.032176322634775989e+00 2.184999659281797069e+00
2.030967723925357848e+00 2.175525581892268079e+00
2.029269284186236533e+00 2.178409502643996465e+00
2.027405417476781935e+00 2.181746524774428320e+00
2.025335293600003084e+00 2.180499234537009556e+00
2.023298479867471134e+00 2.179787239212812366e+00
2.021595497430732191e+00 2.179945830928594841e+00
2.019598806087275378e+00 2.183012933099201636e+00
2.017623022950152833e+00 2.186558365838683571e+00
2.015632888225298736e+00 2.190890365585592470e+00
2.013535889026301540e+00 2.195349698581448461e+00
2.011446598972395083e+00 2.199804432782166419e+00
2.009175613602951049e+00 2.205165657234505083e+00
2.006770109834691507e+00 2.211406972046842778e+00
2.004334374539177510e+00 2.218198919075938580e+00
1.925533528604523870e+00 2.365844668017108798e+00
1.925943189059283744e+00 2.360519209256172868e+00
1.926689817400363269e+00 2.338345886602834600e+00
1.927603049096660026e+00 2.322539675915753499e+00
1.928859858145955508e+00 2.310305314934206766e+00
1.930467443693498986e+00 2.289620088345623916e+00
1.932777018310198880e+00 2.271092132904581007e+00
1.935307717466407063e+00 2.252922843510526185e+00
1.938134052039751865e+00 2.234044422800524288e+00
1.939696250557079171e+00 2.223595620575272047e+00
1.941189917250489172e+00 2.209626641345575404e+00
1.944998679006696873e+00 2.200151443218424152e+00
1.946997369878896267e+00 2.193324421344759134e+00
1.948849340438717270e+00 2.186216143903263909e+00
1.950333958034099258e+00 2.173313420152116926e+00
1.954003830714136747e+00 2.159783172779673244e+00
1.954734812263768218e+00 2.147706173942668606e+00
1.959070933022017957e+00 2.136407155820404302e+00
1.962297942659639638e+00 2.130466820594267841e+00
1.965013724261270855e+00 2.124481513523397425e+00
1.967579381000163607e+00 2.118235755441219670e+00
1.970135792870705504e+00 2.111501938617419860e+00
1.972691915171592036e+00 2.104513127121466987e+00
1.975143712115651873e+00 2.097501659948116881e+00
1.977545949650081569e+00 2.090327861100654161e+00
1.979889713034518328e+00 2.082980051064456273e+00
1.982108677408135344e+00 2.075659755388058691e+00
1.984174070079334218e+00 2.068429081709660444e+00
1.986120221504530381e+00 2.061179330390745079e+00
1.987745436505679253e+00 2.054269960925228844e+00
1.989169489051040074e+00 2.047561998506083114e+00
1.990487891471822035e+00 2.040933939037845590e+00
1.991745766660707684e+00 2.034413951029854672e+00
1.992914407687850886e+00 2.028088036132860594e+00
1.994008347957975991e+00 2.021923288708591837e+00
1.995099584692436645e+00 2.015824305383580040e+00
1.996130712434829757e+00 2.009876916245586731e+00
1.997084306958938571e+00 2.004129465166887947e+00
1.997961996178379662e+00 1.998622300241932326e+00
1.998782324659714948e+00 1.993325357837087530e+00
1.999545321449068824e+00 1.988186269828608577e+00
2.000284447419031331e+00 1.983197000820994260e+00
2.000991620415380812e+00 1.978328564729123551e+00
2.001670194428904814e+00 1.973692283703354589e+00
2.002344071981750240e+00 1.969226420468469296e+00
2.002971690185545217e+00 1.964962669400887929e+00
2.003564963402851173e+00 1.960847598975535622e+00
2.004112643097797353e+00 1.956895460287185529e+00
2.004635967270880226e+00 1.953097417512531075e+00
2.005133981967148316e+00 1.949435403569504510e+00
2.005542245069699803e+00 1.945971743421503142e+00
2.005916547855115084e+00 1.942750632836850011e+00
2.006276170450886909e+00 1.939579782210395287e+00
2.006606848809289190e+00 1.936481132143893502e+00
2.006935525303086276e+00 1.933452072527625187e+00
2.007137188789425153e+00 1.930665369239866092e+00
2.007289871773446865e+00 1.928027132040106340e+00
2.006604998064744905e+00 1.926518345275626487e+00
2.005955376325814665e+00 1.925059697544199810e+00
2.005329937361958859e+00 1.923678764867306601e+00
2.005089620955125440e+00 1.922182915380715285e+00
2.004468112632332932e+00 1.921346475747074845e+00
2.003417007382518378e+00 1.921170052657810157e+00
2.006937711758591369e+00 1.916442225478985240e+00
2.008664368700775249e+00 1.917630013221426122e+00
2.008674947983556613e+00 1.918746449076443206e+00
2.006940527537531604e+00 1.920092105586578057e+00
2.007936084108842500e+00 1.931588599101294879e+00
2.003946464934220018e+00 1.940578575890206769e+00
2.004461216047145111e+00 1.951721239575258338e+00
2.004768816513749830e+00 1.962715836807475522e+00
1.999507475069836504e+00 1.970738332990901398e+00
1.993877789468281092e+00 1.987898394479254538e+00
1.988380690516155402e+00 2.004972749406645605e+00
1.982971683687944964e+00 2.023297846869132499e+00
1.977639408838443025e+00 2.042169575026560935e+00
1.977144506601013152e+00 2.052128430903238598e+00
1.976618639648989539e+00 2.062201576733059039e+00
1.976074347279146881e+00 2.072013526618387669e+00
1.975474816922059951e+00 2.081853785389310652e+00
1.969886188184568399e+00 2.102329830854173576e+00
1.964409102190650680e+00 2.122487123669127396e+00
1.959201663572984753e+00 2.142207770730078398e+00
1.954127993281528086e+00 2.161539072409119910e+00
1.949163960607783519e+00 2.180526099176070876e+00
1.930335913605871756e+00 2.331719673873103638e+00
1.934731575440507001e+00 2.323408339470892425e+00
1.939322671612382587e+00 2.314661806945702338e+00
1.943984755192632585e+00 2.305806000027333269e+00
1.948710920866894902e+00 2.300536544081440926e+00
1.953636430702140547e+00 2.295935066146326697e+00
1.959001937584706088e+00 2.277762844006167242e+00
1.964287931367110440e+00 2.259829348894821344e+00
1.969513497630718923e+00 2.241100006648867105e+00
1.974751364441863055e+00 2.223637193324427663e+00
1.974991358448753509e+00 2.219768702892580770e+00
1.975120118788890489e+00 2.215624657496057193e+00
1.975777263620385860e+00 2.210591209781965993e+00
1.977241188842982389e+00 2.206774651234740148e+00
1.978625219664165158e+00 2.206994937570971427e+00
1.980145920338233889e+00 2.200636441690184686e+00
1.986016333204600581e+00 2.193182519723291257e+00
1.985976217512534392e+00 2.193261698277142457e+00
1.985877224602216717e+00 2.192733165932731154e+00
1.988841434712440570e+00 2.187459707865546665e+00
1.992008245717695525e+00 2.181413549714922073e+00
1.995896525212350170e+00 2.174113895389440110e+00
1.999534585578865320e+00 2.164857036268359902e+00
2.002947900594072461e+00 2.155165517137903386e+00
2.006355907268623007e+00 2.144828647340573546e+00
2.009483554247101456e+00 2.133300508878974711e+00
2.012652556606257637e+00 2.121767678905649657e+00
2.015573487038682998e+00 2.110625424331771249e+00
2.017544063060897397e+00 2.101075126246340297e+00
2.019489572217394890e+00 2.091643178214031451e+00
2.021309495904212383e+00 2.082386679947062724e+00
2.023272826879137565e+00 2.072524330684559768e+00
2.025102726466407432e+00 2.062748171524831253e+00
2.026468020851093677e+00 2.053963303485645042e+00
2.027698704270782581e+00 2.045486900158681287e+00
2.028768883270970935e+00 2.037462902231323980e+00
2.030113118281907436e+00 2.028904203392558170e+00
2.031532728784071207e+00 2.020517157063164593e+00
2.032922008152829640e+00 2.012103352350550267e+00
2.034049110768523683e+00 2.004290917507166370e+00
2.035004791387040157e+00 1.996935057460857754e+00
2.035389885439473634e+00 1.990638085750200181e+00
2.036387613810144437e+00 1.983435611211848970e+00
2.037457387855490243e+00 1.976368916980370427e+00
2.038745560297618553e+00 1.970541783323491725e+00
2.039304771812023631e+00 1.965812316132453663e+00
2.039897859708060146e+00 1.961933200119985177e+00
2.040431965524380331e+00 1.957540560177001066e+00
2.041096654720185199e+00 1.956287562419985138e+00
2.043148759453498720e+00 1.961360319987221601e+00
2.045153144074912444e+00 1.966239248455301958e+00
2.047231423879975143e+00 1.972669670530713848e+00
2.043379807716015684e+00 1.978252811716393111e+00
2.039419508000554160e+00 1.979360231856899688e+00
2.041726161643923732e+00 1.978874086946962985e+00
2.038152380340950476e+00 1.980193512463687799e+00
2.040176407739255904e+00 1.981060596038519250e+00
2.036195524013453273e+00 1.985995125041634113e+00
2.038113938050890805e+00 1.988027917348376805e+00
2.034089683514395563e+00 1.994814678261734420e+00
2.029341275756363583e+00 2.001398757442006904e+00
2.024580349476621244e+00 2.008360177563531579e+00
2.019978895807904351e+00 2.016728664942470495e+00
2.015042632096557540e+00 2.026340105635507260e+00
2.010080900252496416e+00 2.041517373026873194e+00
2.005335476552534857e+00 2.056138848676831721e+00
1.930579774531659742e+00 2.351048436582968471e+00
1.933219322955167074e+00 2.342373567232551856e+00
1.936061096889471145e+00 2.332930970166545936e+00
1.939552892481488211e+00 2.313496852980525542e+00
1.943225633529864105e+00 2.296144343147212830e+00
1.946948130480595562e+00 2.275594082393000761e+00
1.950772204445242686e+00 2.255997012540331248e+00
1.954743354812618295e+00 2.235865939551148429e+00
1.958827654743741542e+00 2.228583857739179663e+00
1.959801337660646459e+00 2.215636756207610691e+00
1.960686983135035089e+00 2.203803777735486413e+00
1.961811342404513603e+00 2.192918384525994746e+00
1.963093322166253873e+00 2.189536401382328634e+00
1.964702500037335486e+00 2.186211894514474618e+00
1.967245644853544917e+00 2.183400657458973271e+00
1.969570271004041473e+00 2.180374576939378084e+00
1.972946993982341191e+00 2.174871397981456678e+00
1.976181946463162920e+00 2.161754735623880208e+00
1.979301635504796097e+00 2.148444638985543165e+00
1.982231414254184365e+00 2.135012169694221029e+00
1.985565649736374283e+00 2.120841659727319417e+00
1.989008636730501545e+00 2.106301966090669442e+00
1.992164264675313268e+00 2.091650008387049287e+00
1.995497525420831586e+00 2.076688431871720475e+00
1.998496294994292599e+00 2.062022320196642777e+00
2.001236850370100129e+00 2.047651670572605997e+00
2.003654191853475375e+00 2.033789470249797837e+00
2.005810073285131168e+00 2.020284550191253192e+00
2.007777661693036730e+00 2.007103838927646766e+00
2.009552188623143554e+00 1.994223033242320531e+00
2.011834090860797009e+00 1.981229585363991408e+00
2.014535599528595622e+00 1.968114678744052881e+00
2.017401945131362506e+00 1.955032894718111702e+00
2.020493568105612869e+00 1.941907099097952338e+00
2.023448365782661185e+00 1.929200521934799184e+00
2.026280798468770517e+00 1.916856253097877660e+00
2.028947437208943327e+00 1.904940502703228900e+00
2.031530616820925061e+00 1.893329442475696345e+00
2.033999489403411687e+00 1.882088791014719042e+00
2.036375295731752466e+00 1.871220036804890574e+00
2.038637728575540375e+00 1.860728871291331021e+00
2.040872254692133847e+00 1.850571293804449846e+00
2.043045114825902342e+00 1.840759381421267049e+00
2.045164230491906654e+00 1.831241722496855351e+00
2.047223540824154142e+00 1.822895690185209361e+00
2.049266027565954662e+00 1.814899895549702880e+00
2.046418449680997398e+00 1.809715468146387840e+00
2.043605733355770671e+00 1.807513594853094707e+00
2.044801875370270139e+00 1.800556605912469799e+00
2.043705146924436278e+00 1.795643244863139865e+00
2.044703658652550438e+00 1.788954986489450505e+00
2.052241302336085038e+00 1.777033722782488834e+00
2.059399333134641186e+00 1.765840459511985427e+00
2.058055450108901230e+00 1.763153530527270085e+00
2.056083769440692599e+00 1.761358896528418150e+00
2.056269523595831927e+00 1.757007981093140270e+00
2.056190456682954526e+00 1.751557198122712489e+00
2.056745886941270918e+00 1.747928728382370345e+00
2.056769428509845454e+00 1.744809586057693096e+00
2.055014878547300583e+00 1.740889477072973701e+00
2.052758710397394548e+00 1.737840727322043310e+00
2.050540575377770125e+00 1.734980963034289170e+00
2.048733058487573366e+00 1.732371412676890765e+00
2.048013894445617211e+00 1.729226021415531944e+00
2.054671601211842447e+00 1.720897392696453254e+00
2.056440717479583125e+00 1.725937225703195299e+00
2.053914563927729198e+00 1.727161283515378676e+00
2.051445257246073073e+00 1.728380757722982830e+00
2.048511925425767100e+00 1.730443876036666939e+00
2.045516955076122301e+00 1.732800676252453931e+00
2.042067340849158974e+00 1.736671444962643029e+00
2.038808029308973868e+00 1.746049146141749997e+00
2.035406143398681422e+00 1.757726046410197585e+00
2.032180482707701685e+00 1.762158680200333727e+00
2.033842924044573230e+00 1.769670020914592135e+00
2.030206971604055610e+00 1.776059170553602407e+00
2.031355343176527661e+00 1.782371553993371993e+00
2.027189384386663740e+00 1.789999226213325967e+00
2.022623303035774533e+00 1.801965202756492523e+00
2.019223288919770098e+00 1.811685567563720678e+00
2.018925116000373166e+00 1.822071725171902079e+00
2.013897360530762626e+00 1.833274428295551761e+00
2.009051211268451542e+00 1.847656425479708542e+00
2.008400584920829512e+00 1.857586709628611166e+00
2.002086422888398332e+00 1.875861247088212558e+00
1.996015071380663031e+00 1.893089887009737682e+00
1.990374720838289369e+00 1.912812800226041166e+00
1.985022986048818883e+00 1.930230386837716861e+00
1.910915944212261630e+00 2.261888676648657448e+00
1.914024671584459991e+00 2.243080912833333773e+00
1.917238795674181651e+00 2.225225637938528678e+00
1.920727030132999058e+00 2.205822989116804411e+00
1.924217483565442866e+00 2.199849540888755950e+00
1.927749160568569708e+00 2.193159825785593320e+00
1.929581118903451298e+00 2.187790241735116048e+00
1.931169099119044663e+00 2.182842632255234339e+00
1.933162545053396464e+00 2.171626908629659347e+00
1.935295046138400421e+00 2.154471513347618661e+00
1.939733196812158944e+00 2.134665056869972322e+00
1.943876994261129365e+00 2.121130449042525790e+00
1.947960755936309685e+00 2.100717354679238813e+00
1.952149311936540288e+00 2.079658652499434712e+00
1.956370010881122390e+00 2.058264719776996099e+00
1.960621458125760164e+00 2.036298251604661491e+00
1.964882631483216846e+00 2.014779002332944380e+00
1.967384825108528190e+00 1.996222674207963621e+00
1.969207597976743607e+00 1.972742197280264342e+00
1.971799238923609865e+00 1.954792296971988641e+00
1.975033347950926554e+00 1.942999152449295552e+00
1.983225409928913052e+00 1.927575549113688558e+00
1.990927930698930926e+00 1.912913887006101543e+00
1.993330297587590838e+00 1.905143447150986047e+00
1.995869066516337886e+00 1.896589256957506908e+00
1.998347913079722371e+00 1.887892412644776252e+00
2.000678108522972121e+00 1.879238105795974612e+00
2.002618447619942010e+00 1.870817975823154677e+00
2.004478217876985546e+00 1.862517833226269737e+00
2.006233437668493380e+00 1.854444680061400508e+00
2.007932458799432496e+00 1.846497614811205779e+00
2.009568542637298449e+00 1.838670103521405252e+00
2.011274379770595200e+00 1.830820072194575099e+00
2.012872506019931951e+00 1.823039462415032341e+00
2.014336103607532458e+00 1.815531212032507113e+00
2.015799371640780713e+00 1.808229161479135483e+00
2.020422903800703995e+00 1.798689130982167761e+00
2.021612748127013859e+00 1.792614791919038275e+00
2.022627481543490369e+00 1.786548830993188730e+00
2.023628660451044503e+00 1.780663586994140513e+00
2.024490498472514055e+00 1.775184390546637347e+00
2.024209025411908502e+00 1.770201553690947449e+00
2.023305299192345696e+00 1.766449919912434385e+00
2.022168449364890819e+00 1.762938806496094690e+00
2.020737282310108629e+00 1.759978614304420930e+00
2.019277997966960392e+00 1.757253440163554670e+00
2.017834131935086983e+00 1.754715129985582323e+00
2.016302672994828349e+00 1.752378794552283292e+00
2.014709416444778078e+00 1.750200794010771554e+00
2.013079582429436076e+00 1.748156525096575598e+00
2.012090733258673492e+00 1.746015022374912906e+00
2.011299699182131029e+00 1.743773411057962130e+00
2.010722357969944696e+00 1.741359365846659735e+00
2.010354152382850312e+00 1.738728485120492939e+00
2.010013087071036431e+00 1.736150017235401855e+00
2.009705947806382120e+00 1.733638253823351905e+00
2.009400323335878369e+00 1.731186563247683274e+00
2.009150477117394473e+00 1.728759499695959212e+00
2.008912488220280679e+00 1.726344915334892649e+00
2.008725411587385157e+00 1.723913250463493974e+00
2.008560503856481549e+00 1.721537086199439237e+00
2.008424401753940103e+00 1.719187582486815913e+00
2.008302513540738410e+00 1.716902675875462636e+00
2.008186236222442300e+00 1.714703931175382223e+00
2.008151737280863713e+00 1.712567051059278977e+00
2.008133547407383368e+00 1.710489940460721892e+00
2.008153431284813717e+00 1.708451598835970753e+00
2.008326666008473982e+00 1.706318856154303232e+00
2.008479432680895904e+00 1.704517876334490367e+00
2.008512856195793006e+00 1.702932960921154759e+00
2.006001550095108499e+00 1.705015929158839372e+00
1.999890428361881023e+00 1.713017471832966265e+00
1.993431783149513414e+00 1.721416826952534063e+00
1.981318674466940877e+00 1.739806071171969837e+00
1.982490265959829356e+00 1.741833083687391870e+00
1.983657890642364752e+00 1.743917567963821691e+00
1.984712140259525359e+00 1.746047851219743263e+00
1.985640974784484758e+00 1.748256487274249871e+00
1.986447390081583331e+00 1.750351947086933091e+00
1.986914074619443138e+00 1.752980943655638724e+00
1.987242677782328881e+00 1.755276741229389037e+00
1.987104774241649219e+00 1.758943524184654716e+00
1.986779838792655184e+00 1.763901229792693037e+00
1.986229230680718549e+00 1.770549823228230180e+00
1.985587694144421711e+00 1.776216034461007842e+00
1.984621516116658713e+00 1.783320276069643828e+00
1.983614964098362465e+00 1.792195573223671623e+00
1.982558081879435274e+00 1.800486102506791752e+00
1.981464635086780834e+00 1.805405270168873422e+00
1.980285433520222238e+00 1.814400608650117430e+00
1.979086304746007441e+00 1.818918484449665751e+00
1.977813909261289638e+00 1.824867425070382243e+00
1.976529727181234541e+00 1.830507376169585143e+00
1.975165493160362828e+00 1.838439304407435415e+00
1.973728560484546479e+00 1.847393929019891523e+00
1.972211426658151190e+00 1.856914994568464428e+00
1.970634843471936737e+00 1.866634634191511655e+00
1.967615082680929550e+00 1.873113638061433051e+00
1.965289680921773030e+00 1.879550376823650559e+00
1.963273880923849690e+00 1.888846162967301900e+00
1.903390912360513942e+00 2.192749805359897941e+00
1.904162737627012048e+00 2.175000138448352605e+00
1.904996187998404089e+00 2.158343121153229127e+00
1.905869799137286602e+00 2.142370962966441805e+00
1.906800876903868236e+00 2.127216447391047538e+00
1.907819584036916316e+00 2.110848758812608583e+00
1.908912811745100857e+00 2.094421810729364619e+00
1.910106589595332860e+00 2.078299529792735800e+00
1.911359732516543897e+00 2.062562158317081451e+00
1.910459039511037238e+00 2.056067050091882731e+00
1.912325632966421107e+00 2.042981866001443159e+00
1.913648534544566848e+00 2.031345846734911920e+00
1.914637317388864446e+00 2.020068177625738759e+00
1.917626980218952282e+00 2.008883475783672878e+00
1.920554253336995254e+00 2.008861188105903750e+00
1.923520020297640576e+00 2.008934615568437554e+00
1.926558538918895724e+00 2.009361921481264801e+00
1.929712070414842051e+00 2.009753798927927271e+00
1.932928584172728392e+00 2.003413682851402200e+00
1.936220411799725705e+00 1.997344218034806884e+00
1.939502854708687885e+00 1.991601188704776648e+00
1.938903671803215989e+00 1.986445893688005393e+00
1.943196226382124969e+00 1.976981715625226954e+00
1.948471149906706668e+00 1.970221037892930127e+00
1.956211251579726085e+00 1.960072394558996622e+00
1.964286614836436851e+00 1.948977882083996693e+00
1.972076651040894690e+00 1.937850007666888974e+00
1.976413797977837117e+00 1.927209767522537476e+00
1.984031855189666294e+00 1.911441681586492081e+00
1.991607562646465324e+00 1.895522599852261791e+00
1.999234951689882189e+00 1.879505280634566455e+00
2.004074187114368577e+00 1.868760999172482506e+00
2.010939185487386816e+00 1.854618386638552385e+00
2.017743904461962057e+00 1.840415890090091544e+00
2.024250002241231527e+00 1.826509698728250974e+00
2.027845480885744678e+00 1.817034410097636776e+00
2.032592451874167594e+00 1.805698054319615053e+00
2.037684865910969201e+00 1.793880238357762114e+00
2.040949379358699023e+00 1.785426784438886916e+00
2.047089086590914597e+00 1.772553686952820229e+00
2.050732184795310165e+00 1.762960580824630030e+00
2.054931634007633345e+00 1.752270284801000777e+00
2.059346277073343945e+00 1.741292260150627547e+00
2.058478492077610689e+00 1.737774217522596087e+00
2.063049193597576547e+00 1.726826502627256454e+00
2.067468818987087342e+00 1.716199589933742109e+00
2.068819772513178723e+00 1.709929730314249774e+00
2.071643435947579270e+00 1.701797103704962399e+00
2.074692854224807093e+00 1.693391842909594214e+00
2.077561685112369272e+00 1.687593242459627163e+00
2.079562221267313937e+00 1.682284464102994814e+00
2.078634795013317049e+00 1.680585867113379539e+00
2.081966168051070820e+00 1.674637044138359343e+00
2.085206124303722319e+00 1.668833998289503073e+00
2.088350820248082940e+00 1.663192251711794745e+00
2.091509969591556661e+00 1.657703651322565808e+00
2.093560118423661631e+00 1.653797734536270880e+00
2.096128163853132609e+00 1.649389723306290856e+00
2.098743798363332136e+00 1.643496811563165405e+00
2.101369727488485495e+00 1.637291695748490206e+00
2.103872918099257472e+00 1.630988340438204842e+00
2.106336623258453056e+00 1.624745388611553265e+00
2.108774290958300490e+00 1.618596106355764119e+00
2.111145370805883825e+00 1.612621423341703553e+00
2.110107797866169310e+00 1.610937817516231441e+00
2.109014241202747719e+00 1.609523649215875984e+00
2.107913904226531354e+00 1.608242176091815079e+00
2.102843516872868967e+00 1.614589612006035901e+00
2.098117492403506645e+00 1.620028750209455692e+00
2.095251146498476214e+00 1.623174164011167431e+00
2.094756612166770005e+00 1.629751107758826478e+00
2.094262206872869569e+00 1.636015823364668886e+00
2.090242027013982984e+00 1.639354892089362137e+00
2.086344679799450486e+00 1.645469851730934074e+00
2.082365053503261620e+00 1.657087885380780223e+00
2.077947552234864936e+00 1.671396908457595920e+00
2.073340627448831519e+00 1.677874922928147772e+00
2.068540907715184396e+00 1.684177267236660835e+00
2.063863611160857481e+00 1.699896802594381473e+00
2.059209565774254180e+00 1.708346422440065515e+00
2.054139398076618050e+00 1.717341010112883870e+00
2.048791177046326073e+00 1.729858506110383942e+00
2.047582789743581433e+00 1.738866133822502658e+00
2.045711314643170464e+00 1.749464627899596891e+00
2.040321495936773921e+00 1.761522001342735955e+00
2.034109692531143043e+00 1.776169200043912211e+00
2.032311621590237039e+00 1.789431593216331606e+00
2.026381209615475854e+00 1.809666234238002547e+00
2.020603233727641168e+00 1.829093704106538265e+00
2.014277346585250594e+00 1.853475722494502875e+00
2.008149635407714850e+00 1.879057770567053920e+00
2.002196853310706626e+00 1.903960894589529662e+00
1.996442845193378668e+00 1.928387310676965338e+00
1.990798408553207555e+00 1.952320957855839589e+00
1.926589037582721708e+00 2.274814107076885250e+00
1.923134613172645668e+00 2.285232995290925828e+00
1.926438123481793774e+00 2.267301431755905927e+00
1.930002670021286448e+00 2.250808883657230641e+00
1.933694214097724906e+00 2.235760898614748804e+00
1.937675782682275694e+00 2.219467811697767523e+00
1.941836824327899391e+00 2.203294019281053728e+00
1.946063738899348916e+00 2.186226647858099614e+00
1.950450129737743898e+00 2.169482492699538412e+00
1.954946537320487066e+00 2.157106507748039359e+00
1.957056782511756188e+00 2.152691823881475841e+00
1.959583147493402677e+00 2.142925474873768721e+00
1.964934376115415438e+00 2.134269112316499850e+00
1.969502066664285511e+00 2.126830750333158715e+00
1.974241640002930787e+00 2.121160970207787599e+00
1.978942502998252806e+00 2.113778639404702453e+00
1.982729741566863435e+00 2.107271309220175137e+00
1.987933767382332739e+00 2.098612863041548593e+00
1.993804584524494716e+00 2.090232015092188256e+00
1.999676147691415551e+00 2.076508050948882911e+00
2.004929341954523103e+00 2.062959617045014848e+00
2.011181209829250527e+00 2.047896821335899009e+00
2.018270780341599124e+00 2.030829055434510977e+00
2.024744014941471715e+00 2.013930347693618117e+00
2.031942955620312130e+00 1.995489998354978090e+00
2.035006335091507523e+00 1.984988472960699246e+00
2.038230598689764417e+00 1.975561100982687668e+00
2.041526854639017952e+00 1.966688794082195990e+00
2.049515231193143272e+00 1.949366821289626683e+00
2.057169934544802015e+00 1.930969230439053996e+00
2.060855824145015003e+00 1.922445810506375530e+00
2.066470859870497723e+00 1.905285287469254296e+00
2.069866723026257738e+00 1.896667315103198082e+00
2.073127047251602573e+00 1.887395640814143238e+00
2.076272299128476995e+00 1.877951049311559650e+00
2.079301280393706541e+00 1.868797523886457146e+00
2.082250079943418708e+00 1.859839875876524662e+00
2.085134464147897049e+00 1.852552039745915646e+00
2.087857033791868488e+00 1.845107617001468636e+00
2.093337322269642975e+00 1.828802357974703918e+00
2.098766407223432218e+00 1.812496371512621662e+00
2.103907792994492265e+00 1.796726019880207970e+00
2.108793340513419157e+00 1.781342482785549297e+00
2.113474827217060259e+00 1.766301208308381998e+00
2.116231980886190467e+00 1.752919068961900084e+00
2.112194340864226749e+00 1.753455402451614686e+00
2.107256964153232381e+00 1.755224663384883144e+00
2.102814490800260394e+00 1.755591658762540641e+00
2.098233429598912902e+00 1.756016670593242290e+00
2.093694734575081817e+00 1.756244228644134875e+00
2.089202732136230090e+00 1.756101080184258700e+00
2.085103177966237453e+00 1.755153071970087186e+00
2.081319832378067503e+00 1.753737527315657685e+00
2.078097568048234312e+00 1.751493877835826440e+00
2.074942908843721678e+00 1.749068636226559725e+00
2.071965761091541403e+00 1.746444254652532724e+00
2.069022693716684458e+00 1.743772528018657120e+00
2.071394853479714193e+00 1.740807713322658712e+00
2.074582076458716173e+00 1.728733364860886024e+00
2.071401780873212584e+00 1.726982115445441002e+00
2.074898405976083549e+00 1.714771817831322487e+00
2.072303913045115298e+00 1.710463793042050984e+00
2.069715871222140624e+00 1.706269405122943894e+00
2.066993819716764325e+00 1.704247668821233130e+00
2.064322429387771773e+00 1.702266609158324284e+00
2.061752155452683866e+00 1.700309347628286005e+00
2.059161162333115858e+00 1.698454693601659571e+00
2.056634746223766186e+00 1.696689214518449562e+00
2.056446091510290675e+00 1.689718641617037997e+00
2.055172954758909487e+00 1.684746672799880995e+00
2.053417560871080738e+00 1.681179864026823179e+00
2.054050204343723873e+00 1.675230040936203091e+00
2.057959387984359179e+00 1.668414843611918164e+00
2.055336342895931256e+00 1.669769791059374064e+00
2.054720288518610882e+00 1.667759383751529878e+00
2.055713556257144248e+00 1.667124739545909007e+00
2.056664761049178836e+00 1.667987903768771707e+00
2.057527200084580787e+00 1.668736402111852923e+00
2.058066634681148255e+00 1.672984308887980553e+00
2.057378129291864255e+00 1.686200322208069258e+00
2.056075063847883300e+00 1.704764464386553602e+00
2.053863764114571833e+00 1.723898556125635251e+00
2.051423823781647116e+00 1.742611576337498747e+00
2.048662197506022853e+00 1.752601037155389063e+00
2.045404247761366534e+00 1.774354748332422238e+00
2.041906826999460911e+00 1.784999724169702207e+00
2.037593344556019037e+00 1.801633462686134779e+00
2.033159572728719056e+00 1.812165024849081041e+00
2.024936286561738186e+00 1.842407526297967335e+00
2.016995402951099248e+00 1.870704172664053644e+00
2.009357807987457445e+00 1.898571448412592622e+00
2.002078865347660219e+00 1.925960288414258592e+00
1.995146541689260866e+00 1.953532418091958434e+00
1.988872669533908955e+00 1.981450962252916392e+00
1.982892219083096652e+00 2.008853696534538269e+00
1.908710748375219479e+00 2.430327758475393729e+00
1.905266586762261571e+00 2.440486545684473541e+00
1.901896975846632198e+00 2.450710886990597359e+00
1.898666465187549335e+00 2.460678031835415336e+00
1.895577816239863544e+00 2.470478550908203008e+00
1.892611015290385001e+00 2.480054923793941324e+00
1.889782976577399465e+00 2.489412346051731006e+00
1.886989422519978588e+00 2.498699677024962540e+00
1.884290958623554779e+00 2.507773268250537146e+00
1.881647592345456310e+00 2.516625333693840005e+00
1.883404305399140943e+00 2.513297219257529136e+00
1.885058617295986672e+00 2.510147346103767330e+00
1.863107557050053265e+00 2.477035509924730317e+00
1.863853434588833569e+00 2.478914507963996705e+00
1.864904598243355416e+00 2.480412144170351496e+00
1.866373220706749603e+00 2.481387592087235916e+00
1.867965209630933821e+00 2.482438165875700431e+00
1.869706209269048180e+00 2.482925181373797585e+00
1.871624143414067909e+00 2.483356448746817602e+00
1.873736857331306460e+00 2.483260890516879815e+00
1.876099693435228755e+00 2.483437845374741215e+00
1.871969828725564611e+00 2.493441460033927637e+00
1.874797982416906317e+00 2.493209497186086310e+00
1.878001380118281771e+00 2.492593271377816055e+00
1.881163764916780057e+00 2.492604180350413312e+00
1.884324085807819182e+00 2.492024643207814805e+00
1.881136547596116149e+00 2.502270385311630374e+00
1.878090782086190291e+00 2.510021678876689144e+00
1.875229210652463951e+00 2.517208636776556929e+00
1.872560611331167912e+00 2.522508783070382954e+00
1.869994856721378884e+00 2.528283293709810309e+00
1.867747252116216838e+00 2.533599693481755288e+00
1.865659879886252259e+00 2.539042259445217997e+00
1.863622535259916724e+00 2.544609613630359313e+00
1.861848485230504391e+00 2.552280210271817840e+00
1.860068976033314447e+00 2.560537935332828141e+00
1.858665004351600203e+00 2.568394806416487874e+00
1.861381610569200484e+00 2.567041371809916761e+00
1.863878610028334659e+00 2.565640440427203295e+00
1.866103312777400269e+00 2.564331096263752663e+00
1.868206224764923817e+00 2.560772462161990504e+00
1.869917373336975386e+00 2.557333217048151308e+00
1.871177081722348756e+00 2.554397614121282523e+00
1.872049198974656381e+00 2.551639932320439730e+00
1.872675444422706281e+00 2.548951197464730978e+00
1.873197455502759290e+00 2.546631945449670198e+00
1.873501275730312221e+00 2.544606649745638105e+00
1.873589065785084218e+00 2.542946300492114897e+00
1.873503694987914914e+00 2.541826785214693629e+00
1.873355243167405870e+00 2.540944605826490399e+00
1.873164263244904371e+00 2.540230344625785008e+00
1.872903624942836576e+00 2.539690236167548854e+00
1.872593998359430412e+00 2.539297463116038323e+00
1.872238668683859464e+00 2.539075006744045293e+00
1.871824140078313548e+00 2.538998791246015685e+00
1.871396828349918273e+00 2.539036358831535445e+00
1.870929599868849547e+00 2.539269383738560482e+00
1.870456879765520997e+00 2.539591990809739741e+00
1.869991605996548678e+00 2.539931997091245286e+00
1.869521232425311874e+00 2.540312652489471912e+00
1.869049504146608420e+00 2.540766572304819171e+00
1.868616085346796352e+00 2.541300435404385993e+00
1.868188122888019498e+00 2.541837341993537169e+00
1.867717276493947809e+00 2.542462535993624595e+00
1.867204001919420042e+00 2.543095895139783291e+00
1.866731948462207802e+00 2.543729367081505099e+00
1.866374192851410152e+00 2.544445569042638855e+00
1.866057444209769489e+00 2.545050020056276008e+00
1.865755654002979380e+00 2.545423472008733423e+00
