1.839931285706737807e+00 2.276591616893381964e+00
1.840188328619649871e+00 2.264765778307666899e+00
1.840361775225051399e+00 2.253358406059631669e+00
1.839224628441750387e+00 2.244498235127825314e+00
1.837078184947771753e+00 2.234375043666480654e+00
1.834254499657636428e+00 2.225291711811440365e+00
1.830438541237568328e+00 2.216657908745724104e+00
1.826512429195302101e+00 2.207788841205060137e+00
1.822328577404215055e+00 2.198623851940637586e+00
1.817994729421238631e+00 2.189370375403612012e+00
1.813561743237060320e+00 2.179872581860645031e+00
1.809293824928240202e+00 2.168706913881607523e+00
1.804745215950096071e+00 2.157812410372061951e+00
1.800116475693678275e+00 2.146946551479401055e+00
1.795508046621272280e+00 2.136231557448066809e+00
1.790849418299093720e+00 2.125791054848704231e+00
1.786244955930730516e+00 2.115562185946624929e+00
1.781751637567497548e+00 2.105484717735551570e+00
1.777256038326160414e+00 2.095652369466184606e+00
1.772855980011563526e+00 2.085810417318182175e+00
1.768543769586682801e+00 2.076328868550792350e+00
1.764324739696399025e+00 2.067514677252759725e+00
1.760185973340012477e+00 2.059112387257172383e+00
1.756133662362828529e+00 2.050787795781661149e+00
1.752174990456147663e+00 2.042761347511204306e+00
1.748294115962594653e+00 2.034920082303915301e+00
1.744751494990368856e+00 2.027209011372359981e+00
1.741316336997166037e+00 2.020129210176651036e+00
1.738063234075701624e+00 2.012511652144766128e+00
1.734862067247207928e+00 2.005209887313577521e+00
1.731755076709529773e+00 1.998484851566159959e+00
1.728722464572302719e+00 1.991664743113646496e+00
1.725685254320006079e+00 1.985393087476388541e+00
1.722699591314176937e+00 1.979461539323477348e+00
1.719800338829342801e+00 1.973739815952219478e+00
1.716961044453335639e+00 1.967666047297075949e+00
1.714216488450023057e+00 1.962062575907622897e+00
1.711556633268187078e+00 1.956717259810111909e+00
1.708977024547843282e+00 1.951358608592212773e+00
1.706440084138487467e+00 1.945850418599518905e+00
1.703938416378221854e+00 1.941111476875422293e+00
1.701525371855451496e+00 1.936357065125244636e+00
1.699205458382279543e+00 1.931462921007797151e+00
1.696968636979133693e+00 1.926762662532483850e+00
1.694804741454256192e+00 1.922025323152681597e+00
1.692750740651306263e+00 1.918320112050491799e+00
1.690767207508286019e+00 1.914866993887698765e+00
1.688837246050325813e+00 1.911088251858271692e+00
1.687014530707362292e+00 1.907604389993847960e+00
1.685170252039513095e+00 1.904889584789303925e+00
1.683352980768964224e+00 1.902656276596076612e+00
1.681557083951653375e+00 1.900677702708972072e+00
1.679746175070401248e+00 1.898431016703920449e+00
1.677993202934030759e+00 1.896517855782072104e+00
1.676235229827605089e+00 1.894855890214302008e+00
1.674550923703221228e+00 1.893403747832467232e+00
1.672913449994412272e+00 1.891958668729746051e+00
1.671864325417006025e+00 1.889031642165800440e+00
1.672048310548075234e+00 1.884350302810786637e+00
1.656298054028263689e+00 1.898468910034535995e+00
1.641523217415070457e+00 1.911993726513285585e+00
1.647991560643815578e+00 1.903911591289130234e+00
1.639653190886214196e+00 1.917712862517958472e+00
1.649439316461901228e+00 1.913452801662297365e+00
1.660015677083883423e+00 1.912283212426354240e+00
1.670842867056635317e+00 1.908395946844992697e+00
1.681704932005327668e+00 1.906327624840699508e+00
1.692830113106613465e+00 1.911699419113807918e+00
1.695528589166044986e+00 1.933335258999731465e+00
1.707162707152616310e+00 1.940815611093695381e+00
1.718590996248034797e+00 1.947292286348309309e+00
1.729589805699645488e+00 1.954970625643271287e+00
1.739676319197872356e+00 1.962577453873684430e+00
1.749174179029076681e+00 1.972394430079144279e+00
1.758092919479713689e+00 1.982656941844638698e+00
1.766418379890659196e+00 1.993168141906961566e+00
1.774017038563019844e+00 2.004912260708640037e+00
1.781022546006708396e+00 2.015139577605188581e+00
1.787565236210412412e+00 2.030549081675666390e+00
1.793609914245452686e+00 2.043676870427715286e+00
1.799244276866498460e+00 2.056245914994405677e+00
1.804286470327995051e+00 2.068789255717118802e+00
1.808945945494088381e+00 2.080941699500889364e+00
1.813154911439783357e+00 2.093106587029100130e+00
1.817102896942613954e+00 2.105142684015719468e+00
1.820829687832509203e+00 2.117004193286233349e+00
1.824265715669043386e+00 2.128778745720803833e+00
1.827473581322379914e+00 2.140143018845934719e+00
1.830445057965456757e+00 2.151356327016979542e+00
1.833231384426777799e+00 2.162360475909185453e+00
1.835887216205707828e+00 2.172632895437770717e+00
1.838380637647956339e+00 2.182745554595635351e+00
1.840753763911423757e+00 2.192638694010719203e+00
1.843010895845613950e+00 2.202114448968390370e+00
1.845126430216150304e+00 2.210774815772509339e+00
1.847116301884126122e+00 2.216217474115840691e+00
1.849089059594639428e+00 2.219988716981490029e+00
1.845919065951506344e+00 2.074510187143727258e+00
1.841796701152632831e+00 2.063707738948111103e+00
1.837225460203111949e+00 2.053282974851499798e+00
1.832336264351963617e+00 2.030787202239789035e+00
1.827228249742927968e+00 2.020279855533895663e+00
1.821679101188204974e+00 2.010715632133963204e+00
1.815775340790501291e+00 1.990374780485026251e+00
1.809856406235535786e+00 1.981053493640277718e+00
1.803935976681566355e+00 1.958945243288209292e+00
1.798093103138158400e+00 1.937598676212795024e+00
1.792195460668147833e+00 1.917293999404004801e+00
1.786234647309576928e+00 1.898339445334253917e+00
1.780245143145746445e+00 1.880456288934738041e+00
1.774334361013250927e+00 1.862543357904456354e+00
1.768495162857394387e+00 1.845396371209789166e+00
1.762825761717229156e+00 1.829063808799488822e+00
1.757293423361276252e+00 1.813639554188280378e+00
1.751903435309117185e+00 1.799221484082785816e+00
1.746653407884451781e+00 1.785626156414660048e+00
1.741900779364427887e+00 1.772350787500012625e+00
1.737272402729977294e+00 1.759853769015974567e+00
1.732747931795778351e+00 1.748080885373247240e+00
1.728354941335499717e+00 1.748140779503274622e+00
1.724067346167391879e+00 1.748526504954297955e+00
1.719878688240186637e+00 1.748903341897884989e+00
1.715829454233494866e+00 1.749302554163667756e+00
1.711883016393499046e+00 1.749702793606588092e+00
1.708652086799174796e+00 1.749922249616572278e+00
1.705494555442663263e+00 1.750163360773598686e+00
1.702335481955652874e+00 1.750459389541781041e+00
1.699196037693314842e+00 1.750579082284865917e+00
1.696114419482580793e+00 1.750749990651774279e+00
1.693110850723973160e+00 1.750885049373366309e+00
1.690485156767794317e+00 1.750670020662822735e+00
1.687893452903176605e+00 1.750720434969573969e+00
1.685295261290473912e+00 1.750999451354634306e+00
1.682704594589383040e+00 1.751338449324616242e+00
1.680519717296337978e+00 1.751091304366006796e+00
1.678341184990375767e+00 1.750786633815093474e+00
1.676207402500548671e+00 1.750515119034420364e+00
1.674087157650386404e+00 1.750179147533340807e+00
1.671937191601765793e+00 1.749909485909972418e+00
1.669829271391395142e+00 1.749589958968258641e+00
1.667770332038001957e+00 1.749256386296750954e+00
1.665724337816715028e+00 1.748955697144284338e+00
1.663746626355177893e+00 1.748626820161072848e+00
1.661811270284563768e+00 1.746472797598441096e+00
1.659935719402337417e+00 1.738551550241532073e+00
1.658176866901425184e+00 1.730943108757718507e+00
1.656525028032442393e+00 1.723483043533356129e+00
1.655278531569223555e+00 1.715764983716665748e+00
1.654976813847373052e+00 1.707496007969011576e+00
1.656296623294558179e+00 1.704162158392615867e+00
1.658527397596206265e+00 1.699066663267056354e+00
1.662273875285202429e+00 1.692928602174257113e+00
1.666959175381859337e+00 1.686572805317414048e+00
1.672395565089394243e+00 1.681238382754811411e+00
1.679698452069575909e+00 1.668906842572768667e+00
1.688377657552755373e+00 1.667455200633407797e+00
1.697339720311514588e+00 1.670186854957109279e+00
1.706288273029082259e+00 1.675194268711186485e+00
1.715179956989679955e+00 1.683107410257184799e+00
1.723742484056439483e+00 1.691657982668276050e+00
1.732254913766723803e+00 1.702290522101864267e+00
1.740553993732468996e+00 1.715578045038737010e+00
1.748821355851456039e+00 1.726955229376408774e+00
1.756848229440593823e+00 1.737410730311377272e+00
1.764394866816770158e+00 1.746442026041847173e+00
1.771420565516738099e+00 1.756329776181180247e+00
1.777788166242807666e+00 1.766772337800647907e+00
1.783864052351891161e+00 1.777656577811610905e+00
1.789527660516100349e+00 1.789454992268673994e+00
1.794835237855847421e+00 1.801730933601918050e+00
1.799931469022584940e+00 1.823470677892672143e+00
1.804782743305529236e+00 1.836538163768575149e+00
1.809248232874959506e+00 1.857801527778427442e+00
1.813398484687334333e+00 1.875440243070827240e+00
1.817175439839310958e+00 1.897208492394149459e+00
1.820656658658125870e+00 1.912667471606144254e+00
1.823897126352641784e+00 1.928136619847593547e+00
1.826912189008469634e+00 1.943573305783786065e+00
1.829637119832932424e+00 1.958748697077519418e+00
1.832143497197727511e+00 1.973842844667772267e+00
1.834483020448630430e+00 1.988723153224634776e+00
1.836691114185698748e+00 2.003328401125118674e+00
1.838769304350793554e+00 2.017661562195755209e+00
1.840748956135507264e+00 2.033305874117131040e+00
1.842596095026212133e+00 2.047779276138083304e+00
1.844334770475717589e+00 2.061640500910093099e+00
1.845995375683590733e+00 2.074714990601452591e+00
1.847556728929742098e+00 2.090430900479926635e+00
1.849040862590957346e+00 2.101773856888921266e+00
1.850401696291954057e+00 2.112881637677244129e+00
1.851713249057721500e+00 2.123694751017996651e+00
1.852961802292046434e+00 2.134019091105012755e+00
1.854123287586091351e+00 2.144055543931119967e+00
1.855189922054547580e+00 2.153809263640277916e+00
1.856235554462833726e+00 2.164655452499244959e+00
1.896712317073604659e+00 2.146691983015613925e+00
1.900454318470349735e+00 2.131721054135909732e+00
1.904019022715217613e+00 2.119702407473269101e+00
1.907621907793467519e+00 2.098986647701209574e+00
1.910389881538967494e+00 2.081108910879307494e+00
1.912730892043039033e+00 2.064765770448885984e+00
1.914396395503689785e+00 2.049586937614119364e+00
1.915168032440736967e+00 2.035051892778835025e+00
1.914033063446433758e+00 2.022551259959883385e+00
1.912471976368584237e+00 2.003422389785932456e+00
1.910212518829460970e+00 1.984029283411832489e+00
1.906977174760871474e+00 1.971394079699509083e+00
1.903412306240876539e+00 1.958127657179894010e+00
1.898718012096542562e+00 1.945433986278769956e+00
1.893877909504957824e+00 1.932348816292629445e+00
1.888680649199602657e+00 1.909953422820312774e+00
1.883706390893780336e+00 1.895349341943799004e+00
1.878028744486424539e+00 1.873847309557353125e+00
1.871803007244920325e+00 1.854890363856904090e+00
1.864027967165446276e+00 1.843865070105028092e+00
1.856289747189409756e+00 1.833695640659237736e+00
1.848491121559021177e+00 1.818866152235426803e+00
1.840149977758455346e+00 1.805430478505445802e+00
1.831691039768661877e+00 1.797658196009273679e+00
1.823473674251912202e+00 1.790790523962233483e+00
1.815585094159069657e+00 1.784273802366610484e+00
1.807840656472786023e+00 1.778463477794109959e+00
1.800222895389921751e+00 1.773058551334821153e+00
1.792855519578814061e+00 1.768130208559943517e+00
1.785664621248522099e+00 1.763557645616273151e+00
1.778684053185874081e+00 1.759254609830927407e+00
1.771916763797350303e+00 1.755530817148775791e+00
1.765375689046674745e+00 1.752376859461898251e+00
1.761656051932089184e+00 1.748035129302871082e+00
1.758277444204144224e+00 1.743372388914124160e+00
1.755296800039831684e+00 1.740054018793475210e+00
1.752446893043795306e+00 1.736617426225877336e+00
1.749718019802454672e+00 1.733199634326886729e+00
1.746902673564257880e+00 1.730023343254360135e+00
1.744192848601216816e+00 1.726960200609708451e+00
1.741645007393238576e+00 1.729791400829144177e+00
1.739208574936188523e+00 1.728571807910744607e+00
1.736857021464407680e+00 1.729691172242575625e+00
1.734409679300712881e+00 1.726260474782729704e+00
1.732104260934443252e+00 1.723004856322327027e+00
1.729861051286849083e+00 1.719922220927933676e+00
1.727911985104268799e+00 1.719487091510314425e+00
1.725995259615806354e+00 1.719059312660515815e+00
1.724019290279945382e+00 1.719873139902416970e+00
1.721696803643860019e+00 1.721150925612408011e+00
1.719489682057214308e+00 1.722452150322150155e+00
1.717392668833222169e+00 1.723754576634145108e+00
1.715440096647723456e+00 1.724863333283479960e+00
1.713411775802597958e+00 1.722089662516742559e+00
1.711459266818271541e+00 1.719461499377243019e+00
1.709556411574656209e+00 1.716893401554260512e+00
1.707509550948464128e+00 1.714038791511107274e+00
1.705609803795098633e+00 1.711928415125439695e+00
1.703839515854630227e+00 1.711957443392734923e+00
1.702051362530048628e+00 1.714908481489300973e+00
1.700288132600035862e+00 1.716116130038169096e+00
1.698870315065332814e+00 1.716929525081173802e+00
1.697733989326189796e+00 1.717414723887056738e+00
1.697776614404066242e+00 1.716838074846743112e+00
1.698334018246568045e+00 1.714427407703076112e+00
1.699951175066583442e+00 1.714699191323283856e+00
1.704151788980334814e+00 1.712624451646273194e+00
1.691216825495756249e+00 1.733508358914086056e+00
1.681390928304881793e+00 1.750649538560149487e+00
1.673207320013028854e+00 1.767517326862477089e+00
1.682503591801824294e+00 1.765104643587498634e+00
1.691750477057866631e+00 1.777901611643007751e+00
1.689255872743498754e+00 1.805738272488641494e+00
1.698423650804352647e+00 1.814857984076062802e+00
1.698743709355019949e+00 1.838502320304898685e+00
1.700352624919709177e+00 1.864496023626856624e+00
1.709502538342977163e+00 1.878186018589791395e+00
1.712245624408164080e+00 1.903416951910541277e+00
1.721828795140767809e+00 1.919147304044210189e+00
1.730796670746453936e+00 1.934853886030871273e+00
1.739592554989833673e+00 1.950301597558108391e+00
1.747791014868435244e+00 1.968480235862274386e+00
1.755419424675698448e+00 1.986552841028546235e+00
1.762605925530124074e+00 2.003677762619086256e+00
1.769092370268360526e+00 2.020633631344247227e+00
1.775031176258830223e+00 2.037288726568138308e+00
1.780496168750789865e+00 2.048455922154029718e+00
1.785529903886840408e+00 2.060098588514557960e+00
1.790288495213246511e+00 2.070878024158325115e+00
1.794719038374085196e+00 2.081852385933513183e+00
1.798669192215676560e+00 2.093802298567290165e+00
1.802104218493716159e+00 2.106291714737960952e+00
1.805247940656887318e+00 2.118936159782147222e+00
1.808173080366037189e+00 2.131655099463990233e+00
1.810895665414540057e+00 2.144391956569889679e+00
1.813421974360377664e+00 2.157110422212920486e+00
1.816018710333690667e+00 2.168752556524411013e+00
1.818436866996685941e+00 2.180389730961255879e+00
1.812429217410461924e+00 2.146454078754557404e+00
1.807905997888361149e+00 2.139303003604073439e+00
1.804192040558499244e+00 2.128781346330795188e+00
1.800669468222460656e+00 2.116805437974491610e+00
1.797170450289292454e+00 2.104405085534853725e+00
1.792606602748761713e+00 2.091396078116465329e+00
1.788318469021785706e+00 2.077471273215281133e+00
1.785381714566467881e+00 2.064745281280726097e+00
1.776131521946246794e+00 2.054655418170783676e+00
1.767665768237544732e+00 2.045059143755838971e+00
1.759521228484087763e+00 2.019241070664733684e+00
1.751665702952849957e+00 1.993752635079523605e+00
1.744519394785465138e+00 1.974345576533728108e+00
1.737873322247843300e+00 1.955754924175911569e+00
1.731546573514969989e+00 1.938117338209124574e+00
1.725715199491566931e+00 1.930360855063903980e+00
1.720170764630728710e+00 1.921422938195883390e+00
1.714921852706097427e+00 1.912707966494796130e+00
1.709894644870411984e+00 1.905087191402320190e+00
1.705152178665598539e+00 1.890582781868722639e+00
1.700598205173156963e+00 1.883176121458522090e+00
1.696043307040807857e+00 1.878473698009128112e+00
1.691378099147492264e+00 1.866415525192974600e+00
1.686999709453971485e+00 1.854267700911185646e+00
1.682634173851851545e+00 1.843139760077002531e+00
1.678490914896578312e+00 1.832181518120814534e+00
1.674474936492933885e+00 1.821954892331971498e+00
1.671445096439382549e+00 1.812708096799456658e+00
1.668483864771790781e+00 1.804441136259621326e+00
1.665680118879081739e+00 1.796517158528546654e+00
1.662978361887026635e+00 1.787574650420459932e+00
1.660349974747870494e+00 1.779239994602599406e+00
1.657940885276425025e+00 1.775777429545010389e+00
1.655885158895366915e+00 1.777435731215899262e+00
1.653663976575627359e+00 1.779465773338009038e+00
1.650814487817134690e+00 1.782418794198997514e+00
1.648211152801865476e+00 1.785126124484684329e+00
1.645761805636565933e+00 1.787679337466942631e+00
1.643114378727122515e+00 1.790546166024654218e+00
1.641662682692165864e+00 1.791720090720594349e+00
1.640543130714120945e+00 1.792501162274633186e+00
1.639669443427569595e+00 1.791590217185990319e+00
1.638799474914744758e+00 1.791024359855499570e+00
1.637980334742801025e+00 1.790628797425739105e+00
1.636665298115830058e+00 1.791074605242874540e+00
1.635965346413169597e+00 1.791019709208760080e+00
1.635074396201832148e+00 1.791268013308076945e+00
1.634225799065367468e+00 1.791590820726794320e+00
1.632591901516132982e+00 1.793001211770787418e+00
1.630872688305440521e+00 1.794485217544530276e+00
1.629595601434482788e+00 1.795634095873745339e+00
1.628125148018881641e+00 1.797038370026616372e+00
1.627763246830458588e+00 1.797064425995956061e+00
1.625889903308501250e+00 1.798970267090803876e+00
1.624070831769015122e+00 1.801226807358508042e+00
1.622259790135591517e+00 1.803501043855763264e+00
1.621794198620084781e+00 1.803826001059948059e+00
1.621560630438190209e+00 1.803954831173897766e+00
1.622579290966938315e+00 1.801510038299938721e+00
1.620998793134515781e+00 1.802864243321244508e+00
1.619404400830757318e+00 1.804273425320696012e+00
1.617859735445847491e+00 1.805696333149708677e+00
1.616531722240987623e+00 1.807658749424083222e+00
1.615650871969428248e+00 1.809037506434779674e+00
1.616680768653331546e+00 1.807241523009918804e+00
1.617539649058774565e+00 1.805584163387396357e+00
1.618774738769980015e+00 1.803989683359363605e+00
1.621456947553973515e+00 1.800502582077150304e+00
1.625840398433721523e+00 1.794653978379147308e+00
1.631108227951115763e+00 1.791363258246947865e+00
1.637999114267657541e+00 1.789847251217264068e+00
1.633499942609265787e+00 1.811520282310648211e+00
1.631152094620422766e+00 1.833982340891783913e+00
1.639074141059269296e+00 1.837129138590104516e+00
1.647140684467401250e+00 1.844374941133778201e+00
1.655195709015775396e+00 1.853101754070689333e+00
1.663140343239653873e+00 1.862874729023248577e+00
1.671078291540584848e+00 1.871958268602633257e+00
1.679425560050800792e+00 1.882099537945385537e+00
1.688064907609001297e+00 1.892197766547932813e+00
1.696673955396228228e+00 1.901456913752221700e+00
1.704995952352976740e+00 1.911586539008241381e+00
1.712887634907289236e+00 1.922288169603562524e+00
1.720500307755731706e+00 1.933603425426710265e+00
1.727912309898112175e+00 1.945600020322132417e+00
1.734707721317448659e+00 1.958553668519060764e+00
1.740985161071576970e+00 1.979884418843955274e+00
1.744375935327728611e+00 2.008788908163470222e+00
1.747181116541925761e+00 2.037608281495288942e+00
1.752632770386497008e+00 2.057255759928791061e+00
1.757726414913886037e+00 2.077367551179053695e+00
1.762429597889417998e+00 2.097172137880832121e+00
1.766883577751179990e+00 2.116108294447188065e+00
1.770992501460693536e+00 2.134281264796898725e+00
1.774853817232937336e+00 2.151753849950896580e+00
1.778464796527934322e+00 2.168715852234350816e+00
1.781832659634085214e+00 2.184904228117213520e+00
1.785158866283631962e+00 2.200018516390720880e+00
1.788179949012553616e+00 2.214844421545227870e+00
1.791031313255752266e+00 2.228824835981909835e+00
1.793686498548309416e+00 2.242007290743444514e+00
1.796439750822771630e+00 2.254069783629075729e+00
1.799150072879303286e+00 2.265326232489596858e+00
1.801813928493119166e+00 2.275907958653577978e+00
1.804889072832980279e+00 2.285306851130816774e+00
1.807894780863311679e+00 2.293387601581202251e+00
1.810779628055705359e+00 2.300424002602636353e+00
1.813535370077498543e+00 2.305411785814293513e+00
1.816269362303877033e+00 2.310308218566194505e+00
1.818900896079011398e+00 2.314654707445748638e+00
1.821420634126821092e+00 2.319390526967866961e+00
1.823843194287365410e+00 2.323654170067646074e+00
1.826176931812697024e+00 2.327320314804433021e+00
1.828392777841609584e+00 2.329290824250946024e+00
1.830586744195072946e+00 2.332137211864009796e+00
1.832730815055279461e+00 2.332953508401550913e+00
1.834831973046085807e+00 2.333486657388396335e+00
1.836908969182406537e+00 2.333099617286262806e+00
1.839076656977291169e+00 2.331636566005366618e+00
1.897245975440812193e+00 2.132645666325435396e+00
1.892575557043388201e+00 2.126760297529554755e+00
1.882836250907119258e+00 2.125099134296069447e+00
1.873057408422085013e+00 2.118895951174520231e+00
1.864141586280135154e+00 2.111485595469673182e+00
1.855227849818298136e+00 2.103362377807469041e+00
1.846691196410565450e+00 2.094538342582446422e+00
1.837735286145263824e+00 2.085572495160460615e+00
1.825290519295470260e+00 2.081158758512177798e+00
1.812551765915431767e+00 2.076481566768972442e+00
1.806895291091964006e+00 2.064927467145198481e+00
1.801169044035266564e+00 2.053571324168038892e+00
1.787192440380604097e+00 2.050665905884649476e+00
1.773757298701543306e+00 2.046978378428535805e+00
1.770585347265008824e+00 2.034790286693107575e+00
1.760912824078949779e+00 2.027368857451290474e+00
1.754525661767631473e+00 2.016677180264653479e+00
1.747942847203263206e+00 2.005978018805845586e+00
1.744175838964614922e+00 1.995326693167145393e+00
1.740608984058984232e+00 1.985013656454864606e+00
1.736695358357673857e+00 1.974113384267497606e+00
1.733324607974644049e+00 1.963844557692068893e+00
1.730107471251448814e+00 1.953828400359894246e+00
1.727158236324139784e+00 1.944234023499766373e+00
1.722855849838907938e+00 1.936354974659494133e+00
1.719195522365080997e+00 1.927981924908883204e+00
1.715936096355385798e+00 1.919578164977058687e+00
1.712558449598133414e+00 1.911342400513898809e+00
1.709977102677759042e+00 1.903757995630680711e+00
1.707732251111668820e+00 1.896793746717646112e+00
1.705737838359099534e+00 1.890072427712204739e+00
1.703893517639101240e+00 1.883704670228953493e+00
1.700856525472140612e+00 1.876422436197827892e+00
1.695900387701062106e+00 1.870098421766192232e+00
1.689881562348805488e+00 1.864890442090281653e+00
1.685658587827572052e+00 1.858905157780454731e+00
1.676328617567491186e+00 1.858071411882683099e+00
1.668151794318627257e+00 1.856334256117946779e+00
1.667084774362564081e+00 1.851253731940176062e+00
1.666040656760539695e+00 1.846208780434103414e+00
1.662178876813180883e+00 1.843347513285741535e+00
1.659195822460568737e+00 1.839244294705628890e+00
1.657558187459895249e+00 1.835744653283133854e+00
1.656511545832619614e+00 1.831695647868367471e+00
1.652757919212287430e+00 1.835402589899861603e+00
1.650595061380829565e+00 1.832047318744982167e+00
1.640077145545950410e+00 1.832605474545372370e+00
1.640073020094112488e+00 1.827273715491074757e+00
1.633130935396657213e+00 1.823935944698008793e+00
1.630075644479576980e+00 1.819201498623101543e+00
1.627120058695420646e+00 1.814750678862097732e+00
1.624794995895121552e+00 1.810449348801470126e+00
1.622432344566662854e+00 1.805887714153733059e+00
1.621534583740235291e+00 1.799170821885770044e+00
1.621674646023989697e+00 1.791249918720862366e+00
1.624551324399982732e+00 1.785974973625090056e+00
1.628312099829190673e+00 1.778653662710703243e+00
1.632609425528345870e+00 1.770573160410397140e+00
1.638083955411438364e+00 1.769079962284794139e+00
1.646023389850922447e+00 1.765720940188979959e+00
1.655838695441472330e+00 1.765872249824517182e+00
1.666067960804922032e+00 1.769453464186616642e+00
1.676561691076783545e+00 1.777234605511507581e+00
1.686896875484276137e+00 1.791261058714819221e+00
1.696656631482696742e+00 1.802317217685731832e+00
1.706165699741997610e+00 1.819891072295475531e+00
1.715749251337492787e+00 1.831972080727652052e+00
1.725450626197628790e+00 1.843481781614197734e+00
1.735377119485109310e+00 1.854811586167805171e+00
1.745448461292642417e+00 1.866410650584846120e+00
1.748255980197325199e+00 1.898383781897057476e+00
1.751322744876127935e+00 1.927910712466104570e+00
1.754285615083344130e+00 1.957217933056945913e+00
1.763276846345344984e+00 1.976111753030750817e+00
1.771775640068825597e+00 1.994767898455594102e+00
1.779664699786710713e+00 2.013434211009673014e+00
1.786755269111950151e+00 2.031558436885635199e+00
1.793325306250304285e+00 2.048730363516571895e+00
1.799291568671370856e+00 2.060237004262672311e+00
1.804514288009498646e+00 2.072012456994156704e+00
1.809270634193959726e+00 2.084063043863527476e+00
1.813724154970444147e+00 2.096210568073350711e+00
1.817933085573768537e+00 2.108368978795408299e+00
1.821927521104723224e+00 2.120149647499378176e+00
1.825662508374040094e+00 2.131929439759366662e+00
1.829188587093149243e+00 2.143534221295348541e+00
1.832515966083625658e+00 2.155099448184242483e+00
1.835647758820079911e+00 2.166261123532009947e+00
1.838585927711593015e+00 2.177420657028045436e+00
1.841309702967997897e+00 2.192877978129916361e+00
1.843896577148680382e+00 2.203103340013128353e+00
1.846345143516135989e+00 2.212719887442866185e+00
1.848629567915371474e+00 2.222243226208284739e+00
1.850742916687830419e+00 2.231543547769243574e+00
1.852740149229475941e+00 2.240577400261552832e+00
1.854667267080807758e+00 2.249337859337419143e+00
1.856524877965110010e+00 2.257478960054422057e+00
1.858428717446183320e+00 2.265306179118266705e+00
1.860294354448672083e+00 2.272776444967322451e+00
1.862126113185981646e+00 2.279777800909712049e+00
1.864003764971694732e+00 2.286161845545410465e+00
1.865823797222281089e+00 2.291512885568834257e+00
1.867641774612224470e+00 2.297605094816232540e+00
1.731942765786653293e+00 2.229881051936302150e+00
1.712123105754010721e+00 2.233934984526906753e+00
1.692019627002433912e+00 2.226812036285078289e+00
1.672001381027967692e+00 2.219663302431992502e+00
1.652166073493785969e+00 2.212292589852651759e+00
1.632533094152686104e+00 2.206211381525584159e+00
1.613107609384511587e+00 2.200432606148131853e+00
1.593878988246709927e+00 2.195014668701472438e+00
1.574799799291190627e+00 2.189478093046514751e+00
1.555908228321364106e+00 2.184627487501629162e+00
1.536500154635467519e+00 2.180466468642026534e+00
1.517681147757749649e+00 2.176883731599282612e+00
1.499068122286388416e+00 2.170603558467768757e+00
1.481049687297758322e+00 2.165887847310136394e+00
1.463822222481246715e+00 2.160579796005361874e+00
1.447038817979010572e+00 2.155876287520352541e+00
1.430767490400636222e+00 2.151270273180686310e+00
1.415020791576223624e+00 2.145366391954038665e+00
1.399751050533404317e+00 2.142038463732252485e+00
1.384715235342600881e+00 2.139270283087829405e+00
1.370410750633846986e+00 2.137457875139175290e+00
1.356226833755044270e+00 2.135477001446436152e+00
1.342691427454178354e+00 2.134068597735049977e+00
1.329449944884080637e+00 2.132709573302228989e+00
1.316822284071034410e+00 2.131429223485398428e+00
1.304892255646032062e+00 2.130952773598729255e+00
1.293015630676851213e+00 2.132905986397965137e+00
1.281580451632641005e+00 2.137992919676483972e+00
1.270843697630594793e+00 2.137556335964787557e+00
1.260541129440834629e+00 2.137213524927211949e+00
1.250818536244843404e+00 2.136601758685819252e+00
1.241434667934032898e+00 2.136413700906442781e+00
1.232370498013948268e+00 2.136340040089985237e+00
1.223937037914615944e+00 2.135981731397869066e+00
1.215921847295474034e+00 2.135382743051442933e+00
1.208263349944071585e+00 2.137908895544295529e+00
1.200957896621747789e+00 2.137843543307155425e+00
1.193982095070213356e+00 2.137538554958004600e+00
1.187448506000213122e+00 2.137012090855905821e+00
1.181206780140255042e+00 2.136658840671751047e+00
1.175248450022830626e+00 2.136311289033935523e+00
1.169610802041538555e+00 2.135734895588300652e+00
1.164315342901897754e+00 2.135188327962895816e+00
1.158173265003196173e+00 2.136950392075410043e+00
1.151758944655873806e+00 2.140062216829178521e+00
1.146147027090455905e+00 2.142609101654154635e+00
1.141600408665621291e+00 2.144092781445788187e+00
1.137266271922342753e+00 2.145426634512535458e+00
1.133353697002000171e+00 2.146618272363386648e+00
1.130246012979248205e+00 2.147574308634545570e+00
1.127466018967419270e+00 2.148824281404939196e+00
1.125197230810440763e+00 2.157627397805424341e+00
1.123278342443956523e+00 2.165823903943791429e+00
1.122820969978106653e+00 2.173371918360617716e+00
1.122752162592602687e+00 2.179604864358427374e+00
1.142030418609631504e+00 2.162571460005579649e+00
1.145908171333957393e+00 2.168213810627773963e+00
1.151291263337127946e+00 2.174189464372224379e+00
1.171124763038860594e+00 2.165422176157032474e+00
1.191113475251183607e+00 2.158668647163403786e+00
1.211018797703708350e+00 2.153351153119860584e+00
1.230782745473860018e+00 2.146765347644581379e+00
1.250118358403567775e+00 2.149091989201714625e+00
1.269227575694931831e+00 2.146400059334761856e+00
1.288232949938494354e+00 2.143331911124999767e+00
1.307900833764016557e+00 2.139418989760117906e+00
1.328892915712238221e+00 2.136374372012664669e+00
1.350358262730304570e+00 2.131191451904661971e+00
1.372453665599916883e+00 2.125549516264833017e+00
1.394828674144674485e+00 2.120047995202941404e+00
1.417440055148620370e+00 2.114570787996695067e+00
1.440028988255767306e+00 2.109531673515363082e+00
1.462324800440107264e+00 2.112630197505273255e+00
1.483796434140539633e+00 2.117454003177516864e+00
1.504558719060522964e+00 2.122443319712695509e+00
1.524503871936835120e+00 2.127717020849090090e+00
1.543580149481587949e+00 2.133087860407993919e+00
1.561752590150043751e+00 2.139349009438336946e+00
1.578999348633851385e+00 2.145712210677173548e+00
1.595118806295183767e+00 2.146713127229381346e+00
1.610448316434467619e+00 2.148258894474315728e+00
1.624952837753270929e+00 2.156744982284552137e+00
1.638710412888768619e+00 2.159228098857354006e+00
1.651676330622237732e+00 2.168015344248619858e+00
1.663853005892144576e+00 2.175547995518840594e+00
1.675287431225764845e+00 2.180980478178837334e+00
1.686044186695730751e+00 2.185397798968899963e+00
1.696187507768906810e+00 2.190216626329003713e+00
1.705739396462560897e+00 2.194935127102523253e+00
1.714765034596082538e+00 2.199804763466576940e+00
1.723310928011151821e+00 2.204864768345299542e+00
1.731320000046575824e+00 2.210113135105769455e+00
1.738872398762741245e+00 2.215749485997904333e+00
1.746013385620709846e+00 2.221485123581646182e+00
1.752826798037290690e+00 2.227298139592360116e+00
1.759335467432608269e+00 2.232904792600067356e+00
1.765510330090537927e+00 2.238472232535931639e+00
1.771480691967702414e+00 2.243789297505436320e+00
1.777534096891546511e+00 2.249161481282048403e+00
1.783494732188426912e+00 2.253614157970523557e+00
1.789546201610424658e+00 2.255979519131265043e+00
1.795858349936643394e+00 2.251146435512161315e+00
1.802258438488684833e+00 2.245765806304251377e+00
1.809877673010483745e+00 2.243534804431655871e+00
1.817805655908085072e+00 2.239770658107210988e+00
1.825885249987936332e+00 2.234817254362077676e+00
1.834043236406992516e+00 2.228711178907889945e+00
1.842032710682427243e+00 2.224132505623800160e+00
1.849875143319792192e+00 2.219559420351682189e+00
1.857569401316362168e+00 2.212584651421944937e+00
1.864907009514322977e+00 2.199647672268185694e+00
1.854519319332830207e+00 2.209841532633209038e+00
1.871402792612133270e+00 2.205907491541314158e+00
1.873377556370983132e+00 2.196651940004206160e+00
1.874086007102949036e+00 2.187162810965354698e+00
1.873122502280230250e+00 2.179199456912251254e+00
1.871088546876953362e+00 2.172065036580593134e+00
1.868571102907021331e+00 2.164311755801881620e+00
1.865145821217869093e+00 2.157182288817145022e+00
1.858021756763899024e+00 2.145028839948470267e+00
1.851458475638669832e+00 2.132989434741760171e+00
1.845382439056299839e+00 2.120534924180838221e+00
1.839419756578842824e+00 2.107943753553128019e+00
1.832671740659383985e+00 2.097349190929695073e+00
1.825529707274488711e+00 2.088382549998164084e+00
1.818966829386974959e+00 2.080150753397771446e+00
1.800396128124980288e+00 2.090971413280689362e+00
1.794887902834151561e+00 2.083612913723882798e+00
1.789289078298668123e+00 2.076988760478805318e+00
1.781047101900765428e+00 2.074599597707991183e+00
1.772966563794344586e+00 2.072357821137642109e+00
1.767688614029528260e+00 2.067922291578936811e+00
1.762741253835752309e+00 2.063063503108015784e+00
1.758293028781349410e+00 2.055803737299932266e+00
1.754367143909639770e+00 2.048653434257151851e+00
1.732161786056603425e+00 2.042063318378853243e+00
1.709876726228744870e+00 2.034954038995644865e+00
1.687567132286752258e+00 2.029093056391289007e+00
1.664794815422359742e+00 2.024550159088627233e+00
1.642465389463554359e+00 2.020920781396617905e+00
1.620429632739752490e+00 2.015467755892562884e+00
1.598662936160645032e+00 2.011321607157229074e+00
1.577244747883541187e+00 2.007592823155107453e+00
1.556137924209465506e+00 2.004771885581210444e+00
1.534856365875302053e+00 2.003548492811755288e+00
1.514402646049788581e+00 2.002567011177075251e+00
1.494553199569961022e+00 2.002161822894863441e+00
1.475245056969952673e+00 2.002318015271606022e+00
1.456482264827928308e+00 2.002855034660002698e+00
1.438280382690517278e+00 2.003680755283374637e+00
1.420662253541505216e+00 2.004914533063581583e+00
1.403624421462790650e+00 2.006512575724821446e+00
1.387114272542387505e+00 2.008996724762521779e+00
1.371071223602860378e+00 2.012174288789115639e+00
1.355597166160524170e+00 2.015437041182910338e+00
1.340701790708635599e+00 2.019361498091650109e+00
1.325477279764423866e+00 2.024218780377898597e+00
1.311520166136136645e+00 2.028355511373757025e+00
1.298154347498730043e+00 2.031867541006982414e+00
1.285367892772566467e+00 2.036447957959711008e+00
1.273133171551008802e+00 2.041012579616888090e+00
1.261391966862703384e+00 2.045428183799153032e+00
1.249223500620885163e+00 2.050948307399360182e+00
1.238780131556379782e+00 2.054776545747816652e+00
1.228753565576738538e+00 2.058592427407023084e+00
1.218387073861296965e+00 2.063558579072519716e+00
1.208861786949945172e+00 2.068182447813318170e+00
1.199862259663063702e+00 2.072636818513895474e+00
1.191287862990648039e+00 2.076938620712905248e+00
1.183133692528310688e+00 2.081066026864915486e+00
1.175457330216226781e+00 2.084962343524606521e+00
1.168673125359044329e+00 2.087972028759988774e+00
1.162428030470569196e+00 2.090498610774136790e+00
1.157085221934568198e+00 2.090909107481298435e+00
1.151981430750217639e+00 2.092628707624497153e+00
1.149358269086167450e+00 2.094730114449279590e+00
1.147648850744999560e+00 2.097780982280527784e+00
1.147927222339692355e+00 2.101111468421953177e+00
1.151714618579914085e+00 2.106658759292985295e+00
1.170295869350177709e+00 2.095764116134109400e+00
1.188656649274679289e+00 2.086357431116358185e+00
1.206989691779000617e+00 2.081409923163969999e+00
1.224600652717088733e+00 2.080169771923459532e+00
1.241539612301827189e+00 2.078242521683600241e+00
1.257938208335102059e+00 2.078792552765782897e+00
1.274721525189418614e+00 2.079051785111607487e+00
1.292162568941085832e+00 2.075797967303017799e+00
1.310425491256000052e+00 2.071735435092946442e+00
1.329190349138697158e+00 2.071949213091259789e+00
1.348525371871877709e+00 2.070039956978183326e+00
1.367996211911637117e+00 2.068300499956328586e+00
1.387182471163876052e+00 2.067037050788718133e+00
1.406165191759091604e+00 2.065772094311876028e+00
1.424647348206224295e+00 2.063015802286880085e+00
1.442657548038881465e+00 2.061196612562511188e+00
1.459897382911220287e+00 2.060867965830822879e+00
1.476677812316786298e+00 2.061245129239341889e+00
1.492876781197244540e+00 2.062266404773658302e+00
1.508497039039958576e+00 2.064426032278052325e+00
1.523441426011480138e+00 2.067445176087129521e+00
1.537770163324975403e+00 2.071499055279582890e+00
1.551519616910175481e+00 2.076513046808114549e+00
1.564634342855586002e+00 2.082327885515102839e+00
1.577121562842281666e+00 2.089078448082002382e+00
1.588992043756196848e+00 2.096422213529790302e+00
1.600255319580475843e+00 2.104291246714494079e+00
1.610864291704837248e+00 2.113139460618791432e+00
1.620892544714425565e+00 2.122359469645597851e+00
1.630376429473693323e+00 2.131856219003894104e+00
1.639307148803256231e+00 2.141495987892439334e+00
1.647733916526100018e+00 2.151436235527798058e+00
1.655717200345589779e+00 2.161342797228380075e+00
1.663346568448224927e+00 2.171273873579354863e+00
1.670592168813663125e+00 2.181175680592839061e+00
1.677465147562384740e+00 2.190819265002225347e+00
1.683994444669481894e+00 2.200273322324195924e+00
1.690161603150653447e+00 2.209289606957230312e+00
1.696065035229498807e+00 2.218016576588865529e+00
1.701835007080769069e+00 2.225035472114989421e+00
1.707487546197695272e+00 2.230660165795483429e+00
1.713249870793922103e+00 2.234341012308314944e+00
1.719226703488587082e+00 2.235428597110243665e+00
1.725494604428178924e+00 2.234702845294000984e+00
1.732357362725277072e+00 2.233221568820055847e+00
1.739062308504260912e+00 2.230854884230404345e+00
1.770969922760199822e+00 2.122908586907231054e+00
1.757892118353835187e+00 2.128925860969778316e+00
1.743182768934869342e+00 2.137009654590845908e+00
1.726633092682806181e+00 2.144067837613482741e+00
1.709767585743770857e+00 2.148774411937248718e+00
1.691769346007077512e+00 2.142702356982894241e+00
1.672945773229089328e+00 2.138797358825232031e+00
1.670850015644242959e+00 2.133217869129779398e+00
1.663892352563053789e+00 2.127517242655537544e+00
1.662840121348755806e+00 2.117632930188930729e+00
1.657493061676596824e+00 2.112577073443723474e+00
1.655456134246383826e+00 2.104772384097980620e+00
1.654158356230798876e+00 2.099285051439855998e+00
1.653050752996275019e+00 2.090737213626876478e+00
1.652165342375944590e+00 2.085111937693828743e+00
1.651429302692475121e+00 2.076638995809974464e+00
1.650940171799794021e+00 2.067970211105823353e+00
1.650275612775178757e+00 2.059481781366510056e+00
1.650047266995738671e+00 2.051209803355034555e+00
1.649848559889632638e+00 2.042915301717200371e+00
1.642914582982684779e+00 2.044322116549027513e+00
1.643121377989524179e+00 2.013384213372241494e+00
1.620585146281688482e+00 2.011749883093824742e+00
1.598751577026106485e+00 2.010414914869216751e+00
1.576319420722729348e+00 2.010516125701430568e+00
1.554784076794244019e+00 2.010810025189783357e+00
1.533182343766262834e+00 2.010135872423886472e+00
1.511963223291270753e+00 2.011819595436958874e+00
1.491143723924443387e+00 2.014658596903242227e+00
1.470817772503764553e+00 2.018115069175585585e+00
1.451691017105117387e+00 2.019905020088787140e+00
1.432956347330166302e+00 2.026066845899164193e+00
1.414852587996608735e+00 2.028633786032502773e+00
1.397405777562791718e+00 2.031256229363140875e+00
1.380159418224885082e+00 2.034522784916451776e+00
1.363912198986626745e+00 2.037199353870966512e+00
1.348323759402904276e+00 2.040017900748655855e+00
1.332908845312688495e+00 2.043934789563636834e+00
1.318086748700542099e+00 2.047886444554591900e+00
1.303863489897153949e+00 2.058085993423354410e+00
1.290235948845311453e+00 2.061454461626652801e+00
1.277742154903766192e+00 2.064027236434797352e+00
1.265827410842317979e+00 2.066562412118865932e+00
1.254343896131623781e+00 2.069396765861369669e+00
1.243545648749385890e+00 2.071269444967517970e+00
1.233240129247244576e+00 2.073131941454789740e+00
1.223505527082071609e+00 2.075037522929333633e+00
1.214212747227275013e+00 2.076953796192314350e+00
1.205347818469802323e+00 2.078981285416722891e+00
1.196935457838130379e+00 2.080932300141004276e+00
1.189010345712519179e+00 2.082842638493055620e+00
1.181705427772151928e+00 2.084657639189877454e+00
1.175206495894752567e+00 2.086497999650791524e+00
1.171164815586597463e+00 2.095071729212263367e+00
1.168090292557846688e+00 2.102607808537516831e+00
1.168669086704306581e+00 2.111318797174958295e+00
1.171051406735839517e+00 2.118297384422807905e+00
1.192774626619121925e+00 2.104372564658299805e+00
1.214905783153743535e+00 2.094317819215214538e+00
1.237640453382219841e+00 2.086408943107492586e+00
1.260600367502746622e+00 2.080812746943960789e+00
1.283415526443520971e+00 2.078616942652643296e+00
1.305852639350544742e+00 2.073739112455940337e+00
1.327404704736872221e+00 2.069704909461588915e+00
1.348896047368801199e+00 2.066392533472433346e+00
1.370596216597707917e+00 2.061198785905974606e+00
1.392471207355234775e+00 2.055165552233049642e+00
1.414240898542773683e+00 2.049599543869667251e+00
1.435637888837214549e+00 2.046640728286224231e+00
1.456755064310724990e+00 2.045055063793372430e+00
1.477355071898556194e+00 2.044352249021784917e+00
1.497244514311165897e+00 2.043866550118491610e+00
1.516380788970853377e+00 2.044062766216399485e+00
1.534525336547452490e+00 2.044350857491262552e+00
1.551339649900548290e+00 2.046646241723924398e+00
1.567385639648511741e+00 2.049907106105068877e+00
1.582682982255548598e+00 2.053796834616639089e+00
1.597203381087407781e+00 2.058196882662867822e+00
1.610953775929841347e+00 2.063457149133351543e+00
1.623759231878739939e+00 2.069706109600069510e+00
1.635687360989847017e+00 2.077507408445499859e+00
1.647021359137592622e+00 2.086079847923831831e+00
1.657742761224048289e+00 2.095044534210936060e+00
1.667800901382272993e+00 2.104254779245729345e+00
1.677255624702244097e+00 2.113804428807903424e+00
1.686292238261379639e+00 2.123417525320173471e+00
1.694802123851477216e+00 2.133313820568635943e+00
1.702896763362639954e+00 2.142961513737497548e+00
1.710567016979567700e+00 2.152536360850008545e+00
1.717802687536748696e+00 2.162189734863291246e+00
1.724648380294902639e+00 2.171432720380956916e+00
1.731188517176985409e+00 2.180085743948264820e+00
1.737679642688885417e+00 2.188256592612555895e+00
1.744374726600376402e+00 2.195801194137478429e+00
1.751170051032688857e+00 2.201536158402241483e+00
1.758489472841316070e+00 2.205058367221509386e+00
1.766206424471309600e+00 2.206166091243550564e+00
1.774991055428943199e+00 2.203972482236855157e+00
1.783932763986686432e+00 2.201625728306475516e+00
1.792817736399471062e+00 2.196503146899454251e+00
1.841464740896329388e+00 2.029894187790194593e+00
1.833221689789586106e+00 2.024253393580815796e+00
1.824588981046368907e+00 2.018633411854353632e+00
1.801768865877031889e+00 2.004419246436742963e+00
1.778377074384555945e+00 1.991581468716703940e+00
1.755156431696333730e+00 1.979845283448022686e+00
1.730870094764454636e+00 1.970280810858286991e+00
1.706136027973729874e+00 1.962089040950994123e+00
1.681141035111947790e+00 1.955414242916196921e+00
1.657868588900527573e+00 1.947470478227829593e+00
1.632843086043537895e+00 1.943423684226460058e+00
1.608086080530111595e+00 1.940737719064222100e+00
1.583683244889471098e+00 1.939133404943861327e+00
1.559207642627906898e+00 1.939308972796897512e+00
1.535387847582999621e+00 1.940701632351932826e+00
1.524817338376978082e+00 1.923313318904411373e+00
1.501006314219293758e+00 1.927352764926656636e+00
1.478780186677181918e+00 1.931741434115400669e+00
1.456710905100990994e+00 1.936896044544033302e+00
1.435893372179851024e+00 1.942146808827951876e+00
1.415228900106801468e+00 1.948029257481977083e+00
1.395708127345151706e+00 1.954337197237659307e+00
1.377302275900056827e+00 1.960363228561213811e+00
1.359630752633637085e+00 1.966480315357887587e+00
1.342459381634561799e+00 1.973196121808194814e+00
1.326324972539038471e+00 1.979902695241690047e+00
1.310949028053470578e+00 1.986218727318324051e+00
1.296198553738951098e+00 1.992278390027948820e+00
1.281472019798049145e+00 1.998763417772102313e+00
1.267189202339700005e+00 2.005622878647787655e+00
1.253443651694983618e+00 2.012761666387267390e+00
1.258711915488829547e+00 1.991111692268480615e+00
1.245464191804888099e+00 1.998336704425032861e+00
1.232798182022690536e+00 2.005860965863716761e+00
1.220714825120021274e+00 2.013258829350707657e+00
1.227025993178772589e+00 1.992274305802913537e+00
1.232926966760900189e+00 1.972393903992188502e+00
1.238326282910831910e+00 1.953636242792195832e+00
1.243493657641551842e+00 1.935413283276206542e+00
1.248467375072020324e+00 1.917788886978803120e+00
1.253082226163920510e+00 1.901603375641748972e+00
1.257400951718442128e+00 1.886210504835193813e+00
1.261441458143560457e+00 1.871688335146920679e+00
1.253939107075862758e+00 1.877930106254790843e+00
1.246364713030691851e+00 1.884583870030384745e+00
1.239153236463405694e+00 1.890105407414194527e+00
1.232770953811412884e+00 1.894341394047375893e+00
1.227523700258434269e+00 1.898940371286484741e+00
1.225487006591516215e+00 1.902297659578406686e+00
1.225636634631855237e+00 1.913420870655937467e+00
1.227091852302601316e+00 1.923602392259106120e+00
1.229835809630609678e+00 1.932401898969975385e+00
1.235040312805173457e+00 1.942562325585510008e+00
1.256234980368515330e+00 1.938587645126518488e+00
1.276843364942406911e+00 1.937975971817589960e+00
1.296860797348760475e+00 1.937819422690440385e+00
1.316139656548548142e+00 1.939695460475173272e+00
1.334725500943535037e+00 1.941336011224665148e+00
1.353047995145339577e+00 1.943691904663017667e+00
1.371157252225185141e+00 1.941808198601296720e+00
1.389729892682183499e+00 1.939465325295686160e+00
1.408720455184197862e+00 1.936498004749029445e+00
1.428020815368690632e+00 1.933301038085165846e+00
1.447438867875117774e+00 1.930473502534828523e+00
1.466748850355041656e+00 1.929871378254946146e+00
1.485916052157732370e+00 1.929770847883051310e+00
1.504761769802939408e+00 1.930585277957873158e+00
1.522920268464665661e+00 1.932966801704365967e+00
1.540574218222036329e+00 1.936811148723589726e+00
1.557334664003163560e+00 1.942157078931554537e+00
1.573488034650900147e+00 1.947734146338780281e+00
1.589002233471071390e+00 1.954622742083465203e+00
1.603686310255298952e+00 1.962934613814398155e+00
1.617590276981470288e+00 1.972297796309136375e+00
1.630762175239814926e+00 1.982633399680061581e+00
1.642928816764336775e+00 1.994117925251512435e+00
1.654289655435159156e+00 2.006189288701148321e+00
1.665018351940088293e+00 2.018819967087636336e+00
1.675120879607008284e+00 2.032034251505987044e+00
1.684542813531288763e+00 2.045464513135994089e+00
1.693425087010854480e+00 2.059018309327736329e+00
1.701921148500389780e+00 2.072469986433655098e+00
1.709955032388095209e+00 2.085854438851237891e+00
1.717542349597292572e+00 2.098317493096839126e+00
1.724705108352467819e+00 2.111098214691720987e+00
1.731404879138846553e+00 2.123255182280833875e+00
1.737773040638541211e+00 2.135084319775197859e+00
1.743857957912707146e+00 2.146720820742364921e+00
1.750016542341027215e+00 2.157173187393756741e+00
1.756453293982465746e+00 2.165078711560489477e+00
1.652583352413314222e+00 2.141578302683733170e+00
1.652019401598250337e+00 2.132744820874107550e+00
1.646283915733920633e+00 2.104802702921011903e+00
1.624093062694981660e+00 2.097478446316918710e+00
1.601606675231791010e+00 2.089772710470406469e+00
1.579591833660404898e+00 2.085899442082252087e+00
1.565995064242616142e+00 2.066703197224441624e+00
1.544602880744257334e+00 2.061811348795023591e+00
1.523679786619768883e+00 2.057834051652099649e+00
1.503377501796562266e+00 2.054273330646702700e+00
1.483777648971040142e+00 2.051459913623019382e+00
1.464747460038598792e+00 2.049465889753378622e+00
1.467116026731147826e+00 2.021392770914562487e+00
1.448981293645717594e+00 2.022568221161808122e+00
1.431421818327410111e+00 2.024235055938395700e+00
1.414402844099281520e+00 2.025825424107392525e+00
1.398018486697735652e+00 2.027561845691071785e+00
1.382221632408478840e+00 2.029698868646727217e+00
1.388523241061371261e+00 2.004386268466581189e+00
1.373365632493464883e+00 2.008012453477595383e+00
1.358794512702627078e+00 2.012287843171306712e+00
1.344814700404067809e+00 2.016510240396343523e+00
1.331377309459175873e+00 2.023790881087240479e+00
1.318512046018740058e+00 2.030944955344522906e+00
1.306164578580096824e+00 2.035612853614176210e+00
1.294355549366265956e+00 2.043012525796836343e+00
1.283097843783602476e+00 2.050230091834632784e+00
1.272354559665434426e+00 2.057288398179082822e+00
1.262331028876575889e+00 2.066384698011881405e+00
1.250698527275416527e+00 2.075069714475264782e+00
1.239520000926784160e+00 2.086705256051548663e+00
1.229374570921586862e+00 2.091972073823977762e+00
1.220139477077955892e+00 2.096306440793687553e+00
1.211356636471175419e+00 2.100510237421777227e+00
1.204681838107617642e+00 2.101638962703522573e+00
1.196911347444626461e+00 2.104122969163580326e+00
1.189163898845200906e+00 2.108294285376463240e+00
1.181700294903549109e+00 2.112497812411038733e+00
1.174635633163377380e+00 2.124367004467192732e+00
1.169729858070477801e+00 2.124296929664287958e+00
1.164137964985776597e+00 2.125342234354497872e+00
1.159037764314404084e+00 2.126664177202963302e+00
1.154970877922991468e+00 2.126621977377274764e+00
1.152233383711710690e+00 2.132118439513793540e+00
1.151346793116850842e+00 2.137642436698785176e+00
1.151801813282802955e+00 2.143872155256423273e+00
1.153110160680886453e+00 2.151757110933967709e+00
1.156593308909471540e+00 2.157973686838526639e+00
1.161242021227989696e+00 2.163029994495492048e+00
1.169536228546421475e+00 2.170309130700626365e+00
1.179185269402976299e+00 2.180108452475929770e+00
1.198893418460707405e+00 2.178507565938567758e+00
1.212010011450032509e+00 2.190810644892676518e+00
1.230691042353303510e+00 2.190227290211190336e+00
1.249079162969330081e+00 2.190735418600829654e+00
1.267698086471458208e+00 2.192561210628309443e+00
1.287194294781767834e+00 2.190488174207251504e+00
1.307178047861194958e+00 2.188355720776170799e+00
1.327212302820396594e+00 2.186455759085342176e+00
1.347196979938642292e+00 2.189922514439808232e+00
1.367062262100816383e+00 2.193950093992075523e+00
1.386784501880431897e+00 2.198092898774818948e+00
1.406242236764687403e+00 2.206027778080992263e+00
1.425405479849786383e+00 2.209879833387406567e+00
1.444135684500054140e+00 2.219067093435286075e+00
1.462256152428004663e+00 2.228478423656615082e+00
1.479703878975735520e+00 2.229465098109154386e+00
1.496087894005020402e+00 2.231310689023603189e+00
1.511656801135888850e+00 2.234430499695377659e+00
1.526561244652698823e+00 2.243140563944021171e+00
1.540674264135594163e+00 2.247739336495174545e+00
1.554147293435541588e+00 2.252973923679695734e+00
1.567076573071489731e+00 2.258679611467641291e+00
1.579378087174416301e+00 2.265096191550941551e+00
1.591313021533575567e+00 2.271653010837586972e+00
1.602894063107663136e+00 2.278700055719131701e+00
1.614587141597741748e+00 2.285569667666416560e+00
1.626374318218204218e+00 2.292459579427892802e+00
1.638895825297346676e+00 2.297036731632075668e+00
1.644466079430533911e+00 2.317937402979062256e+00
1.657007023518612510e+00 2.321011651765875428e+00
1.669570932672394870e+00 2.320623738971506533e+00
1.681887034015543403e+00 2.320307723377684539e+00
1.693872442976878556e+00 2.318862704498109384e+00
1.690872717455332630e+00 2.333019208101844821e+00
1.702560784799877824e+00 2.304270171293484548e+00
1.693310051965778218e+00 2.307831443649279279e+00
1.681211675033957409e+00 2.315304801986559635e+00
1.666832486538323277e+00 2.323223315074533613e+00
1.652428362775364423e+00 2.331058103506137069e+00
