5.913043478260869845e-01 4.165901134009043771e-02 5.896387706566227904e-02 7.402281576536343978e-04
5.445544554455445940e-01 4.093008781847042726e-02 3.848981351422339076e-02 5.918752547009805288e-04
1.801801801801801717e-01 3.457804690503652606e-02 2.269007762087347016e-02 3.567998832387876467e-04
3.119266055045871733e-01 5.549889950583578729e-02 3.466225939917251531e-02 1.274740167151810035e-04
0.000000000000000000e+00 1.823817762399077350e-02 8.938869665513264617e-03 9.041454217504282168e-10
2.475247524752475226e-01 5.993125264083500742e-02 3.722578140166957900e-02 1.066549467313673052e-04
2.211538461538461453e-01 4.068655177002928475e-02 2.163877428799574135e-02 3.388101146980563813e-05
3.333333333333333148e-01 5.867370016057173177e-02 3.343524549381460265e-02 2.783724690707171834e-06
3.381294964028777050e-01 3.363657980616277521e-02 2.680157649901332081e-02 3.959515290195600012e-04
5.084745762711864181e-01 4.702436807225382487e-02 1.958523937989951544e-02 2.227555625058848813e-07
