1.252802380713836428e+00 2.355453930854990219e+00
1.250780545071097594e+00 2.352672154255639914e+00
1.242566085533222342e+00 2.348939908022293466e+00
1.234898272204935310e+00 2.346462881394044686e+00
1.227183557899649724e+00 2.344133073575604964e+00
1.225934652292748783e+00 2.346293028282802506e+00
1.218515673972092150e+00 2.342790233033174907e+00
1.211400221469542959e+00 2.338848234405280557e+00
1.210689822098689694e+00 2.349283495416554679e+00
1.209935114174098825e+00 2.356209080210712958e+00
1.209372761193560075e+00 2.363102135548339255e+00
1.208903071877601265e+00 2.369946563682844953e+00
1.209634773636743654e+00 2.372679874166364833e+00
1.211265389936032610e+00 2.378331850876418407e+00
1.213190434961879616e+00 2.383143149705654551e+00
1.214367428742404886e+00 2.386934887669544203e+00
1.216599154876634170e+00 2.391400673974591218e+00
1.219003140373363658e+00 2.395957740798444036e+00
1.221892805393786974e+00 2.400429230458852370e+00
1.223476130869575185e+00 2.404035372250148406e+00
1.225020554715732235e+00 2.407650334646099122e+00
1.226419446180828654e+00 2.410812105180740073e+00
1.227789936031900453e+00 2.413590390118022455e+00
1.230397559310063116e+00 2.417463137352532598e+00
1.232843662733042356e+00 2.421410427253679387e+00
1.235051881204079827e+00 2.423932474207250554e+00
1.238098371896027672e+00 2.426881256799076070e+00
1.241180989314415006e+00 2.429777161342453251e+00
1.242349351768879062e+00 2.430698501106399068e+00
1.243618987148873645e+00 2.432251497699713383e+00
1.244812769124853613e+00 2.433393972404024552e+00
1.246131055882990557e+00 2.434394734316928766e+00
1.247613054836244961e+00 2.435085019113400140e+00
1.249248359152153709e+00 2.435835926763644466e+00
1.252909768074342178e+00 2.436953685698425076e+00
1.255788065837561529e+00 2.437383512859896406e+00
1.257514729216029137e+00 2.437100420656711286e+00
1.259237956838009431e+00 2.436689419660468925e+00
1.260950548182045550e+00 2.436156473071283468e+00
1.262518878960601887e+00 2.435353535374100709e+00
1.263912373392157118e+00 2.434219910558236943e+00
1.265144639708161156e+00 2.432861723662071540e+00
1.266401079356822779e+00 2.431531289580866062e+00
1.267432781369582262e+00 2.429740669143875653e+00
1.268434649570568951e+00 2.427805104388145008e+00
1.270258469079625696e+00 2.425708364926756122e+00
1.272038600563027089e+00 2.423664275433777160e+00
1.273154466367426796e+00 2.421267075158321624e+00
1.274067869779820672e+00 2.418628229482147507e+00
1.274705843467769828e+00 2.415708016705963246e+00
1.275015577851192461e+00 2.412934875537123158e+00
1.275340348766046850e+00 2.410214879638009400e+00
1.275320002874102077e+00 2.407435850442883218e+00
1.275186083758819366e+00 2.404496827841454465e+00
1.275120198848980202e+00 2.401561245563784031e+00
1.276871701675978521e+00 2.402784212465633562e+00
1.277308943444843692e+00 2.401851407212556744e+00
1.277238436952962131e+00 2.400113532348112866e+00
1.276946625151230474e+00 2.398050541948059777e+00
1.276263523583273995e+00 2.395378533733190984e+00
1.275582255080841776e+00 2.392787243346233605e+00
1.275387864132922378e+00 2.390248439647892909e+00
1.275322503944097186e+00 2.387767670160191535e+00
1.275265802379634383e+00 2.385265697358855075e+00
1.275186189165967043e+00 2.382612946810918952e+00
1.274677582514751606e+00 2.379516514309481856e+00
1.273849186377086440e+00 2.376468562953317765e+00
1.274675302818766731e+00 2.377300958844839496e+00
1.274799532518600120e+00 2.376843491132983210e+00
1.274213880127204268e+00 2.375175124293855689e+00
1.274100505649360393e+00 2.373243619554642247e+00
1.273899835561088434e+00 2.371250384093980479e+00
1.273953114267802444e+00 2.369456460020831212e+00
1.273714480612282207e+00 2.367173663365419678e+00
1.273203975437432689e+00 2.364717513316408670e+00
1.272672914072174422e+00 2.362945482306764156e+00
1.272019489831085259e+00 2.360863259422129268e+00
1.271221659194684994e+00 2.362517539603357974e+00
1.270243480106914902e+00 2.363828343614332805e+00
1.269301461424538591e+00 2.365066624700694842e+00
1.268410081220940677e+00 2.366291092360663928e+00
1.268583890766895150e+00 2.368604250515875531e+00
1.268320168923103841e+00 2.370934485117220714e+00
1.267849616918477862e+00 2.372964515556484244e+00
1.267395323438137433e+00 2.374846437972517599e+00
1.266954614990878802e+00 2.376805120001446614e+00
1.266539551295137178e+00 2.378695129678872533e+00
1.266050548954797961e+00 2.379957376617554576e+00
1.265416614987047828e+00 2.381350370283670248e+00
1.264707090210960727e+00 2.382556785376345854e+00
1.263957633654661628e+00 2.383638940778568305e+00
1.263201079801258064e+00 2.384632077113925330e+00
1.262408644727633478e+00 2.385500207720829824e+00
1.261654770295994155e+00 2.386653094760314175e+00
1.260861867873963815e+00 2.387998720920748497e+00
1.259933467283154584e+00 2.388986737663944648e+00
1.258908156633306685e+00 2.389760372144309475e+00
1.257964961936443027e+00 2.391205904590612441e+00
1.256910916899695030e+00 2.392207322512162726e+00
1.255744379958602108e+00 2.392885480374498108e+00
1.254315384404952383e+00 2.392931985034936204e+00
1.252819616727345986e+00 2.397774716826588381e+00
1.251329947258029041e+00 2.398596844192848465e+00
1.249800948840376291e+00 2.398974013825896368e+00
1.248217065134309189e+00 2.398976683277984190e+00
1.246575941793751419e+00 2.401992066411818616e+00
1.244982325038205051e+00 2.401142209109597303e+00
1.243431554261448024e+00 2.400148962766642580e+00
1.241907821025309389e+00 2.399151735770516769e+00
1.240397517865623467e+00 2.398039805345922648e+00
1.238895556233079676e+00 2.396759773319963038e+00
1.237333108414196081e+00 2.395310975119291363e+00
1.235559224712160953e+00 2.393548368103004975e+00
1.233712517479957249e+00 2.391688784626934794e+00
1.231790185057270559e+00 2.389701998089034163e+00
1.229884962766024659e+00 2.387755392226849960e+00
1.222999390055114599e+00 2.377692331141900262e+00
1.215087593377165431e+00 2.367383366156603941e+00
1.207459535134206119e+00 2.357453891536473112e+00
1.200113874280201109e+00 2.347732979550591459e+00
1.193008442582698114e+00 2.338294578718266958e+00
1.186116067074859393e+00 2.329106910243766482e+00
1.178376165060587732e+00 2.318380870577164465e+00
1.170317023241945531e+00 2.307079230365455924e+00
1.162524833563909787e+00 2.296149878122877741e+00
1.154252728915573289e+00 2.284721601007984049e+00
1.146056304561613448e+00 2.273308291336602949e+00
1.137979559897505544e+00 2.262977008060596873e+00
1.130112330264067655e+00 2.253073589184458658e+00
1.122153227093659389e+00 2.243245236193862624e+00
1.114410662042689015e+00 2.233567347793707469e+00
1.106939332908849050e+00 2.224290479890707495e+00
1.099663360418448699e+00 2.215330878828318362e+00
1.092659649831329682e+00 2.208801734886739254e+00
1.085747789125725227e+00 2.201298620910104198e+00
1.079036469379190510e+00 2.196124866138201348e+00
1.080524051261036789e+00 2.203066164835787877e+00
1.075139159816349554e+00 2.198148891137228222e+00
1.069943080355127085e+00 2.193431471870447513e+00
1.064548907126467325e+00 2.188283437802179598e+00
1.059267972997558038e+00 2.183184464698901373e+00
1.053604865521630352e+00 2.177451160360614146e+00
1.048046984750761412e+00 2.171863593780407165e+00
1.042755041031998786e+00 2.166863910531218185e+00
1.037424241846897965e+00 2.161752941937121086e+00
1.032149079702765926e+00 2.156710981612060429e+00
1.026840284516453927e+00 2.151605717708098275e+00
1.021473855988222823e+00 2.146416748729326862e+00
1.022232723794380904e+00 2.146694555284926587e+00
1.016709299114926246e+00 2.141706792528818681e+00
1.011439301347628383e+00 2.136932250116966969e+00
1.005754243841505691e+00 2.131448593768327626e+00
1.000397437900242936e+00 2.126568620544059041e+00
9.953020408986753553e-01 2.122141915583873661e+00
9.900640197483235871e-01 2.117390191861092230e+00
9.847410129471039220e-01 2.112602283876965803e+00
9.792350321581806405e-01 2.107583692432910993e+00
9.738237981000954502e-01 2.102732848307382163e+00
9.684721748985249956e-01 2.097964328475757867e+00
9.632988707038552256e-01 2.093405923707381877e+00
9.581322296444673148e-01 2.088879755923374493e+00
9.529869921396622034e-01 2.084379226243682215e+00
9.553125197432275062e-01 2.087322099415167109e+00
9.501308690449823402e-01 2.083697802218699824e+00
9.450391504192264813e-01 2.080191421297497900e+00
9.402173930218261644e-01 2.077016484401818186e+00
9.356106527869287870e-01 2.074232592536243036e+00
9.313001263179021549e-01 2.071770654558873215e+00
9.334608974390468106e-01 2.079334608653671257e+00
9.299809058454994171e-01 2.077700729207949237e+00
9.263031381089157357e-01 2.075668474328496771e+00
9.295315897353245704e-01 2.084688306516897072e+00
9.258325555004982554e-01 2.082306712465540777e+00
9.221571102757665228e-01 2.079873010755333596e+00
9.185177530555309611e-01 2.077353193957843125e+00
9.150904001486903638e-01 2.075104779647132247e+00
9.190842717380289795e-01 2.085010089758257745e+00
9.229862415354290750e-01 2.094717056822384293e+00
9.267642305204906172e-01 2.104264606575172447e+00
9.304293881468800320e-01 2.113496376570811464e+00
9.339836423355449835e-01 2.122340964976709543e+00
9.305921196418521779e-01 2.119506055062597483e+00
9.333785674458963122e-01 2.124791771785574657e+00
9.363048720062879804e-01 2.130695860959145982e+00
9.408674433907147083e-01 2.138918581310527145e+00
9.454379664606625822e-01 2.146532274853387268e+00
9.491954664394767205e-01 2.153489912541196372e+00
9.536423626628881545e-01 2.160517891371997568e+00
9.587388638186763457e-01 2.167944448837456406e+00
9.639561840997620257e-01 2.176235162872154127e+00
9.696210424708741060e-01 2.183992357679863883e+00
9.756160585329886059e-01 2.194167316278909929e+00
9.817695698749164812e-01 2.201994484182170808e+00
9.884221380707569615e-01 2.209065766189240776e+00
9.951735178047836916e-01 2.215943627627477763e+00
1.003188559585051820e+00 2.223528927785922704e+00
1.011215912473628187e+00 2.231045349283261814e+00
1.019419309283847719e+00 2.240924107827386269e+00
1.027689947882984400e+00 2.250322151409095639e+00
1.035862385179213030e+00 2.258311658792403254e+00
1.044020282217192896e+00 2.267113297729874688e+00
1.239942875994844762e+00 2.407636467015793702e+00
1.239401511963805991e+00 2.404523235097395961e+00
1.238632610691425162e+00 2.402547645377660857e+00
1.235396341432110745e+00 2.400670210010791727e+00
1.231777927876735568e+00 2.397447916377231980e+00
1.222670292661950153e+00 2.390911322476712897e+00
1.213684909167939363e+00 2.382550800048741202e+00
1.210267838712795196e+00 2.386723032052592508e+00
1.201502068189231220e+00 2.379279175665068191e+00
1.194379917351148235e+00 2.372976790562630889e+00
1.188035538354355936e+00 2.367265029248064145e+00
1.182079656697163639e+00 2.360336374951434557e+00
1.176343436012704968e+00 2.352031554142525849e+00
1.170871019179149819e+00 2.344175820252882847e+00
1.165568370840384782e+00 2.336459497230212623e+00
1.162147275223629705e+00 2.331556113389371188e+00
1.158954570819958008e+00 2.324031883227843043e+00
1.155828319383242375e+00 2.316376005054698428e+00
1.153708444951289325e+00 2.312162404750177647e+00
1.156752048987162995e+00 2.315399083120136314e+00
1.160870613209808333e+00 2.322157716964782903e+00
1.164779646275275304e+00 2.328260035898982228e+00
1.168401056604493116e+00 2.333793232781026017e+00
1.172115217793899378e+00 2.339100434583739840e+00
1.175770659129407480e+00 2.343843901136199559e+00
1.179405517374727541e+00 2.348094134694647117e+00
1.182961512237642676e+00 2.351674772987592643e+00
1.186464765234899854e+00 2.354770240821526972e+00
1.189966038831024697e+00 2.357351435131227468e+00
1.193389769636282072e+00 2.359535835231305612e+00
1.197111028408250899e+00 2.361826060442923314e+00
1.200731305037065377e+00 2.363734438750038525e+00
1.203263575749605518e+00 2.364766110412535038e+00
1.205748809198870841e+00 2.365480926524991645e+00
1.209918550043775909e+00 2.369925023642417194e+00
1.214447885384164927e+00 2.374764024290962450e+00
1.218931860607328943e+00 2.379508897295384617e+00
1.221458239461242545e+00 2.380925548939931247e+00
1.225138009696395303e+00 2.384134464639718232e+00
1.227823617187330907e+00 2.384607211375524560e+00
1.230512379267005629e+00 2.384605772306386928e+00
1.233372387349083610e+00 2.384580281524177003e+00
1.236092125468522429e+00 2.384278013311006639e+00
1.238660477863818610e+00 2.383681885924657351e+00
1.241058565901497435e+00 2.382771278701548034e+00
1.243333314639684772e+00 2.381722351123441328e+00
1.245380189289084116e+00 2.380502793561973807e+00
1.246278509847901006e+00 2.378130278468328918e+00
1.246468649420178432e+00 2.375049510729950963e+00
1.246626853457617923e+00 2.372072919634134802e+00
1.247446298902231909e+00 2.369665212870204929e+00
1.247973553853177764e+00 2.367267601136393562e+00
1.248424218011711329e+00 2.364946195083058367e+00
1.249041125533910890e+00 2.362734251753350723e+00
1.249571257391469459e+00 2.360824117369701547e+00
1.250014955032866970e+00 2.358534450408058980e+00
1.250235766472020060e+00 2.359043855675189150e+00
1.250265104840429187e+00 2.358443287937136645e+00
1.250225617177502135e+00 2.357566395747076271e+00
1.250829954019389678e+00 2.355535294322235629e+00
1.251321885622458607e+00 2.353827128118495260e+00
1.252944871895524281e+00 2.355156003280058918e+00
1.255006066863239678e+00 2.355183290891707859e+00
1.255389194148229137e+00 2.353873822779874558e+00
1.255556234560339490e+00 2.352576258518931152e+00
1.255328017786349504e+00 2.350982923410101399e+00
1.255093534161902502e+00 2.349471845992482155e+00
1.254887621548291810e+00 2.347510256280242569e+00
1.254578373652131873e+00 2.345290385770808506e+00
1.254139139852950002e+00 2.347001476271081355e+00
1.253704233423695857e+00 2.344677071361343401e+00
1.253283809403692661e+00 2.342431129065567497e+00
1.252864492241080985e+00 2.340239823304135935e+00
1.253631322961118011e+00 2.341710046715635318e+00
1.253959793804513279e+00 2.345040417671095945e+00
1.254084900452996809e+00 2.347977780148714722e+00
1.253995403208585158e+00 2.350327153221488441e+00
1.253849207365556495e+00 2.352512178778666918e+00
1.253499112891065970e+00 2.352127829026728900e+00
1.253161419528797449e+00 2.352339334329469622e+00
1.252774609600381561e+00 2.352673811886970334e+00
1.252396175085742636e+00 2.353137891022332173e+00
1.252012440517265013e+00 2.353667420983715175e+00
1.251586061753922952e+00 2.355416054091839406e+00
1.251168416168299657e+00 2.357119436918694522e+00
1.250789961586066923e+00 2.358829523949112605e+00
1.250415859417421505e+00 2.360488490688561924e+00
1.250038351321234753e+00 2.362071076541082615e+00
1.249674086402995155e+00 2.363236088966799375e+00
1.249168004919496422e+00 2.364894025649365350e+00
1.248624501030570100e+00 2.366316751390004747e+00
1.248103421180965178e+00 2.367675575977041813e+00
1.247521420218439259e+00 2.368840305246100453e+00
1.246920737217897424e+00 2.369922975340605031e+00
1.246254067086410844e+00 2.371815995815517830e+00
1.245540545278241096e+00 2.373522932179133349e+00
1.244777781610649559e+00 2.375045207303821737e+00
1.243901009605375529e+00 2.376242596766277693e+00
1.242849824619412624e+00 2.377067736727192848e+00
1.241743235179828986e+00 2.378166347673377423e+00
1.240605043152456233e+00 2.379066303715581476e+00
1.239474187034363517e+00 2.380062912737971992e+00
1.238276548561204393e+00 2.380746758610626124e+00
1.237691401664525070e+00 2.382655068140338006e+00
1.236473183040626589e+00 2.383062833905827294e+00
1.235329087513871826e+00 2.383280530562107202e+00
1.234180338718754211e+00 2.387858084355801047e+00
1.232787971068157962e+00 2.387698469843259286e+00
1.231299860093078902e+00 2.386980158899578708e+00
1.229686690510840563e+00 2.386010394124212119e+00
1.228045170303880829e+00 2.385138749523335822e+00
1.226413073335344439e+00 2.384151728314794827e+00
1.224475841317192559e+00 2.382592205713038869e+00
1.218261530495519995e+00 2.373529422769445674e+00
1.212087347984076580e+00 2.364557652883114258e+00
1.205952496949500574e+00 2.355648920884642283e+00
1.199869187924282432e+00 2.347194528075459363e+00
1.193837900764305626e+00 2.339515821911019255e+00
1.190857989204638923e+00 2.336588877249563101e+00
1.186032710898494713e+00 2.330471680965387371e+00
1.180887236655045580e+00 2.323697882044930108e+00
1.175672180554322210e+00 2.316836175052836122e+00
1.178161636226401576e+00 2.314423680601056077e+00
1.177378484631342648e+00 2.315107418752718527e+00
1.172104306671866603e+00 2.309141033222390504e+00
1.164485927612726623e+00 2.299271222348393096e+00
1.157528671618906158e+00 2.293377701193965557e+00
1.151052114318537045e+00 2.284741209815026153e+00
1.144219658592231736e+00 2.275747977495006236e+00
1.137448988460353139e+00 2.268153014502841458e+00
1.131199888653441565e+00 2.260048459081542394e+00
1.125443023963783373e+00 2.252758238190986084e+00
1.119935873605001575e+00 2.245824867124194490e+00
1.112664986648397969e+00 2.236317763171629114e+00
1.105508863125653107e+00 2.227500391436951332e+00
1.106154826747412168e+00 2.228109493977592059e+00
1.106622692543915099e+00 2.230866315787463527e+00
1.098854162558519532e+00 2.220607038560907576e+00
1.091363306595744431e+00 2.210868417372819028e+00
1.084121168148491687e+00 2.201494191083903651e+00
1.077190485992423064e+00 2.192675618321676456e+00
1.070431071454191585e+00 2.184628211442516843e+00
1.065607317707060187e+00 2.180026354459085880e+00
1.060445028732352135e+00 2.174791650552119648e+00
1.059864230688629450e+00 2.177809576522568236e+00
1.057616437057060876e+00 2.177299123537641545e+00
1.054339060802670813e+00 2.174969896686660409e+00
1.050958246950252084e+00 2.172411653260004183e+00
1.047313394469279402e+00 2.169466661467308377e+00
1.043634281502465067e+00 2.166498470014210920e+00
1.039552667380872375e+00 2.162909268793840933e+00
1.034367516028589229e+00 2.157610856627905971e+00
1.029282901937764061e+00 2.152511373237843806e+00
1.024305820840535119e+00 2.147440502255205441e+00
1.019460063881064249e+00 2.142561923504067156e+00
1.014465318436324814e+00 2.137455072818791990e+00
1.009268221484432848e+00 2.132110792207575045e+00
1.004244753771506682e+00 2.127074627329772039e+00
9.993868450263324599e-01 2.122877035360772879e+00
9.944817155701496381e-01 2.118510162202165148e+00
9.896222891084146545e-01 2.114188021813469653e+00
9.848773290477176312e-01 2.110004087567822761e+00
9.801821670036762191e-01 2.106007737178840600e+00
9.754734105124810428e-01 2.102007519967320270e+00
9.706650987851551671e-01 2.097762651487012686e+00
9.661022302919453075e-01 2.093952870501535113e+00
9.616907666021253798e-01 2.090475244932022747e+00
9.571497965716038170e-01 2.086850785449226642e+00
9.523513289043460395e-01 2.082702038602168404e+00
9.476315293844752574e-01 2.078739618376972853e+00
9.428334661254818005e-01 2.074656577404748514e+00
9.382960066549260736e-01 2.070868070992584631e+00
9.339220487611580301e-01 2.067244669258607281e+00
9.297519140271346405e-01 2.063908813303610756e+00
9.255843634359171013e-01 2.060600719978221473e+00
9.215558088098824152e-01 2.057498693403434054e+00
9.176611652007544695e-01 2.054618209509142090e+00
9.137892970007314153e-01 2.051740730281184977e+00
9.095904892062691705e-01 2.048372690363077453e+00
9.055808007515856461e-01 2.045249424252295167e+00
9.017403592620731878e-01 2.042349486382811552e+00
9.048145793839404982e-01 2.048042590665372753e+00
9.012719761743754887e-01 2.045340699213483493e+00
8.980789215147343407e-01 2.043138852822915741e+00
8.949766328731765253e-01 2.041137749773554333e+00
8.920750748806780539e-01 2.039407459614472451e+00
8.892232666955917075e-01 2.037685609109372464e+00
8.865456782563698734e-01 2.036115932564621200e+00
8.841994731462758939e-01 2.035356623619535288e+00
8.819816601347584273e-01 2.034631630796560842e+00
8.800244798564951232e-01 2.034383823266689539e+00
8.782242937476492095e-01 2.034189096419340537e+00
8.765287654167575049e-01 2.034095095702536771e+00
8.745165450150822473e-01 2.033422809846760160e+00
8.724904128745791798e-01 2.032615021199149385e+00
8.704029559809471905e-01 2.031731836216793763e+00
8.686190683520481626e-01 2.031602740858965195e+00
8.667563411596700407e-01 2.031189167577652999e+00
8.647470613720489307e-01 2.030512415492171652e+00
8.628765546911695283e-01 2.029849195650998084e+00
8.616170531002009803e-01 2.030097259373048857e+00
8.602141381008565624e-01 2.030018126606790485e+00
8.591930301639177925e-01 2.030517664205306883e+00
8.582407650520790243e-01 2.031024123068918996e+00
8.574235612086301694e-01 2.031593082044690135e+00
8.581049710537705932e-01 2.034109431311779126e+00
8.581338709319937808e-01 2.035426054318360212e+00
8.594981375792694056e-01 2.038640769003401410e+00
8.652137805360605727e-01 2.048477505649909158e+00
8.707252257737876366e-01 2.058116572536094147e+00
8.760642558795038726e-01 2.067369165236561113e+00
8.840806982666267189e-01 2.080181531094942748e+00
8.921217040625813999e-01 2.091560796332019301e+00
8.999255394304916944e-01 2.102354589675492047e+00
9.073492141533361366e-01 2.112476201353826522e+00
9.151191210999705117e-01 2.122525525046031980e+00
9.230887832738299270e-01 2.132887050218559732e+00
9.310660749914521084e-01 2.143012840405920993e+00
9.390217232215227749e-01 2.152671742191123894e+00
9.468149961847132090e-01 2.162048865696900357e+00
9.545864208771334125e-01 2.171274800823460804e+00
9.623677309965985582e-01 2.179593069608089628e+00
9.703137530413690204e-01 2.187734812340736301e+00
9.785038924713556074e-01 2.196456577180940783e+00
9.865316603678344620e-01 2.204391337291450093e+00
9.948089806001145785e-01 2.211930537467158953e+00
1.002908778820930991e+00 2.219048834372101542e+00
1.011141554349586302e+00 2.225780123387052001e+00
1.019120612818284144e+00 2.231719680986377519e+00
1.027342207322849976e+00 2.237517582161193452e+00
1.035537878056714600e+00 2.243258803675305391e+00
1.043690205976864682e+00 2.249653174305929149e+00
1.051665259800046659e+00 2.255825902438667097e+00
1.059487000263776180e+00 2.264297565876954188e+00
1.067359646484838276e+00 2.271120029163257392e+00
1.075073185071583337e+00 2.279286404584441428e+00
1.082661338958716080e+00 2.286509601256307089e+00
1.090138945362904455e+00 2.293880486132544139e+00
1.097391866819792394e+00 2.301106433416560293e+00
1.104434817217671450e+00 2.307548523222107129e+00
1.111363072228620075e+00 2.313445521587887299e+00
1.179686468573223346e+00 2.367860511952790681e+00
1.183794299110876080e+00 2.372909213124709371e+00
1.187697398954525863e+00 2.374205470801530993e+00
1.190911859931472305e+00 2.374411027251660755e+00
1.193971211563956469e+00 2.375339036626020750e+00
1.196461424511206184e+00 2.376369047313117822e+00
1.198695460897464260e+00 2.376256651177239387e+00
1.200659175851823468e+00 2.375684478747637218e+00
1.201945448014575035e+00 2.370502122591821248e+00
1.202595632044884066e+00 2.367683784222126775e+00
1.202298343150925319e+00 2.366260683202075388e+00
1.201234246116287263e+00 2.365447537254880661e+00
1.197092021339747347e+00 2.364879061925565740e+00
1.194122886091872449e+00 2.362770855054792118e+00
1.191367775316325650e+00 2.359337719736127159e+00
1.181588359371512631e+00 2.352016902532140463e+00
1.172056801021942096e+00 2.343326873601339511e+00
1.162782237788069217e+00 2.333880685467705884e+00
1.155144660366153708e+00 2.328487076858864135e+00
1.148494642109262776e+00 2.325032971140166715e+00
1.146891374162585464e+00 2.326500328427386854e+00
1.141480186925985851e+00 2.324217638795361474e+00
1.136398042787935214e+00 2.320225916694640400e+00
1.131354685423427098e+00 2.312703376328546501e+00
1.134285341897806720e+00 2.315546221835038221e+00
1.136942086816853825e+00 2.317607503072108166e+00
1.139584607760379287e+00 2.319308005938211181e+00
1.142139435096146460e+00 2.320905178343786623e+00
1.145053306731219855e+00 2.322953919238775811e+00
1.148449676465640890e+00 2.325778919698712421e+00
1.151871957124187773e+00 2.330085904989180001e+00
1.156145464366788334e+00 2.331613723467107935e+00
1.160787403798533735e+00 2.335274311266458902e+00
1.165756460641964365e+00 2.337462156107033007e+00
1.170609903139340435e+00 2.341788971368593320e+00
1.175407568261437774e+00 2.345520443514085507e+00
1.180240177939296808e+00 2.348956234554165690e+00
1.185157283110926274e+00 2.353396111819809455e+00
1.190038252653458084e+00 2.357604282446525978e+00
1.194532341666232789e+00 2.360302793618085371e+00
1.199244884463288363e+00 2.362757594528982263e+00
1.204005544807728256e+00 2.365484293328302012e+00
1.207939034673700007e+00 2.366476888133342005e+00
1.211719602160032272e+00 2.366428002649220819e+00
1.215474983673957565e+00 2.365928539310142131e+00
1.218559709041898920e+00 2.364510059018815724e+00
1.221064473501923375e+00 2.362297378933314373e+00
1.223248785824406104e+00 2.359757492037648952e+00
1.225349456395937953e+00 2.357040116616154979e+00
1.227395214146322910e+00 2.354219320938605975e+00
1.229610913446803844e+00 2.351153535870389888e+00
1.231768322681464634e+00 2.348077174025693825e+00
1.233937369632772452e+00 2.344681545117815791e+00
1.236134670090841770e+00 2.339837159037104097e+00
1.238312284951928577e+00 2.337065830668778155e+00
1.240293688222616542e+00 2.334156590937085607e+00
1.243166270953962149e+00 2.334453092614168668e+00
1.246128512329844451e+00 2.334964604264076371e+00
1.249144545417089525e+00 2.335733077717213391e+00
1.251306440978820378e+00 2.334328052327896419e+00
1.253333432764426769e+00 2.332057159255288337e+00
1.254996417074177639e+00 2.329131254189918288e+00
1.256803505737008830e+00 2.326168899519046374e+00
1.258571316853592137e+00 2.323100380325695546e+00
1.260982626322230571e+00 2.322885660208547254e+00
1.263605911158994122e+00 2.323730600022312132e+00
1.266072200060109676e+00 2.324904587565295166e+00
1.268455505169916675e+00 2.326101855657186412e+00
1.270763190643081408e+00 2.327343397399196601e+00
1.270526310158830885e+00 2.323849224481588038e+00
1.270059649286720882e+00 2.319938461773528804e+00
1.269440885005378217e+00 2.315723503343856127e+00
1.268608201497227972e+00 2.311274902109248686e+00
1.267854183321755590e+00 2.306730711838997472e+00
1.266831286486487018e+00 2.302241198041613313e+00
1.262537928702875512e+00 2.293914316479411131e+00
1.259620048589431329e+00 2.287536154796705912e+00
1.257312448285550888e+00 2.281937755088493613e+00
1.255154602393478536e+00 2.276603541412034470e+00
1.251880495674441818e+00 2.270419049644399667e+00
1.249412757573333810e+00 2.265950999239298547e+00
1.247418267358026078e+00 2.262274492677029958e+00
1.245553080899787446e+00 2.258892451558465631e+00
1.243785516432357019e+00 2.255494322649891359e+00
1.242143139547131181e+00 2.252631855885024237e+00
1.240773214102058652e+00 2.250281383850201600e+00
1.239807548798094849e+00 2.248490126025437519e+00
1.239064938317283815e+00 2.246595068100192716e+00
1.238480914655263110e+00 2.244803529400045683e+00
1.238024988651607261e+00 2.244993684405218737e+00
1.237545680342813093e+00 2.245064607748881613e+00
1.237169207115329961e+00 2.244543521191434188e+00
1.237109642251641439e+00 2.245357296449334683e+00
1.236919075222225217e+00 2.246056901917833137e+00
1.236639171118503189e+00 2.246619321518186219e+00
1.236361022531333731e+00 2.247177892186785986e+00
1.235970747178763762e+00 2.251254562450529129e+00
1.235496341191713920e+00 2.251755694945306363e+00
1.234887669348553318e+00 2.255966919514661662e+00
1.234186477339960897e+00 2.259790518485855326e+00
1.233397811957896106e+00 2.263248984648841056e+00
1.232494240941630403e+00 2.266315970516287415e+00
1.231521701968464111e+00 2.269076269565181825e+00
1.230464794221708402e+00 2.271499233413333041e+00
1.229252443376225745e+00 2.273530089522631581e+00
1.227980209003630918e+00 2.275347240553789785e+00
1.226641719001038133e+00 2.277039502858061670e+00
1.225252282448884955e+00 2.278573159253602931e+00
1.223804100162373842e+00 2.281185075091676673e+00
1.222327815720401611e+00 2.283736663613425311e+00
1.220792019327582745e+00 2.285967281417816910e+00
1.219200396111772333e+00 2.287847380671162334e+00
1.217536262254836466e+00 2.289525295055643284e+00
1.215814673208308161e+00 2.290998011798100809e+00
1.214198673676623041e+00 2.292465484229920136e+00
1.212602195185654930e+00 2.293727383956769117e+00
1.211069903134915027e+00 2.294832321330146474e+00
1.209580833353776974e+00 2.295813944265259643e+00
1.208066041187863204e+00 2.296701274863381492e+00
1.206528528832885083e+00 2.297416454374478167e+00
1.205014737997904817e+00 2.298012820450251681e+00
1.203426881955139249e+00 2.298364090957503159e+00
1.201878074906216565e+00 2.298758490251471720e+00
1.200341135769332990e+00 2.299150532065890484e+00
1.195037780029228447e+00 2.292721116938787773e+00
1.189802215710707323e+00 2.286552785321056991e+00
1.184525074337971606e+00 2.280874494767869631e+00
1.179182047975920078e+00 2.274930907618529563e+00
1.174004033313030604e+00 2.269279185828002809e+00
1.168872323475910635e+00 2.263639847536154992e+00
1.161995847188390885e+00 2.255159956927200504e+00
1.155659913096966473e+00 2.247481388927424995e+00
1.149729613008790619e+00 2.240410092046203339e+00
1.142663296947856510e+00 2.232847810794718502e+00
1.135611410714160385e+00 2.225165885030949475e+00
1.128368858409286357e+00 2.217095457502521683e+00
1.120792198719344768e+00 2.208412593029897231e+00
1.113203588173430125e+00 2.199606707643206427e+00
1.105669412830977194e+00 2.190749686262885465e+00
1.104202566689053588e+00 2.191188791613759346e+00
1.097194688328376522e+00 2.182939714672712306e+00
1.090432171470909761e+00 2.175131576809074652e+00
1.084971473516087803e+00 2.169242539387816304e+00
1.079444519737555286e+00 2.163400732246351765e+00
1.074002044397708522e+00 2.157694116585934019e+00
1.069985270533873933e+00 2.154518294043590743e+00
1.065199107773931564e+00 2.150479386002997817e+00
1.060295301666421164e+00 2.146284354010063122e+00
1.055598474032604095e+00 2.142486870541786548e+00
1.051056066502571662e+00 2.138974497458575819e+00
1.045836615081421117e+00 2.134976617435810020e+00
1.040838289051749799e+00 2.131253107510092892e+00
1.035453826005225508e+00 2.126874453513905916e+00
1.030006233441312702e+00 2.122299448225498431e+00
1.024410454910859913e+00 2.117457099364012052e+00
1.018891109970843312e+00 2.112706001736251782e+00
1.013581440335905803e+00 2.108303004344315834e+00
1.008793570529178840e+00 2.104693638884244766e+00
1.004097222139447743e+00 2.101121020968639286e+00
9.995464818241521776e-01 2.097752685266721429e+00
9.948476738832343624e-01 2.094394829740247044e+00
9.902787578581083716e-01 2.091168118709560098e+00
9.854693497260612611e-01 2.087610059380738292e+00
9.808354507551306778e-01 2.084370623811346857e+00
9.763002956755990613e-01 2.081213923973395108e+00
9.719335401935418339e-01 2.078243200742472041e+00
9.676305886636020759e-01 2.076135973551745284e+00
9.634690553895580711e-01 2.074168352271906546e+00
9.593306618137525943e-01 2.072162804802438973e+00
9.549995542698110906e-01 2.069946837369767589e+00
9.507758865357289757e-01 2.067924178802759805e+00
9.463072225670454696e-01 2.065877664956316195e+00
9.417460853438142099e-01 2.063509152551042725e+00
9.371103363616066773e-01 2.060979363111232310e+00
9.326207676185636064e-01 2.059595483524777393e+00
9.353291014190396879e-01 2.067279369303901770e+00
9.306141793979274546e-01 2.064398354937436952e+00
9.260899306203412840e-01 2.061602686842958221e+00
9.217291657496825552e-01 2.058899131883478173e+00
9.179770622055332119e-01 2.056988460020048315e+00
9.144315856174388690e-01 2.055240955878733455e+00
9.109916574301574199e-01 2.053607252744282796e+00
9.074972567916428368e-01 2.052053739157940981e+00
9.113016292263761420e-01 2.061796080722824609e+00
9.091238017137879268e-01 2.061748571684113962e+00
9.136661043086006240e-01 2.072340826631198674e+00
9.181020272427763418e-01 2.082276152461875807e+00
9.227342670324572005e-01 2.092089864414628853e+00
9.275643975033150967e-01 2.101834590445656126e+00
9.320443488581765523e-01 2.110621425741024737e+00
9.393495146543330288e-01 2.122463957241553789e+00
9.463058412118738882e-01 2.133849400004070862e+00
9.532973284820446258e-01 2.145207371855736511e+00
9.603551880018287301e-01 2.158520807776598716e+00
9.673101472999368067e-01 2.168441283719173995e+00
9.748974054335256545e-01 2.178577272926673469e+00
9.827976238739536408e-01 2.188579450303318019e+00
9.906428861719359658e-01 2.197432001295900328e+00
9.990586851416368708e-01 2.204888606813177443e+00
1.007499705826637504e+00 2.213205892718284939e+00
1.015834927068117732e+00 2.221037206558349908e+00
1.024343501521563615e+00 2.228352599268753398e+00
1.032680803252808310e+00 2.235373302439773724e+00
1.041017852825088408e+00 2.242457225333461590e+00
1.049163197722099206e+00 2.249397411166720762e+00
1.057110203227234591e+00 2.256111040685758073e+00
1.064820371942510446e+00 2.262602866667914547e+00
1.072295174702601050e+00 2.268961845702804681e+00
1.079593165240543717e+00 2.275147027230044028e+00
1.086736985332746208e+00 2.281352172432489667e+00
1.093688927841676817e+00 2.289161243795391876e+00
1.100434463650954875e+00 2.295151150722283262e+00
1.107005836730991843e+00 2.300900764505848350e+00
1.113415145446609023e+00 2.307612676525860884e+00
1.224050303557980612e+00 2.377982989575533335e+00
1.220491436174095501e+00 2.375495545890065063e+00
1.211574903868240849e+00 2.373200994523793295e+00
1.202810764006426947e+00 2.367658981552548614e+00
1.194056422758063674e+00 2.361488828875943913e+00
1.187211561953436245e+00 2.358786478583589474e+00
1.180732532088060394e+00 2.356135838312408470e+00
1.174320491384232890e+00 2.349087292161567753e+00
1.174074793547937645e+00 2.350516744646192535e+00
1.169326338746847105e+00 2.347748633475315039e+00
1.164943242495346976e+00 2.345603809302776011e+00
1.160671368173103124e+00 2.342493061603157845e+00
1.156066660754832665e+00 2.335026680914224162e+00
1.151953665667209581e+00 2.331673558700057214e+00
1.148913436040021274e+00 2.329526713145549710e+00
1.146107099273070418e+00 2.327046304891988271e+00
1.143548941873344882e+00 2.324337093380429042e+00
1.141246031064679478e+00 2.320582640866732937e+00
1.139147368209700195e+00 2.316430706022974739e+00
1.144664286881634130e+00 2.321717879233379911e+00
1.149991108715885391e+00 2.326723717955469617e+00
1.155267956338522195e+00 2.330335534801996733e+00
1.161171168426352818e+00 2.333988208952348486e+00
1.166616742450628852e+00 2.337661686583011100e+00
1.171888039810601079e+00 2.340983087360526405e+00
1.177002954612273111e+00 2.343704477719585899e+00
1.181937689292008153e+00 2.346055036882709111e+00
1.186639190288416579e+00 2.347890043540053373e+00
1.190949897865834606e+00 2.348975022560059411e+00
1.195062381687205244e+00 2.355329400508733073e+00
1.198795486253118714e+00 2.361202947257265539e+00
1.204362008436013154e+00 2.367175873948316411e+00
1.208695944473467732e+00 2.370831392722791087e+00
1.212927363937454261e+00 2.372672612845899920e+00
1.217047022112103027e+00 2.374097419314350255e+00
1.221070878889724209e+00 2.375249373388923058e+00
1.225138231789983712e+00 2.376985711906725030e+00
1.229177897558209054e+00 2.378589427788655897e+00
1.233172382675240319e+00 2.380189592920160191e+00
1.237189578401917789e+00 2.381699162549521631e+00
1.241132381974858534e+00 2.383192689321298463e+00
1.245016586620074861e+00 2.385426665022943205e+00
1.248803392848088833e+00 2.391809794339297746e+00
1.252504690771943707e+00 2.396486521852836393e+00
1.256137092625252194e+00 2.401672542145935285e+00
1.259725171932654098e+00 2.406210753926510737e+00
1.263221110046205853e+00 2.411235370132749800e+00
1.266657601546524736e+00 2.416628335262489102e+00
1.270018813097615773e+00 2.420658495062758320e+00
1.271118186573498621e+00 2.421869861884077046e+00
1.270761186722513481e+00 2.419187157740855021e+00
1.273826912086064134e+00 2.423796898156735047e+00
1.276846371344292130e+00 2.428733038898633900e+00
1.279785599418391540e+00 2.433771009408622010e+00
1.282587013949328281e+00 2.438654278670722153e+00
1.285262345902360659e+00 2.443334878587345216e+00
1.287817543138116916e+00 2.447818904208201030e+00
1.290257313284077556e+00 2.452037624213937672e+00
1.292520310445670839e+00 2.455973485133962075e+00
1.294705116420976854e+00 2.459973220830296015e+00
1.296784300585649419e+00 2.463848289777929690e+00
1.298767721098712302e+00 2.467562152547828180e+00
1.300613711893244595e+00 2.470948992950989354e+00
1.302366810031967859e+00 2.474077472421130519e+00
1.304050443780976121e+00 2.477092692027511145e+00
1.305683869461292890e+00 2.480040968325801565e+00
1.307230355174394010e+00 2.483026405684153115e+00
1.308639694827880895e+00 2.485669831822006071e+00
1.309855724893817630e+00 2.487831962757399928e+00
1.310928822134415528e+00 2.489670634541059524e+00
1.311869319747970941e+00 2.489670168554456442e+00
1.312662904214706661e+00 2.491177061431880890e+00
1.313343105170722502e+00 2.492439533149953590e+00
1.313812904516548086e+00 2.493219342556717510e+00
1.311491609863667085e+00 2.491728298321756352e+00
1.309218573059474977e+00 2.490254156658407325e+00
1.307007300659398297e+00 2.489398449234744515e+00
1.303148728781908794e+00 2.483173073430842592e+00
1.299909380615015708e+00 2.478217493875228605e+00
1.301355599505864991e+00 2.477017881388376974e+00
1.299899717245413200e+00 2.475184355393081681e+00
1.298385580974550590e+00 2.473464799715716200e+00
1.296759634011682261e+00 2.472099963858302107e+00
1.295181986984893063e+00 2.470931986477436393e+00
1.294389870726253999e+00 2.470197250795401089e+00
1.293639557665786866e+00 2.467444548881803978e+00
1.293019120613078998e+00 2.465697597517138018e+00
1.292479721556103467e+00 2.466113649516342043e+00
1.290738199174694234e+00 2.465601165491774438e+00
1.288936510794969070e+00 2.465067149511105615e+00
1.289731325186544098e+00 2.461885893281634985e+00
1.288243580635628938e+00 2.459724989624707980e+00
1.286871188354153261e+00 2.457911842984770612e+00
1.285512077751415516e+00 2.455985767203539449e+00
1.284105441678830006e+00 2.453910197929011439e+00
1.282787780507059994e+00 2.451984623303431032e+00
1.281417787530103158e+00 2.449855945205028362e+00
1.280104200664337943e+00 2.454194070097789115e+00
1.278728030724165965e+00 2.453133608470972504e+00
1.277435754864983952e+00 2.452360363335301052e+00
1.276157700553763430e+00 2.451643232319782317e+00
1.274891198348696353e+00 2.450937760507738705e+00
1.268151225319540831e+00 2.441509349095646986e+00
1.261611408449781813e+00 2.432389215387451120e+00
1.255282589651863345e+00 2.429342699767490288e+00
1.249181383977751914e+00 2.422863377755515746e+00
1.243234652589799261e+00 2.419164178177572566e+00
1.240377738553117171e+00 2.409639594510956329e+00
1.237746743708093344e+00 2.406169624908200966e+00
1.235373513620555253e+00 2.403662587083678304e+00
1.233287935615730468e+00 2.405448993819987891e+00
1.231279413152048585e+00 2.407200016310694135e+00
1.229371739086416504e+00 2.408921545382673113e+00
1.227523277068953700e+00 2.410473507844089092e+00
1.225685300046617243e+00 2.411682512978272630e+00
1.223709430450579561e+00 2.409453507628859903e+00
1.217127563522647060e+00 2.400512358290561199e+00
1.210627396054372529e+00 2.391861739706790946e+00
1.204256736498123370e+00 2.383489991625729054e+00
1.197803494174396244e+00 2.376210424519916931e+00
1.193281603431452842e+00 2.370733214840248682e+00
1.189418281025715007e+00 2.364780135742278855e+00
1.185922973082127907e+00 2.358453014237879231e+00
1.182867788382800267e+00 2.356191326520314266e+00
1.180099081764697022e+00 2.354506637042254713e+00
1.177499315835772276e+00 2.352893970102984955e+00
1.174520774494097086e+00 2.351234432625612492e+00
1.171871359001224189e+00 2.349740778734353164e+00
1.169367655595711319e+00 2.347913978027254878e+00
1.166879928012317880e+00 2.343867798157957427e+00
1.164490798741799615e+00 2.340092202711543390e+00
1.162207176861087543e+00 2.340003010920771231e+00
1.159954760859601919e+00 2.340420690965351103e+00
1.157774413791613943e+00 2.340704259505209883e+00
1.155681449790574522e+00 2.340931592982261833e+00
1.153708237604884390e+00 2.337461570485372953e+00
1.152453670588875934e+00 2.335508800863755230e+00
1.151166751159053980e+00 2.338544558137224172e+00
1.149119867929396799e+00 2.340637601944000057e+00
1.146641770495209878e+00 2.341921268757138019e+00
1.144066870993803553e+00 2.339277005223092232e+00
1.141848013268210060e+00 2.341884599625990493e+00
1.139450148094276472e+00 2.344087294445087899e+00
1.137007596021135880e+00 2.341045301006429824e+00
1.134400152157217567e+00 2.342842790088936589e+00
1.131705003800508091e+00 2.344170144301053860e+00
1.128993408395187581e+00 2.340436412757064932e+00
1.126535678866664947e+00 2.342270851922092945e+00
1.123743966456321131e+00 2.337874632402052288e+00
1.121251100308736648e+00 2.339269374872475993e+00
1.116422037070122109e+00 2.336734315913336690e+00
1.112301947970133931e+00 2.335361390454929964e+00
1.108322975164026669e+00 2.333781876309909631e+00
1.100957188557985411e+00 2.326339943487854445e+00
1.096082563884877681e+00 2.319428512446925161e+00
1.093120108624285214e+00 2.319977635683681871e+00
1.086168568573381288e+00 2.314620989974308429e+00
1.079166200217381633e+00 2.308897414738196652e+00
1.072373024400474550e+00 2.302396189694035478e+00
1.068650001758479240e+00 2.296781967377866884e+00
1.066441191367853092e+00 2.298670892298512847e+00
1.064176636152891708e+00 2.299812965490805272e+00
1.056241237909324893e+00 2.292887175491378215e+00
1.050344049430597115e+00 2.287838140065375114e+00
1.047411075089185628e+00 2.288701612063064772e+00
1.044582379559643392e+00 2.287509958926875697e+00
1.043275801225036270e+00 2.284020433350324897e+00
1.041902826914687274e+00 2.285974274046835397e+00
1.040441656699266249e+00 2.287453289381978117e+00
1.039638423934776235e+00 2.290517070393236043e+00
1.039040531865888406e+00 2.293814336849087088e+00
1.038182656615823651e+00 2.296174563666449231e+00
1.037457691455947906e+00 2.298654090702455743e+00
1.035602889787659242e+00 2.299335386235200840e+00
1.033729893707556524e+00 2.299329803719954768e+00
1.031135755072025262e+00 2.297459265995653865e+00
1.029942050290411970e+00 2.297202686823414552e+00
1.028683781007926346e+00 2.296884463431760892e+00
1.028370494208771024e+00 2.296849408109676194e+00
1.028016485169191085e+00 2.296548419605909164e+00
1.029781320366441655e+00 2.298413436761495454e+00
1.032206983079063001e+00 2.299912766676085241e+00
1.035672726638428909e+00 2.303113097574321255e+00
1.039429699038386001e+00 2.305697209214254695e+00
1.044632566346940461e+00 2.309257148174612251e+00
1.050537495088714524e+00 2.313073660941577625e+00
1.056607187245352408e+00 2.319080273268709469e+00
1.062612468226002527e+00 2.320886714697171005e+00
1.069081932273252544e+00 2.323098717886727282e+00
1.075615260300219145e+00 2.325603018554393664e+00
1.082123637475787437e+00 2.328396000812557265e+00
1.088622934467682990e+00 2.331168358458979295e+00
1.095082609218506420e+00 2.337211651304537785e+00
1.101541894973956381e+00 2.342771860746020618e+00
1.107851259895050067e+00 2.347738315114187735e+00
1.114133879435940777e+00 2.352746010846630043e+00
1.120326892224515758e+00 2.357545601575476990e+00
1.126339568875889041e+00 2.361674417895764932e+00
1.132263553143485701e+00 2.365679864403662958e+00
1.138021148951433137e+00 2.369206653283300490e+00
1.143707571899259756e+00 2.372666605494025305e+00
1.149226636532991730e+00 2.375041931354074709e+00
1.154653536677690218e+00 2.378310659133839877e+00
1.160030614521625481e+00 2.380378666084558503e+00
1.165225561040658109e+00 2.382427480649901508e+00
1.170282676854110804e+00 2.385043334227010980e+00
1.175219323934649118e+00 2.387457403540464540e+00
1.180178285459756227e+00 2.388413499042393973e+00
1.184941514475811530e+00 2.389653225021579175e+00
1.189537897749900486e+00 2.390811747232743478e+00
1.194019406961519092e+00 2.392162548318893744e+00
1.198283978558975393e+00 2.393417951212630790e+00
1.202368291607595285e+00 2.394547704563439350e+00
1.206287301286313562e+00 2.395602003878740671e+00
1.210049838862954807e+00 2.396753498487713685e+00
1.213623406475771382e+00 2.397702332976580308e+00
1.216978984672294262e+00 2.398481307984041688e+00
1.220149870260536229e+00 2.397976372416875446e+00
1.223197826323592974e+00 2.398814518079014135e+00
1.226060652135793072e+00 2.399268352820915329e+00
1.228631441523895473e+00 2.399137291780710779e+00
1.238462107459185946e+00 2.377678784037875914e+00
1.239667759843142258e+00 2.370828392457072553e+00
1.239489752869378680e+00 2.366202994682563343e+00
1.239341355933471167e+00 2.353186969173715060e+00
1.238441357282622501e+00 2.349155712361042703e+00
1.237480624229029269e+00 2.345850815882611240e+00
1.230791906195270791e+00 2.343763329004856732e+00
1.225184313826294780e+00 2.342518762642855190e+00
1.219667830147407539e+00 2.343258599366233597e+00
1.214576153479662635e+00 2.342375234639100245e+00
1.209218670708166687e+00 2.339337191541432048e+00
1.209405208969205781e+00 2.348391093437668609e+00
1.207927842339579616e+00 2.353424620313260718e+00
1.206082587121078520e+00 2.357094380371556053e+00
1.208959768251902211e+00 2.363229118945300744e+00
1.212512252623134890e+00 2.369220159540572190e+00
1.215882560693141379e+00 2.373712755417650477e+00
1.219286931094025528e+00 2.379395018416711416e+00
1.222417433778467677e+00 2.384866250152637424e+00
1.224670966722625431e+00 2.389345831765552486e+00
1.227280073795682380e+00 2.394270780486366768e+00
1.231843888540220311e+00 2.401395832239701100e+00
1.236400915383795374e+00 2.408356245079388280e+00
1.239318710414177849e+00 2.413289533476334459e+00
1.241170233407893564e+00 2.416635216022325672e+00
1.245125402730987707e+00 2.422321026012446588e+00
1.249270291355131457e+00 2.427763671267669121e+00
1.253505899006262858e+00 2.433478428862855480e+00
1.257739054409608315e+00 2.439120311320780665e+00
1.261934783031788632e+00 2.444569972016434445e+00
1.266083750269430652e+00 2.449245055821697825e+00
1.270131494420445151e+00 2.454313656490245688e+00
1.273267297505844997e+00 2.458342667573951701e+00
1.276898186259068702e+00 2.462466471013179614e+00
1.279255220089343892e+00 2.465376539933958888e+00
1.281391987171538904e+00 2.467533624822460858e+00
1.283389552473716444e+00 2.469341970563982969e+00
1.286534423263629323e+00 2.471748786939082621e+00
1.286363803743122869e+00 2.470011972030468961e+00
1.285929418110939304e+00 2.468212116453665228e+00
1.285439379643524838e+00 2.466091719269029259e+00
1.285893605783642535e+00 2.464936981340702715e+00
1.287952244856940709e+00 2.466131302362922106e+00
1.290049120102698899e+00 2.467369941185752147e+00
1.292392612602209834e+00 2.471308593702421508e+00
1.294719907877840859e+00 2.473201001258840126e+00
1.297073067515595923e+00 2.475440924162806589e+00
1.297785023227130630e+00 2.475323760131368900e+00
1.299403954629371416e+00 2.475378279392531855e+00
1.300379983171162657e+00 2.474918223476337609e+00
1.301257618373547142e+00 2.474484196062110453e+00
1.302681413587640336e+00 2.475200359264042138e+00
1.301604257099312045e+00 2.474295620372610749e+00
1.300534906003527613e+00 2.474922277150052086e+00
1.300423790727282203e+00 2.476209788133372225e+00
1.299651589524088768e+00 2.477211521055588950e+00
1.298789193047896084e+00 2.478252469432729477e+00
1.297775416437859874e+00 2.479128741384432733e+00
1.296706914057617066e+00 2.477972554682829287e+00
1.295614963474742920e+00 2.477680693471532081e+00
1.294354281109121541e+00 2.477304299582063329e+00
1.293062626866508413e+00 2.477109170412068018e+00
1.291760828011575546e+00 2.476946481371797848e+00
1.290465926397203589e+00 2.474895220058341394e+00
1.289845091479957295e+00 2.475708104054335390e+00
1.289179940013077674e+00 2.476468162887684787e+00
1.288328885601961016e+00 2.476771349457878912e+00
1.287337595962823933e+00 2.477028036275128020e+00
1.286281536171081097e+00 2.476973710546230389e+00
1.285122851551597556e+00 2.476777962800621680e+00
1.283743379735200252e+00 2.476310668798058057e+00
1.281996425622613067e+00 2.475026154752435037e+00
1.280365247807796703e+00 2.474158889128940331e+00
1.278077709860139910e+00 2.471611628938648497e+00
1.275698902518854760e+00 2.473872564293407184e+00
1.273090385338133013e+00 2.472512936398860273e+00
1.270497908507596918e+00 2.473319567720067891e+00
1.267897769115611917e+00 2.471661236678280638e+00
1.257498949172394020e+00 2.459987755871066994e+00
1.247434177703075964e+00 2.447279457131863012e+00
1.237791221828444810e+00 2.434370392637226654e+00
1.228536027493310367e+00 2.421938414083959046e+00
1.224090696132681177e+00 2.415441455212526289e+00
1.219914626099675381e+00 2.411339941377802276e+00
1.216035741534744252e+00 2.407708490329307338e+00
1.213393680700139532e+00 2.406928110246465469e+00
1.209730700895154332e+00 2.402127053060833184e+00
1.199302133370875323e+00 2.390121965387557168e+00
1.192517277586952584e+00 2.385177891093371638e+00
1.186267702460900741e+00 2.381096940386107974e+00
1.179989410477422007e+00 2.377377759517971256e+00
1.175446973664514339e+00 2.375225316495485295e+00
1.170420910604883957e+00 2.371099676801073031e+00
1.166154792359499037e+00 2.372328610505552771e+00
1.161802104671951996e+00 2.372682427119788162e+00
1.157504606299252892e+00 2.372710980040758422e+00
1.148053665746185281e+00 2.363617853958856596e+00
1.138404661260596029e+00 2.354065697364121856e+00
1.129053232450709876e+00 2.344859879497773303e+00
1.120039154652366475e+00 2.336078753094095184e+00
1.111127128969860101e+00 2.327309087068249127e+00
1.102482296390185912e+00 2.318990403667595235e+00
1.099951487862543598e+00 2.321002939565138146e+00
1.091882439831995510e+00 2.313998600932726468e+00
1.084007980781250602e+00 2.307222704963409310e+00
1.076369523257284966e+00 2.300725668324856255e+00
1.068938732395400049e+00 2.298132105466637487e+00
1.062959362278835140e+00 2.294363798156385137e+00
1.057568706618619236e+00 2.290787980087561237e+00
1.052367109337825957e+00 2.285160794735860090e+00
1.046843373892497597e+00 2.281039054605471961e+00
1.041688871213668710e+00 2.276960956789678026e+00
1.036925576327462295e+00 2.273241515967349358e+00
1.031410132177698280e+00 2.269567950331459194e+00
1.026685626770134085e+00 2.266137857430980507e+00
1.024707690480404887e+00 2.266377922094219510e+00
1.024888387198499728e+00 2.271943982493344727e+00
1.025096961964505615e+00 2.276882469309045920e+00
1.021386234372034352e+00 2.273115883420976147e+00
1.019275625393320173e+00 2.271913878906579143e+00
1.019384959981366245e+00 2.275005062943968870e+00
1.018557422382151634e+00 2.275993946189434514e+00
1.016838903476195766e+00 2.274904061504396946e+00
1.015144977264646142e+00 2.273654744952340767e+00
1.014158051818570883e+00 2.273445460962532749e+00
1.013080466656963496e+00 2.273120584160400970e+00
1.011904720208168795e+00 2.272341348583135634e+00
1.010927108326856727e+00 2.271831207386781681e+00
1.012316484095157509e+00 2.274149547829954265e+00
1.013827463188581302e+00 2.276234018655683311e+00
1.015602290859002110e+00 2.278585604648379448e+00
1.017139499614819975e+00 2.280490724351480480e+00
1.019403141306648886e+00 2.282533354908648615e+00
1.021759679929728382e+00 2.284776006897171197e+00
1.025112997093986511e+00 2.288320319901245625e+00
1.028754724932755771e+00 2.292576077456100592e+00
1.032591320513563504e+00 2.295887512040719614e+00
1.037123933885198079e+00 2.300307326256662677e+00
1.041929901714552020e+00 2.303968784915520818e+00
1.047711110562972836e+00 2.308627093342471071e+00
1.053203889809305682e+00 2.312073934361265515e+00
1.059269688105650253e+00 2.315768529021370092e+00
1.065363650852141131e+00 2.318990049054214353e+00
1.071412613093385202e+00 2.321538049060922315e+00
1.077510932409873945e+00 2.323954182435773674e+00
1.083653464690018442e+00 2.326119300241206833e+00
1.089686035003218700e+00 2.327913331956555698e+00
1.095666905973162519e+00 2.329900649087094155e+00
1.101595394325916022e+00 2.331613421211312875e+00
1.107465524992770067e+00 2.333873865851963547e+00
1.113165664285218570e+00 2.335712574207038372e+00
1.118806096581365095e+00 2.337810053313081671e+00
1.124296440913649331e+00 2.339704822729950173e+00
1.129781520301011977e+00 2.341846244537136634e+00
1.135108902091401140e+00 2.345794619520638946e+00
1.140219092973011827e+00 2.349174415119467341e+00
1.145281306611846794e+00 2.352362240620555767e+00
1.150245952239033143e+00 2.355336829712505686e+00
1.155161244145207045e+00 2.358093755033999983e+00
1.160013648882259663e+00 2.360632349173477085e+00
1.164756310825653562e+00 2.362844457772783624e+00
1.169406498217252510e+00 2.364897440286620078e+00
1.173938805177064282e+00 2.366794996122634220e+00
1.178367022864584612e+00 2.368524518964372660e+00
1.182661872515050838e+00 2.370102185546391294e+00
1.186869439093070522e+00 2.371541802736341964e+00
1.190967290536248502e+00 2.372871082215420202e+00
1.194974378424972228e+00 2.374329633772990444e+00
1.198831581404081303e+00 2.376076475416811995e+00
1.202409771134451688e+00 2.376610283376804578e+00
1.205967297528748539e+00 2.377376504670424051e+00
1.209334735266786254e+00 2.378208984751071675e+00
1.212554780712818525e+00 2.378926119572845277e+00
1.215676718093563036e+00 2.382814079390397133e+00
1.218651875077782609e+00 2.386839948636289233e+00
1.221325199824125907e+00 2.387992256646116918e+00
1.223826458728216160e+00 2.387312280763321581e+00
1.225926279936995433e+00 2.386251070970162314e+00
1.227623991436266548e+00 2.384922658566546172e+00
1.227936452274605461e+00 2.381995766126044689e+00
1.227676558992168543e+00 2.377959817902001838e+00
1.226659325304555237e+00 2.377457250485057294e+00
1.225012850770144990e+00 2.378261806152951685e+00
1.222782414075511692e+00 2.378714694766488336e+00
1.219918717500106276e+00 2.376470758711145770e+00
1.216886618417686750e+00 2.366252233662490934e+00
1.213514596904388565e+00 2.363972570460824763e+00
1.208179128140308478e+00 2.363339582459157651e+00
1.202663749271386084e+00 2.364783888169986970e+00
1.197565215648561887e+00 2.367561266219870841e+00
1.193961803286073931e+00 2.370061563366515855e+00
1.186479375307260664e+00 2.367748633249730617e+00
1.178857778990025640e+00 2.364442180726433751e+00
1.179344136352513006e+00 2.369098515437858765e+00
1.179023837279891129e+00 2.372140238424444547e+00
1.178878535034820096e+00 2.375100253272345530e+00
1.176069156748233979e+00 2.374451831037247995e+00
1.179237704822008848e+00 2.381940150917519095e+00
1.182097863498675405e+00 2.388211681323181956e+00
1.184350391235060362e+00 2.392671747939505433e+00
1.188520862777845855e+00 2.399315318174405576e+00
1.191895921296432181e+00 2.403835261086114450e+00
1.194034841825228899e+00 2.406912888307884302e+00
1.195780798012728408e+00 2.409028028775662911e+00
1.197935560444542302e+00 2.410757698625051404e+00
1.199972594532221271e+00 2.411289081896866637e+00
1.201207020852933072e+00 2.410866809598617877e+00
1.202287157454825284e+00 2.409639234500749794e+00
1.203673780815517569e+00 2.408478468913487269e+00
1.204738501496525505e+00 2.407046213964892711e+00
1.209014392186598341e+00 2.410528427659938355e+00
1.212257493713399192e+00 2.411904974964218518e+00
1.212924589449481338e+00 2.409523043787462626e+00
1.215243504308363143e+00 2.409064013627799650e+00
1.216568906188295607e+00 2.407589327768038689e+00
1.217243910247409966e+00 2.405149695069168647e+00
1.217921587155854635e+00 2.402626032082791241e+00
1.222383117397349839e+00 2.406194086235717400e+00
1.225319485167436051e+00 2.406492155740050709e+00
1.226830150692516996e+00 2.405020999629888578e+00
1.227471448493409500e+00 2.402578677269482821e+00
1.229126015717987741e+00 2.400607064850458272e+00
1.230143002193930579e+00 2.398276471224706885e+00
1.231652850766852270e+00 2.396092731409430243e+00
1.234854018183637603e+00 2.398021066126506007e+00
1.236034055514127150e+00 2.396990991286206629e+00
1.236697639489311662e+00 2.395174164445308396e+00
1.237205582512388435e+00 2.393167031883935092e+00
1.237441560848650202e+00 2.390943757777651335e+00
1.237483680287952748e+00 2.388486747334054527e+00
1.237461650980334227e+00 2.386074623173072506e+00
1.237396681407365140e+00 2.383128597085558020e+00
1.237308241309742707e+00 2.383930778197222544e+00
1.237104256002028224e+00 2.382419263660517927e+00
1.236798210506008244e+00 2.382951080357507134e+00
1.236493389386092101e+00 2.383380373905229721e+00
1.236169104202795355e+00 2.383725138943910249e+00
1.235781311201815003e+00 2.384538989531470587e+00
1.235315434054949701e+00 2.385081735558581606e+00
1.234725955257388375e+00 2.385310338706712940e+00
1.234138846370648857e+00 2.385674739841213920e+00
1.233513358101918200e+00 2.385616921119169120e+00
1.232883562765429986e+00 2.385310095604100677e+00
1.233247422773888324e+00 2.386956426179017487e+00
1.232750096790679928e+00 2.388497387052342713e+00
1.232040389821372317e+00 2.389538019634855015e+00
1.231158436615205964e+00 2.390089132129315619e+00
1.230177456209119224e+00 2.390716072312945251e+00
1.229139175269029938e+00 2.391318160934362336e+00
1.227761297772728355e+00 2.396362450050772530e+00
1.226082808467121144e+00 2.397718007530196260e+00
1.224303698761994630e+00 2.397981572906338510e+00
1.222418292252083205e+00 2.397530114474776930e+00
1.220354018295065179e+00 2.396522057205302758e+00
1.218120938964572408e+00 2.395956021068564645e+00
1.215649419300003586e+00 2.395537314555192587e+00
1.213157516110646927e+00 2.395526995131375347e+00
1.210335948236821668e+00 2.394797942358679599e+00
1.205954605161679849e+00 2.387198439476911460e+00
1.201711522669363319e+00 2.384467299703187937e+00
1.197528269675919521e+00 2.382114838161731196e+00
1.193580647467346267e+00 2.381750833639989740e+00
1.189535342368063908e+00 2.380382231881327471e+00
1.185548617010245165e+00 2.382805405843778424e+00
1.181625399538554611e+00 2.384648850693160238e+00
1.177634380536466185e+00 2.386012822563688740e+00
1.173618473848812904e+00 2.390908026095984518e+00
1.162403334211520978e+00 2.379862105275779793e+00
1.151024643691271221e+00 2.368395590510682602e+00
1.139893721093441004e+00 2.357270129221362254e+00
1.128927450215739592e+00 2.346607986324212192e+00
1.118154912445858074e+00 2.336275905143314624e+00
1.107782316170364822e+00 2.325082300494076382e+00
1.104296522805257252e+00 2.324418952497792290e+00
1.094156358519149608e+00 2.315168118607057401e+00
1.084368893525572419e+00 2.303030631640988535e+00
1.080768334419273113e+00 2.300227879073188930e+00
1.071752202050170411e+00 2.292788850021942881e+00
1.063026658854727469e+00 2.285521882377631542e+00
1.054383363183876821e+00 2.278278662382219544e+00
1.045952858292229282e+00 2.271189286392487183e+00
1.037738328061015736e+00 2.264212095566870531e+00
1.029642016430995177e+00 2.263851155012433836e+00
1.028210275044984190e+00 2.261863654853858652e+00
1.029935653309543619e+00 2.262934575563833928e+00
1.029307595721028257e+00 2.267570369461085811e+00
1.021789663152800731e+00 2.260588304521241376e+00
1.020566251332552854e+00 2.260777482793701054e+00
1.017501759705836006e+00 2.257714579663669952e+00
1.015390880034966692e+00 2.256289343570207162e+00
1.016368149821760491e+00 2.259751332348666431e+00
1.017121633556343330e+00 2.262833557275597762e+00
1.017872532218782267e+00 2.262668160154087449e+00
1.019315194290076443e+00 2.266443578125227454e+00
1.021537857951159589e+00 2.270563683128286492e+00
1.024072719357907113e+00 2.274977790872263927e+00
1.026157074241762057e+00 2.279488520565257748e+00
1.027800596981687908e+00 2.282271232910874303e+00
1.029566342046525751e+00 2.285877753998497575e+00
1.031486068889730268e+00 2.289808224826320071e+00
1.033769667061007924e+00 2.293229974080723377e+00
1.036371816940762525e+00 2.297333666648468053e+00
1.039547259447288541e+00 2.300804637217607862e+00
1.043151927440997495e+00 2.305171382624470855e+00
1.048454576290278828e+00 2.309184085978978729e+00
1.054186609946537789e+00 2.313384491017724365e+00
1.060206618769800491e+00 2.317589593830027717e+00
1.066554818126351778e+00 2.322116955029498442e+00
1.072953288494664648e+00 2.326391921776645333e+00
1.079519439841122308e+00 2.332077576750718695e+00
1.086012946722150652e+00 2.337348208886381951e+00
1.092420553033983666e+00 2.343190937694637377e+00
1.098859757042831120e+00 2.348717531076703668e+00
1.105134697752914841e+00 2.353790083632466335e+00
1.111393045991782014e+00 2.358676663194768874e+00
1.117447536582503176e+00 2.362981768726728937e+00
1.123471449854635651e+00 2.367089086768934258e+00
1.129250162861950679e+00 2.370657376182626841e+00
1.134946928213653505e+00 2.373953414636265968e+00
1.140469274714096093e+00 2.376876483643893145e+00
1.145822224840891357e+00 2.379490138894956974e+00
1.151013742976175758e+00 2.381840265419152836e+00
1.156235123262118414e+00 2.387164024946448748e+00
1.161326031482200483e+00 2.388522614058397497e+00
1.166165149676272161e+00 2.389370224730855252e+00
1.170766839529413295e+00 2.390277859246579872e+00
1.175199267092018607e+00 2.391177500249572763e+00
1.179474620245604566e+00 2.392015181082076669e+00
1.183607456554002679e+00 2.392783433344366273e+00
1.191443625121196170e+00 2.393551411525709494e+00
1.195176780370879710e+00 2.394004166545415035e+00
1.198788764539141738e+00 2.394422048504734946e+00
1.202291370071445265e+00 2.394768492041631447e+00
1.205679191914616588e+00 2.395064422575407637e+00
1.208951140076243380e+00 2.395314198269383965e+00
1.212172251507897647e+00 2.395561348130804902e+00
1.215382979261552476e+00 2.395947635487221561e+00
1.218554910659912949e+00 2.396761826743821988e+00
1.221568610672745914e+00 2.397398843320853956e+00
1.224531194883189178e+00 2.398061726193232879e+00
1.227297363491765658e+00 2.398470881531390209e+00
1.229931057535182282e+00 2.398799400731370657e+00
1.231959769095566815e+00 2.400329332560769746e+00
1.233910919592481337e+00 2.401839056110410819e+00
1.235492978783455653e+00 2.401240655362693044e+00
1.235768561717553782e+00 2.401212505980694356e+00
1.235134365025505554e+00 2.398671293502950164e+00
1.233665032843715093e+00 2.392947336658918456e+00
1.231483577629119086e+00 2.389811932497731828e+00
1.228809475820130004e+00 2.388212561478291640e+00
1.225471240175896703e+00 2.385952810079006170e+00
1.221217142537133205e+00 2.387172150860130238e+00
1.217093707468603236e+00 2.386274380215275936e+00
1.212400107141926142e+00 2.385499005776960946e+00
1.206574008200884673e+00 2.391837021587723378e+00
1.201098815129236552e+00 2.396758191970132845e+00
1.197363902787547341e+00 2.391069915705992699e+00
1.194341797699409291e+00 2.394072971997942556e+00
1.186565201898657218e+00 2.389312862431147266e+00
1.178833045785835809e+00 2.384279872087757379e+00
1.178990175765805670e+00 2.387903763865493190e+00
1.178692722985552166e+00 2.394836247997979228e+00
1.176506804944272400e+00 2.396336552359465522e+00
1.180314647575434250e+00 2.402586179075617778e+00
1.181240384948405442e+00 2.404547933855169628e+00
1.181819050824100437e+00 2.409141565753673664e+00
1.182962205854784843e+00 2.412980974188916328e+00
1.184934866422497457e+00 2.417083847171968003e+00
1.188538066806206661e+00 2.421708794637690509e+00
1.191731852645549594e+00 2.425716642857295824e+00
1.195411014059917676e+00 2.427913989822269691e+00
1.199670395718330784e+00 2.430421869914531907e+00
1.203839680243108168e+00 2.433930110665819324e+00
1.207919649408293994e+00 2.437264737195907749e+00
1.211929864711636107e+00 2.440540485656731207e+00
1.215940389324752235e+00 2.443729593669027533e+00
1.219931562064588526e+00 2.446614625672232979e+00
1.224731100335260114e+00 2.446193073571952148e+00
1.229006758616471906e+00 2.449532272047289183e+00
1.233210556313681927e+00 2.452307745146024676e+00
1.237362228954440813e+00 2.455218485765868319e+00
1.241383860851275278e+00 2.457963858207332208e+00
1.245241848449810895e+00 2.460539165928726124e+00
1.250428759972347370e+00 2.463495913400559179e+00
1.254607390310654713e+00 2.466794376844356318e+00
1.258477223143440238e+00 2.469580655453083029e+00
1.262557402590460454e+00 2.467669713673286136e+00
1.266206859400615059e+00 2.470058375495765457e+00
1.269526750450393093e+00 2.472302706091979108e+00
1.272631941934495803e+00 2.474036743699308705e+00
1.275525397985444620e+00 2.475947700725997347e+00
1.278296833427055024e+00 2.477655603106464710e+00
1.280934899013717709e+00 2.479145244873906417e+00
1.283496973208249736e+00 2.480428496034321029e+00
1.286045182037133028e+00 2.479786864737180352e+00
1.287955096071786265e+00 2.480471830987368786e+00
1.289906448901629865e+00 2.480421533033501991e+00
1.291768076083331440e+00 2.480430758025470084e+00
1.293736656543406305e+00 2.481269477661160572e+00
1.295751881371854708e+00 2.481455077044477431e+00
1.297563670013660353e+00 2.481526295077099320e+00
1.299400391797753462e+00 2.482306156888579363e+00
1.300842994695222021e+00 2.482020299009472186e+00
1.302020317060329058e+00 2.476559823254062209e+00
1.303205175827365503e+00 2.479657425283138039e+00
1.304401381913044000e+00 2.482650279419805095e+00
1.305196320610507943e+00 2.485773232342682881e+00
1.305912941752233714e+00 2.488450007963864952e+00
1.303863665342531064e+00 2.488461155565726113e+00
1.303768992549174444e+00 2.485329186964085224e+00
1.304357299329281350e+00 2.487390390695634501e+00
1.302463214252994161e+00 2.481938687823822764e+00
1.302113208920018472e+00 2.481917289047091302e+00
1.299863012606008228e+00 2.480307737859378303e+00
1.298209740340694029e+00 2.479688522485790081e+00
1.296168342454937283e+00 2.478648887704725468e+00
1.293882332580494232e+00 2.477366040165390082e+00
1.292418320468770920e+00 2.473564735903904133e+00
1.291651045716903479e+00 2.473673077791337160e+00
1.290104420170678168e+00 2.473098745724212399e+00
1.288881122831936787e+00 2.473063310948420135e+00
1.287079137517220806e+00 2.472251434387322089e+00
1.285468806272374032e+00 2.471839489155454039e+00
1.284653051942919344e+00 2.472916726821154487e+00
1.283167438073265387e+00 2.472766862014774691e+00
1.282039038206429060e+00 2.473369856078115436e+00
1.280505986313879685e+00 2.473363681771005407e+00
1.279537903084126071e+00 2.474337505610097576e+00
1.277981512766606542e+00 2.474373478844215324e+00
1.276073471206027543e+00 2.470078693995361174e+00
1.274974195956654954e+00 2.468768927792019952e+00
1.273180187711813627e+00 2.468049700188308382e+00
1.271858799228365200e+00 2.468750867593918485e+00
1.270540001468239977e+00 2.468944557572816834e+00
1.269117497003315664e+00 2.468772868646011531e+00
1.268148296126483832e+00 2.468920693159743163e+00
1.266717679808126107e+00 2.469253904548159628e+00
1.265296019444033915e+00 2.468944890742623688e+00
1.263944874659912232e+00 2.469344486614576617e+00
1.262561034506192836e+00 2.468966799418462088e+00
1.261127646670055169e+00 2.469190670609533900e+00
1.259514216175994017e+00 2.468447712468698541e+00
1.257709427612620168e+00 2.467026840842157842e+00
1.255849842253034421e+00 2.465892265518108584e+00
1.254102573186790304e+00 2.464846727000429283e+00
1.252780712418736453e+00 2.463278089074455668e+00
1.251168449473396338e+00 2.462489098529243581e+00
1.249971059087211511e+00 2.461267015285066417e+00
1.248463997873993980e+00 2.460409496907736138e+00
1.246895804379614558e+00 2.459738298761966480e+00
1.245288750059772465e+00 2.458775210862052862e+00
1.243537417003707901e+00 2.457422587704182426e+00
1.241757879355214200e+00 2.457333332123007530e+00
1.240000850168564428e+00 2.456873734487428518e+00
1.238770833315095965e+00 2.455369688150953689e+00
1.236239184896077647e+00 2.454622373336546648e+00
1.234649016928692999e+00 2.454504017222250312e+00
1.231944480711218315e+00 2.454191193559470907e+00
1.229281635084678692e+00 2.453667006775341886e+00
1.228289341808736612e+00 2.453273912727606643e+00
1.226579237873732353e+00 2.453527637213136270e+00
1.219680185803442285e+00 2.447846180799261084e+00
1.214853835551975791e+00 2.444732813931876692e+00
1.212736004238221144e+00 2.444813664600339109e+00
1.209724748721116683e+00 2.443902461962116135e+00
1.206764837401912871e+00 2.442972468725187252e+00
1.204542944546723726e+00 2.444840068431154201e+00
1.201769302949961649e+00 2.444533620983277533e+00
1.198788648087348196e+00 2.440960017261590842e+00
1.195663824110815954e+00 2.445798644602806160e+00
1.186319860955159067e+00 2.435682008403174059e+00
1.182693986624420379e+00 2.439009791049969955e+00
1.177190948344768451e+00 2.432858159444219126e+00
1.173413389262570439e+00 2.432950813362022568e+00
1.169870588222226448e+00 2.428824104283993091e+00
1.166436161590628906e+00 2.429668939413044182e+00
1.163067454473300399e+00 2.431112789009350017e+00
1.159550282022413059e+00 2.432403814832063027e+00
1.155986449526130944e+00 2.428222992553156878e+00
1.152455975004093025e+00 2.430513473551409565e+00
1.146225471588192990e+00 2.423696982096597008e+00
1.142107418648661277e+00 2.425220337987992192e+00
1.138197751992316098e+00 2.427419973635147166e+00
1.127626431464373136e+00 2.418054826933149215e+00
1.123855117528902214e+00 2.421679943609031049e+00
1.120186467515292827e+00 2.425183376707369387e+00
1.116652577783963318e+00 2.421801762370666911e+00
1.113197171405159391e+00 2.425205043289242024e+00
1.109669918164545299e+00 2.428744280200842098e+00
1.103103846688956002e+00 2.417922981167033747e+00
1.099473621826984271e+00 2.419860263324024263e+00
1.089346175733695743e+00 2.408802425918792789e+00
1.079638386316769560e+00 2.398303085827363290e+00
1.070292101005503316e+00 2.387979770494180531e+00
1.068138086177446100e+00 2.391815775239530151e+00
1.063518696494186511e+00 2.389157545726009246e+00
1.057196436172314513e+00 2.383158223541746334e+00
1.050186144339025240e+00 2.375765948466097566e+00
1.048310525454600795e+00 2.379914643998798596e+00
1.044912127964426896e+00 2.372689309863020402e+00
1.043407804800309036e+00 2.376717278515293685e+00
1.039369132212736746e+00 2.373623084750226653e+00
1.038028767871327362e+00 2.377851696993012798e+00
1.036780166687045091e+00 2.381891385415007001e+00
1.035612929897232082e+00 2.385804615415863861e+00
1.034521242200551860e+00 2.389247869704877125e+00
1.033478159562374099e+00 2.392572129009040705e+00
1.026612972806268065e+00 2.383415745425867982e+00
1.020647151203403213e+00 2.374605862290705360e+00
1.017791829629859146e+00 2.369040625190181437e+00
1.015653674654349192e+00 2.364726181941638306e+00
1.016144090686288193e+00 2.362820305000499221e+00
1.018701705698104476e+00 2.362228879608889720e+00
1.021624843269419491e+00 2.365173605707194149e+00
1.024738966845078592e+00 2.366805663672410631e+00
1.028410479550283085e+00 2.368873607478899412e+00
1.033030656413944426e+00 2.371392191830938856e+00
1.037727600423759222e+00 2.372039842024920020e+00
1.043653867949824843e+00 2.372291993652747344e+00
1.049390713983921142e+00 2.372442904296936383e+00
1.055907635465557659e+00 2.378104305216895753e+00
1.062524244136339169e+00 2.383750924722356501e+00
1.069051339418816360e+00 2.385609726000121444e+00
1.075741234904407984e+00 2.390152377268537354e+00
1.082382071809093071e+00 2.394146016699402857e+00
1.088905538127327599e+00 2.397110120829451851e+00
1.095462373879928730e+00 2.400959265326696013e+00
1.101852763992122952e+00 2.404264581852419980e+00
1.108101026910640829e+00 2.406925869989317679e+00
1.207511766741810710e+00 2.399211895302435948e+00
1.209251136409276173e+00 2.391563181521580539e+00
1.210745165395614942e+00 2.385985956633744465e+00
1.211924495968890181e+00 2.382128506390883693e+00
1.212893616283166276e+00 2.378981531514376968e+00
1.208351292703287339e+00 2.376650472617205079e+00
1.207441902342182960e+00 2.378241144089782377e+00
1.201261699475718148e+00 2.370765653222816738e+00
1.195235393150212211e+00 2.363531892477729990e+00
1.194348267727853852e+00 2.358098640992837058e+00
1.193543853124571896e+00 2.359865155034491124e+00
1.192944510443561423e+00 2.361169169518868571e+00
1.192902411663328666e+00 2.369072459250990192e+00
1.192914690127429678e+00 2.375385137434781857e+00
1.192920955164537000e+00 2.380977232775225882e+00
1.193028073767809172e+00 2.380911778165220483e+00
1.194300578642124577e+00 2.385532156053563835e+00
1.196546639660579059e+00 2.389726758267455509e+00
1.198856677965071560e+00 2.393974844072574992e+00
1.200515488366004968e+00 2.397630963093568823e+00
1.202581825811098071e+00 2.400978005119741798e+00
1.204608045858113652e+00 2.403429651525449628e+00
1.208323597021774498e+00 2.407919828013004970e+00
1.210662029373665849e+00 2.410791529944641187e+00
1.214115706503613668e+00 2.414648570210577549e+00
1.216131099280334027e+00 2.416480270950086773e+00
1.218341855339042823e+00 2.417771213717374135e+00
1.220340040407791093e+00 2.418441758809635189e+00
1.223568658625309169e+00 2.421418659967979892e+00
1.223962109028167156e+00 2.420225169517213448e+00
1.224393240656773685e+00 2.418926651315632004e+00
1.225061805882045496e+00 2.417703533040504116e+00
1.227704767878167846e+00 2.419670808404459805e+00
1.230103929638187932e+00 2.420059420526981864e+00
1.232434268560488988e+00 2.420267718725158002e+00
1.234387473347020148e+00 2.419844233475668904e+00
1.236278959612057360e+00 2.419219275197795671e+00
1.238172276204775546e+00 2.418333581147008804e+00
1.241706263705562030e+00 2.420870283927478717e+00
1.245820792403204980e+00 2.420256219313497326e+00
1.245897338072524896e+00 2.416100728583299162e+00
1.244272986928486535e+00 2.410313185977203343e+00
1.247573941732015079e+00 2.412859646629430088e+00
1.250852605888609803e+00 2.415242122360835353e+00
1.254071485294885102e+00 2.417705654440413632e+00
1.254711242924153147e+00 2.416088283377863188e+00
1.256828734977359918e+00 2.416867672571538783e+00
1.259474733134374747e+00 2.418834277596698445e+00
1.260406133466072554e+00 2.417172793790280050e+00
1.263319420608268073e+00 2.418167030996153599e+00
1.266310122633637292e+00 2.419115878609504833e+00
1.269296974963119551e+00 2.420045767425527572e+00
1.272220120234776264e+00 2.420835918198280368e+00
1.275058638613345785e+00 2.422195526110176633e+00
1.277969656114392505e+00 2.423578477309689116e+00
1.280920534565217261e+00 2.425572452412491753e+00
1.286237119833213871e+00 2.429600957061050170e+00
1.289587805059223768e+00 2.432481433327572606e+00
1.293151668206057092e+00 2.435922587497227454e+00
1.296514978544338170e+00 2.439263558097518381e+00
1.299722197952217773e+00 2.442365791963590382e+00
1.304526372548505453e+00 2.447179538350070072e+00
1.307802275869041075e+00 2.450463406241770947e+00
1.310917325438705205e+00 2.453486776675593450e+00
1.313903893568975301e+00 2.456292694948488897e+00
1.316794677247269174e+00 2.459098272374815597e+00
1.319583311595760478e+00 2.464667171690419156e+00
1.322284019515726605e+00 2.468479153465199083e+00
1.324901179212498281e+00 2.471642369876388301e+00
1.327424804979021156e+00 2.474566147745690170e+00
1.329877322881412027e+00 2.477281479627503558e+00
1.332250204665188731e+00 2.479829424703503982e+00
1.334522898880815767e+00 2.482214483175481323e+00
1.336764409712288160e+00 2.484584481917830434e+00
1.338910642670351869e+00 2.486811929156786949e+00
1.340944885844893131e+00 2.488826123333178764e+00
1.342918524482588083e+00 2.490719325847972065e+00
1.344780616813120444e+00 2.492493668679448771e+00
1.346611931037995369e+00 2.494183406656560464e+00
1.348365956471796245e+00 2.495862789126620740e+00
1.350025667380954753e+00 2.498999554668998702e+00
1.351540695051541618e+00 2.502665145085082532e+00
1.354544967266131161e+00 2.506839882943294295e+00
1.359212315146803851e+00 2.509623503051613191e+00
1.362823648541947152e+00 2.513291605443678467e+00
1.363428560755418184e+00 2.515962915042702530e+00
1.364002763911061233e+00 2.518503684860866620e+00
1.364381680417993792e+00 2.519270915089651286e+00
1.364760403671960498e+00 2.520971945748304854e+00
1.365058162402833286e+00 2.522746482334827789e+00
1.365349496296677678e+00 2.524783120015295257e+00
1.365628478991298245e+00 2.526925479036307376e+00
1.365935535110069710e+00 2.529468360494320667e+00
1.366738589291991435e+00 2.529217425198062141e+00
1.367506730519826519e+00 2.530040920976280194e+00
1.368246726524393830e+00 2.529649802616106058e+00
1.368964556876679506e+00 2.530247824462659612e+00
1.370011184414990479e+00 2.530367735218086445e+00
1.369995529633480036e+00 2.530899116906520252e+00
1.369763053778603634e+00 2.531491345772574508e+00
1.369570860996333073e+00 2.532247375531646583e+00
1.369307172425588526e+00 2.532858181091200311e+00
1.368915063337501570e+00 2.533374408927251853e+00
1.368439973724096870e+00 2.533914740286308920e+00
1.367945143338429537e+00 2.534417331083197222e+00
1.364321495399504425e+00 2.531288071315998423e+00
1.362115929446180207e+00 2.529075834887505536e+00
1.360245480288259534e+00 2.527034313169378432e+00
1.358548679588290842e+00 2.532264090485657260e+00
1.356808227520263310e+00 2.531741797891855050e+00
1.355090347083878433e+00 2.530966740592561770e+00
1.353225990848965221e+00 2.529815179554703253e+00
1.351387308484425231e+00 2.528573018882530832e+00
1.350717781437663412e+00 2.524400839755460257e+00
1.348559863641497047e+00 2.521442096940678113e+00
1.346221894953526510e+00 2.518538840288024883e+00
1.343909586050138216e+00 2.515708323307674465e+00
1.341649316251823709e+00 2.513010089742425013e+00
1.339174496567913764e+00 2.512007844992226513e+00
1.336635835620093582e+00 2.509395394109898980e+00
1.334184770373646689e+00 2.506893505716030202e+00
1.325318970904191707e+00 2.495961445858142724e+00
1.322464322109148771e+00 2.492035792833527719e+00
1.319710134054102202e+00 2.488233335952855452e+00
1.317040250901740261e+00 2.484583542986133597e+00
1.314482831416756925e+00 2.481060463743874678e+00
1.311994961370806179e+00 2.477788533793464865e+00
1.309599667991659278e+00 2.474624928540159363e+00
1.307289494842855060e+00 2.471815041670766711e+00
1.304886823483209835e+00 2.468852331883884421e+00
1.302381466516396857e+00 2.466358424790023207e+00
1.299846295773028348e+00 2.464332872585885070e+00
1.297014237056172359e+00 2.462829364544413924e+00
1.293226082047159053e+00 2.460028849456437960e+00
1.289834841589845071e+00 2.458539088655397276e+00
1.286649972557819321e+00 2.457420446909989398e+00
1.283254404799786474e+00 2.455759279236942483e+00
1.279849914085220419e+00 2.453974530700437917e+00
1.276587793084801081e+00 2.452749001758067315e+00
1.271909510672076138e+00 2.449322162223534161e+00
1.267481871419612105e+00 2.446130136385296971e+00
1.263250217090348126e+00 2.443125186324669684e+00
1.259633462252668146e+00 2.442273816379704865e+00
1.255617351253358827e+00 2.439831088462757425e+00
1.252188560420424146e+00 2.439036915015042162e+00
1.248084656867809006e+00 2.437730759943741443e+00
1.243322534403253465e+00 2.436303182267544720e+00
1.234010317678783997e+00 2.427246293025954849e+00
1.228272761866297635e+00 2.427675986383803775e+00
1.223755218296888270e+00 2.428085181062895170e+00
1.219880752924966671e+00 2.428824519773681079e+00
1.216206082147380352e+00 2.431094054975429408e+00
1.212935556325825726e+00 2.432506694910665512e+00
1.209018205702654392e+00 2.434135627617416642e+00
1.204963312459944813e+00 2.436043154532791188e+00
1.200650628598208369e+00 2.437720190885203309e+00
1.196856900395839807e+00 2.438749028186585566e+00
1.192636497762931125e+00 2.434484307798463476e+00
1.188113483445449647e+00 2.434713920328769099e+00
1.181330549553434750e+00 2.430934403976843683e+00
1.175495402555040592e+00 2.429056300128702439e+00
1.170137756983332000e+00 2.423685287390865639e+00
1.166296736948028601e+00 2.424624615749937817e+00
1.162434801203309664e+00 2.425690717631524329e+00
1.159140346377625530e+00 2.426817316266578484e+00
1.155692857374641891e+00 2.427756807774224423e+00
1.152451762535246615e+00 2.428909396790273956e+00
1.146657327513845859e+00 2.424753246436891718e+00
1.141930502360830157e+00 2.423222803030897765e+00
1.137125062102336992e+00 2.421208736396488703e+00
1.131264597660623039e+00 2.416994755071670831e+00
1.126844586408757287e+00 2.415017892226386298e+00
1.121932442027083532e+00 2.411842024371650961e+00
1.118036527208831288e+00 2.410312515845898229e+00
1.114322464309485117e+00 2.409169348936487154e+00
1.111013427701740719e+00 2.408431228429324999e+00
1.108922866316639722e+00 2.408539999101277918e+00
1.106874676047920225e+00 2.408733683511440127e+00
1.104866359994444158e+00 2.409118365291611052e+00
1.101419391186122754e+00 2.405683864800466587e+00
1.098483631174109076e+00 2.404085034320771364e+00
1.097808931269405042e+00 2.401871713122106122e+00
1.095874822195094023e+00 2.398876121271924955e+00
1.094543556911879323e+00 2.396431469266268266e+00
1.094136502597129912e+00 2.395042621850199005e+00
1.094339087159355017e+00 2.395541549779590884e+00
1.095659711287200633e+00 2.395309167559708019e+00
1.097545255545224308e+00 2.396537895962668863e+00
1.099926688615228354e+00 2.397917361783604040e+00
1.102742002392964826e+00 2.399307676704412362e+00
1.106033238738084679e+00 2.400399582043331481e+00
1.109674502566553533e+00 2.401006495614266267e+00
1.113559993448506980e+00 2.401555772602895544e+00
1.117851721856705227e+00 2.402002426815036173e+00
1.122219322773201355e+00 2.402180489933284591e+00
1.126685509530156004e+00 2.403937232697994641e+00
1.131237159838137663e+00 2.406205978779334398e+00
1.135867007640848581e+00 2.408359400336459899e+00
1.140435794967552763e+00 2.410357477388541003e+00
1.144931040861111748e+00 2.411828602797394971e+00
1.149381209991690689e+00 2.417708759408242258e+00
1.153869474497234648e+00 2.419263315823069416e+00
1.158268070584089759e+00 2.420413572568503646e+00
1.203438837684072338e+00 2.425422729277604716e+00
1.206921038972368798e+00 2.424725510513360938e+00
1.210280983020996182e+00 2.424187742638171272e+00
1.213421458561344757e+00 2.423158672899945465e+00
1.216251833927076698e+00 2.421630496206143679e+00
1.218927677507584129e+00 2.419807947444775564e+00
1.221306225546996638e+00 2.417434645832922335e+00
1.223439494589619425e+00 2.414911209474763787e+00
1.225109326027301382e+00 2.412062663646080019e+00
1.226500198482803006e+00 2.407348261275154666e+00
1.227491606996005125e+00 2.403719817586873031e+00
1.227974122055519146e+00 2.400358887675844599e+00
1.227852539212981764e+00 2.396530247254577084e+00
1.227432144250553803e+00 2.393079694973169858e+00
1.226419140499901417e+00 2.389530704855518106e+00
1.224476167984158037e+00 2.388587319513742369e+00
1.222469567310273453e+00 2.387896307945975849e+00
1.220407964164750059e+00 2.387336403802341689e+00
1.218157518075218437e+00 2.386283438452097894e+00
1.216466872052007542e+00 2.388833735709841033e+00
1.209594041010601417e+00 2.389906936967331585e+00
1.206694700335497084e+00 2.392050042544554334e+00
1.205760741716081164e+00 2.394107141011410089e+00
1.203987950609503033e+00 2.398713077399130533e+00
1.202511480968018187e+00 2.401626296989868514e+00
1.203916679093262054e+00 2.403669135146391245e+00
1.205389217433971538e+00 2.404977579302911561e+00
1.206341635107323729e+00 2.414299948976751597e+00
1.207633017780726403e+00 2.415727264307105493e+00
1.208795754057344851e+00 2.417407469770034290e+00
1.209805750742096286e+00 2.418786795683779189e+00
1.211404919921637457e+00 2.421564135749176394e+00
1.214648360348601575e+00 2.425119361533939699e+00
1.215806998322993993e+00 2.426660629021772930e+00
1.221564294463916234e+00 2.432675618005179619e+00
1.225985810434629508e+00 2.436119931244093539e+00
1.230300846199082088e+00 2.439243020799104045e+00
1.234529707600969139e+00 2.442568304636784315e+00
1.239332083941472096e+00 2.446907350992263641e+00
1.243903059732657024e+00 2.451818369400327047e+00
1.248390642710296428e+00 2.456691154526845722e+00
1.252780579822624363e+00 2.461437980057968655e+00
1.257079919557542835e+00 2.466147260882238346e+00
1.262611140927987874e+00 2.472237944896071848e+00
1.267147853072444263e+00 2.476809607519747214e+00
1.271491480529437279e+00 2.481088467866726877e+00
1.275563352056054311e+00 2.485613343190186342e+00
1.279523761173908758e+00 2.490047726651833493e+00
1.283354491870099867e+00 2.494353519716841383e+00
1.287904935419351027e+00 2.499317774639397083e+00
1.291722962280159148e+00 2.503004816173667990e+00
1.295295885646123857e+00 2.506294327355482299e+00
1.298805552904689131e+00 2.509416998330471049e+00
1.302956083550026234e+00 2.513750348336420526e+00
1.306747729019511972e+00 2.516437788231607353e+00
1.310302032235529435e+00 2.520686594562509875e+00
1.313153505881076377e+00 2.522879358439987563e+00
1.315838046471647926e+00 2.524904922963608467e+00
1.318415592692128824e+00 2.526821108880061395e+00
1.320627533557595434e+00 2.530876272984083908e+00
1.322765445215197788e+00 2.535025307828693730e+00
1.324660864224923351e+00 2.538120541735556568e+00
1.326415718135245614e+00 2.538062684196227270e+00
1.327846138852389002e+00 2.540645181780811335e+00
1.329043316725261326e+00 2.543408737176832801e+00
1.330192164952183953e+00 2.546594022054279982e+00
1.330860841400220096e+00 2.548842390427811022e+00
1.331200847784401953e+00 2.550252566536591825e+00
1.332818509024953801e+00 2.550718282920975355e+00
1.332693877009059502e+00 2.550588806338835557e+00
1.333319871357209196e+00 2.549775447714508925e+00
1.332871556995384177e+00 2.549768754934631954e+00
1.331553938264206316e+00 2.549421796499115711e+00
1.329954361568173260e+00 2.547961886750359284e+00
1.328247788136486918e+00 2.546348545993989188e+00
1.326400030877582070e+00 2.551591361706567529e+00
1.324447808588521180e+00 2.551013668031148374e+00
1.322433504768955492e+00 2.550130435913493976e+00
1.319744900536055310e+00 2.551921395601013387e+00
1.317564537591310758e+00 2.552219369048930098e+00
1.314721853003721019e+00 2.550039230367820320e+00
1.312266813931296072e+00 2.545969413332595632e+00
1.308663469626826670e+00 2.541356727576473684e+00
1.305224095916119875e+00 2.536887961585054807e+00
1.301885085404377529e+00 2.532483192359924029e+00
1.299154481577298625e+00 2.528739661478628609e+00
1.295174829335186129e+00 2.523397474350159264e+00
1.291354487585596900e+00 2.518248113755368056e+00
1.287638815590750552e+00 2.513638633203004069e+00
1.283980558558757146e+00 2.510952252153828557e+00
1.280476698042267047e+00 2.508369202337547677e+00
1.277077613472256568e+00 2.504618942617213406e+00
1.273861562256508373e+00 2.500956530807360245e+00
1.269397395124924000e+00 2.496820502131395614e+00
1.265212366364277141e+00 2.492936684621390953e+00
1.261193880840352888e+00 2.489183465742295542e+00
1.257291071994853127e+00 2.485614913386215541e+00
1.250988694050592098e+00 2.479410860588471710e+00
1.246668800480295047e+00 2.476601999800167153e+00
1.242047390818517894e+00 2.471114489282554061e+00
1.237520679580341731e+00 2.470272359375128790e+00
1.233058829939202239e+00 2.469204175859679218e+00
1.228538600952641113e+00 2.471951916793861503e+00
1.224048692997409704e+00 2.474437889940939606e+00
1.219514994334930380e+00 2.474227633427517947e+00
1.206685224171452520e+00 2.460945892470973728e+00
1.201465845402180710e+00 2.458450120434363395e+00
1.196492049316858708e+00 2.456892006673292439e+00
1.184604032801665596e+00 2.445331535141514578e+00
1.179990448548078330e+00 2.444193255763190020e+00
1.168570268621818453e+00 2.435972752089078153e+00
1.157384191439908117e+00 2.422736539883944662e+00
1.152867498781765754e+00 2.422584833933244752e+00
1.142206278490817128e+00 2.414494425773027420e+00
1.131329989425507776e+00 2.405380099377317560e+00
1.118057653098036175e+00 2.388374088468030898e+00
1.107686838057462264e+00 2.378383031634002442e+00
1.097693264245007239e+00 2.371051959959819211e+00
1.095134254752289538e+00 2.369056612061863909e+00
1.094631187674027784e+00 2.367325197413026050e+00
1.085301215882858994e+00 2.360417837396112439e+00
1.076252611957616789e+00 2.353775877531009364e+00
1.068444236565323058e+00 2.347930122371265860e+00
1.060683342881909352e+00 2.342800392962564704e+00
1.053705423201602098e+00 2.337989158115389099e+00
1.046905103435166184e+00 2.333359705835587494e+00
1.042935753930385179e+00 2.331013501286946177e+00
1.039581661354433972e+00 2.330845962385788450e+00
1.038933531997890292e+00 2.334984798453326071e+00
1.034614840859393148e+00 2.331443110857470469e+00
1.030848372766836718e+00 2.328635947351890501e+00
1.030769628451980946e+00 2.329106475846742796e+00
1.031333516217806112e+00 2.332068334932518638e+00
1.031961515424214992e+00 2.335030624329316851e+00
1.032881231218411688e+00 2.338619389840165042e+00
1.034346965902235516e+00 2.340658219462916190e+00
1.036066897972180323e+00 2.341971961541170710e+00
1.038187192788453395e+00 2.344365718275037924e+00
1.040710226611034184e+00 2.346116245657325905e+00
1.043649264007630029e+00 2.348880251870408831e+00
1.047024295656447945e+00 2.354121388358374922e+00
1.051416113299649124e+00 2.358952014240601969e+00
1.055903575382038051e+00 2.362188234497954120e+00
1.060669891721241154e+00 2.363827615243922597e+00
1.065971120784853676e+00 2.365452163993061685e+00
1.071484475872867437e+00 2.367000724973089554e+00
1.077131573756876515e+00 2.368231941704960430e+00
1.083306344379010744e+00 2.370402645813737497e+00
1.089651663015198668e+00 2.372807130648963980e+00
1.096090877045814871e+00 2.374859206587481619e+00
1.102172516940441938e+00 2.376092070127492573e+00
1.108214112927595751e+00 2.377328569900542199e+00
1.114192876170665647e+00 2.378361600536877951e+00
1.120148108699889899e+00 2.380458905782893098e+00
1.126009380607516652e+00 2.382116171789698367e+00
1.131547677510199357e+00 2.383165878040963026e+00
1.137208849168752423e+00 2.385377493075132804e+00
1.142648188206741633e+00 2.386499626555322440e+00
1.147906495587270648e+00 2.387288211802434112e+00
1.152997879901477729e+00 2.387801001228139430e+00
1.180345947572823295e+00 2.390128041351852861e+00
1.184436066858688408e+00 2.390284639850114079e+00
1.188356079277689936e+00 2.390279536561929596e+00
1.192119131024522716e+00 2.390165161246779135e+00
1.195753461053226330e+00 2.389941217116073879e+00
1.199330199608402925e+00 2.393716503859979028e+00
1.202802360992726527e+00 2.393020782318549866e+00
1.206085262679962522e+00 2.392201243124369547e+00
1.209230323649181482e+00 2.391985318125780413e+00
1.212128167709833448e+00 2.391636081872962283e+00
1.214246373206048002e+00 2.390093637492911149e+00
1.215981857565101132e+00 2.389317656576965376e+00
1.216678484708265451e+00 2.386008446646436187e+00
1.216884212727091130e+00 2.383408722482464270e+00
1.216709832387815604e+00 2.381322099207900944e+00
1.215984907243545132e+00 2.378153402608534694e+00
1.215109914009142145e+00 2.371386621165694653e+00
1.213806328513962196e+00 2.367646848187109576e+00
1.212239256346469451e+00 2.365904440815646659e+00
1.209872732388728833e+00 2.366276713568677081e+00
1.207470907449164521e+00 2.366977635761691623e+00
1.204925422421691872e+00 2.359008254055459997e+00
1.202257234896048521e+00 2.357658105975271479e+00
1.194451884058701507e+00 2.359432829009487698e+00
1.186835796543298738e+00 2.360566949213661392e+00
1.186284573356700900e+00 2.367124337167950454e+00
1.180109989381910252e+00 2.366088528721589146e+00
1.174552878805317668e+00 2.365011212285841324e+00
1.169217043007037438e+00 2.363530566737116256e+00
1.170377655380799409e+00 2.373774935726646440e+00
1.171460979475294817e+00 2.376583154725572911e+00
1.172587658781048869e+00 2.379121044488820669e+00
1.173658791075847141e+00 2.381184134242107397e+00
1.176898626733549502e+00 2.385196791888846146e+00
1.180468525496487953e+00 2.389200138013754859e+00
1.186907473335457874e+00 2.395493507786207843e+00
1.192962501126932473e+00 2.399907788828618660e+00
1.196750747805198856e+00 2.403291493044757754e+00
1.202803084248639243e+00 2.407662142344395129e+00
1.208683483528422808e+00 2.411706553312315204e+00
1.214389991036076699e+00 2.415937462502887101e+00
1.219939475409009599e+00 2.420275237000428792e+00
1.225344328070927968e+00 2.424165999093918167e+00
1.232233993516003823e+00 2.430227010641513807e+00
1.237310009854794446e+00 2.434504643642476651e+00
1.242241479650616931e+00 2.438814880359927884e+00
1.248402403845783937e+00 2.444493097725996655e+00
1.253450366333280108e+00 2.448902403800370386e+00
1.259250658049764215e+00 2.453959237860928955e+00
1.263900626047304687e+00 2.457500606702384793e+00
1.268367216791325802e+00 2.461105069918245736e+00
1.272689541561028870e+00 2.464124589516630159e+00
1.276832153051701724e+00 2.466879556802918927e+00
1.280806767000499891e+00 2.469714757351232581e+00
1.284616587535309717e+00 2.472614826726446502e+00
1.288300537464115214e+00 2.475477782865544540e+00
1.291868737013810886e+00 2.478322322988041559e+00
1.295311271664404185e+00 2.480718276090038366e+00
1.298678029408797396e+00 2.483149571643670672e+00
1.301943293418468262e+00 2.485310541224202474e+00
1.305051532503129552e+00 2.487072211752107354e+00
1.308055519864937066e+00 2.485526812164768451e+00
1.312374224584123450e+00 2.490463008074237372e+00
1.316284322476330759e+00 2.494794828272014264e+00
1.320025104640758062e+00 2.498732361381478473e+00
1.323590308371445978e+00 2.502385600968381585e+00
1.327026234225080703e+00 2.505721649555995523e+00
1.330332895325933684e+00 2.508840593587238654e+00
1.334301581645111368e+00 2.511357918063735983e+00
1.336323739682876655e+00 2.515230342957548437e+00
1.338891197115084752e+00 2.519520147266121057e+00
1.340971535008720572e+00 2.521762164521692107e+00
1.347726186853432484e+00 2.528938403331544293e+00
1.350613800306504686e+00 2.533678063541343395e+00
1.353334532166378779e+00 2.537917513066444641e+00
1.355335024492784868e+00 2.539812628563284491e+00
1.357139492116005819e+00 2.540462098394928869e+00
1.358644318686159869e+00 2.542525458887380907e+00
1.359885632964882296e+00 2.542600155734242140e+00
1.361146934748570070e+00 2.543524881474882093e+00
1.362220800585284053e+00 2.547535189467620587e+00
1.363176536536085948e+00 2.548602282639322869e+00
1.364081315225860402e+00 2.549673405260723502e+00
1.364842806918759699e+00 2.550597597855619902e+00
1.365490722747162433e+00 2.551348191556695344e+00
1.366074855160294810e+00 2.552005952270370859e+00
1.366575224516122899e+00 2.554738738688743904e+00
1.367002886035099340e+00 2.557274506703105299e+00
1.367405077885253561e+00 2.560426137301609284e+00
1.367546986212173632e+00 2.561309159272699087e+00
1.367601972963601975e+00 2.562083195660296742e+00
1.367450092117583615e+00 2.562974724326986475e+00
1.367136335969909133e+00 2.563615109771273826e+00
1.366722356385976056e+00 2.564486781391822401e+00
1.366261521349835695e+00 2.565470089031305800e+00
1.365782046030897368e+00 2.565630071696010095e+00
1.365330680644723405e+00 2.566074783771783885e+00
1.364837232383603993e+00 2.566622339717473888e+00
1.364374262536780957e+00 2.568023409009218661e+00
1.363841409554256145e+00 2.569636899020171228e+00
1.363864256545498810e+00 2.567779342979340296e+00
1.363203708854920704e+00 2.564916190702142273e+00
1.362378754835855688e+00 2.563860446654916636e+00
1.361646284036622578e+00 2.562804623175305885e+00
1.360872165084745733e+00 2.562063476219191394e+00
1.360078310116238587e+00 2.561505761174498907e+00
1.355949813685144889e+00 2.559254898901016428e+00
1.349792457053045514e+00 2.552256256150071234e+00
1.348620592701513576e+00 2.550827812550138685e+00
1.341522962985003176e+00 2.541396822179266657e+00
1.340304528704943543e+00 2.539965584798102416e+00
1.339161914682104770e+00 2.538612085495544513e+00
1.337995954229736162e+00 2.537347693805230620e+00
1.337004655149173438e+00 2.536807352216287281e+00
1.335420695102576660e+00 2.534712535742348560e+00
1.333956876930025404e+00 2.532790707086667759e+00
1.332832191955261703e+00 2.530949184828588550e+00
1.331678820607833824e+00 2.529768469811233711e+00
1.330516269323596568e+00 2.527335236630321003e+00
1.329198817465196081e+00 2.526298309194951131e+00
1.328157124538013267e+00 2.524398441495695256e+00
1.327050815317807553e+00 2.522596107884057304e+00
1.324846068982086900e+00 2.519209846508815964e+00
1.323149917698602795e+00 2.517063273241474608e+00
1.321420155745112623e+00 2.514690013060768781e+00
1.314992419466490370e+00 2.507449760053834353e+00
1.313104348419767309e+00 2.505492699772682297e+00
1.311293473338005500e+00 2.503864866227369479e+00
1.309564838304296375e+00 2.502395962723305001e+00
1.308213353854777106e+00 2.502329509651964656e+00
1.306793616844754924e+00 2.502348949960659041e+00
1.304713994239599106e+00 2.500657635700870074e+00
1.302013761221761268e+00 2.498747352513151387e+00
1.296017679483323359e+00 2.492917256138740267e+00
1.293648336504149343e+00 2.491226836628305907e+00
1.291434591264478238e+00 2.489743831748944203e+00
1.289731749393848048e+00 2.489451531737327805e+00
1.287678043975273745e+00 2.488419110137660706e+00
1.285296785235171546e+00 2.486696875556414721e+00
1.283099270972790862e+00 2.485902039123698781e+00
1.280974536428767241e+00 2.485237485693271964e+00
1.278644943659234645e+00 2.484716720193467676e+00
1.276259849107887812e+00 2.484234000088151983e+00
1.273744080288444103e+00 2.483234834440738226e+00
1.271152352628099447e+00 2.483155976692789757e+00
1.268362347593374295e+00 2.482531197052024741e+00
1.265736172021917127e+00 2.482094418845485873e+00
1.262730122531791510e+00 2.482479649288457768e+00
1.259658273680853258e+00 2.482403462446060693e+00
1.256866173258309072e+00 2.482795446364380876e+00
1.253931940666007661e+00 2.482843958411568686e+00
1.251304520690722066e+00 2.484611247750343921e+00
1.248462163664756375e+00 2.485222302254133098e+00
1.245634334742233840e+00 2.485460304522175701e+00
1.242926584253565503e+00 2.486927665919220765e+00
1.240077942991088866e+00 2.488062854948331015e+00
1.237726233794888664e+00 2.489590130742729723e+00
1.234909250116718482e+00 2.489921264452020111e+00
1.232283343506946904e+00 2.490822835165701576e+00
1.229241090910615064e+00 2.490294000895803883e+00
1.226610493868663498e+00 2.491576094139251740e+00
1.223875732164234620e+00 2.492038967647018932e+00
1.221387911599533860e+00 2.493575406542109629e+00
1.218784689068083349e+00 2.493616147543244121e+00
1.216244467568291077e+00 2.493841529007366553e+00
1.213673426153179413e+00 2.494284279403894633e+00
1.211150152121230228e+00 2.494136953477581464e+00
1.208709672274028923e+00 2.494470509054796281e+00
1.206316074204235367e+00 2.494798746588259064e+00
1.203970056888492124e+00 2.495642604743204984e+00
1.201657070828989760e+00 2.498311124446823239e+00
1.199341952224665997e+00 2.501141122466417510e+00
1.197034617811254309e+00 2.503485520682867893e+00
1.194774652283156158e+00 2.505806635080017664e+00
1.192581723326346488e+00 2.507990252701307821e+00
1.190420348578198118e+00 2.510275677676228501e+00
1.188650459838349605e+00 2.514922392304925314e+00
1.186853123808819133e+00 2.518531080513520592e+00
1.185203249641123779e+00 2.523458691678078125e+00
1.183366711977746455e+00 2.526642480367815580e+00
1.181584492997515445e+00 2.530756633642634146e+00
1.179913679289112949e+00 2.535890857447701485e+00
1.178280208291300424e+00 2.541057870930948148e+00
1.176795024847023807e+00 2.546211817516025100e+00
1.175358438091312685e+00 2.551227284828422537e+00
1.173935174459641573e+00 2.554129799745826546e+00
1.172607327646449704e+00 2.557393643455996735e+00
1.171403040051213873e+00 2.560828887086207040e+00
1.170237486443288510e+00 2.562782632600324462e+00
1.169184253995866563e+00 2.565206926638260665e+00
1.167707129498838592e+00 2.566896267855427016e+00
1.166393691528193166e+00 2.566207009393394856e+00
1.164594014548078205e+00 2.563299788199740803e+00
1.163174008096426570e+00 2.560869211338639762e+00
1.161572987010084379e+00 2.558603743132931818e+00
1.160456140804314362e+00 2.555413920316232268e+00
1.159567317177808699e+00 2.551436071396208316e+00
1.159017535893458017e+00 2.547005365131281174e+00
1.158788040860126323e+00 2.543236514186308472e+00
1.159019916207218559e+00 2.538015751931472330e+00
1.159818183167466321e+00 2.532587096800330340e+00
1.160509593240210524e+00 2.524726582651529938e+00
1.161717270568652927e+00 2.517950354382936684e+00
1.163105769073455642e+00 2.511119978411833653e+00
1.164926995522170161e+00 2.504590691950053127e+00
1.167049274428010097e+00 2.498247570003141682e+00
1.169342334322657884e+00 2.493268156790544143e+00
1.171741103557685459e+00 2.488854288401137094e+00
1.174278350306586116e+00 2.484535725002164241e+00
1.177078519519568323e+00 2.479816563698268084e+00
1.180103111920237202e+00 2.474018376908859285e+00
