1.000000000000000000e+00 1.136563675749629465e-01 8.669935013111387812e-02 7.286501079599443272e-04
1.000000000000000000e+00 1.017498914459400855e-01 8.372123317412070997e-02 4.091088941670969060e-04
1.000000000000000000e+00 1.156248566842467268e-01 1.059986241687686237e-01 5.615597692287930707e-04
1.000000000000000000e+00 1.091737182677949142e-01 9.164260826281733774e-02 4.268692793918348852e-04
1.000000000000000000e+00 1.005687520910003435e-01 8.743392438942791667e-02 3.095962479772719988e-04
1.000000000000000000e+00 9.650627223366410601e-02 8.903201647631527049e-02 3.449638029746049904e-04
1.000000000000000000e+00 1.065365276545400669e-01 1.007216799763383519e-01 2.778978304339446855e-04
1.000000000000000000e+00 1.251992225461613373e-01 1.314285714285714501e-01 4.398251784551150223e-04
1.000000000000000000e+00 8.502164502164502591e-02 8.404040404040406809e-02 2.198983371690132506e-04
1.000000000000000000e+00 1.038311048557354066e-01 1.134975369458127992e-01 4.917185649746640954e-04
