1.196799967293411093e+00 2.471800742032542963e+00
1.194631387868904993e+00 2.468672986175316275e+00
1.192047791458898498e+00 2.464295091468499344e+00
1.194514357134978999e+00 2.465861957469255294e+00
1.192033272194624960e+00 2.462684509856098547e+00
1.191138301406204025e+00 2.455105920696936561e+00
1.195120399645786868e+00 2.456619732397924860e+00
1.198970161777836552e+00 2.458170944916772793e+00
1.202852230946314549e+00 2.459637305411694452e+00
1.208138453970510451e+00 2.464625994202644943e+00
1.213248432436640378e+00 2.469064107424502552e+00
1.215689932051767119e+00 2.470741668435179061e+00
1.218036530238232329e+00 2.471580642739696021e+00
1.223577115350344080e+00 2.476611054273427648e+00
1.229020504669053215e+00 2.481568864521937812e+00
1.234367574959363445e+00 2.486451300386317342e+00
1.239409107581755487e+00 2.491013829256743417e+00
1.244124814045775684e+00 2.495232112108824118e+00
1.248789531645794870e+00 2.499409549273202025e+00
1.253258210356512414e+00 2.503237950585730065e+00
1.257730897200764142e+00 2.506942717822160827e+00
1.262040865345920082e+00 2.510695524916075172e+00
1.266301529892580380e+00 2.514150607303023754e+00
1.270415798599171087e+00 2.517459163855243265e+00
1.274414428535852073e+00 2.520598194189684449e+00
1.277999727092324456e+00 2.522685181281966837e+00
1.281498882800397698e+00 2.525329358553656700e+00
1.284695002746664150e+00 2.527738802066529900e+00
1.287700443170236131e+00 2.529550934840864684e+00
1.290440301035604698e+00 2.531016707613483074e+00
1.292990419111735845e+00 2.532075625113805462e+00
1.295244472801936109e+00 2.532662419359699157e+00
1.297432225550731566e+00 2.533196897757332700e+00
1.299346657908076352e+00 2.533341051400882726e+00
1.296574718998246389e+00 2.526124558752752769e+00
1.302391504563495506e+00 2.526062856339493568e+00
1.300276293302976338e+00 2.518786328473038072e+00
1.298288232152845056e+00 2.513242916771034174e+00
1.299995975794183467e+00 2.512908385459633909e+00
1.301590574739794226e+00 2.512576369811478916e+00
1.303104346330452135e+00 2.511322977882261220e+00
1.304133993026200367e+00 2.510132975879773909e+00
1.304927245096758837e+00 2.508886472896728392e+00
1.305737707856951424e+00 2.507436528333117476e+00
1.306583422009273132e+00 2.506411748032196574e+00
1.307253801584909780e+00 2.505851298827256546e+00
1.307933115803985302e+00 2.505357147138655094e+00
1.308634324713585428e+00 2.504983257601618440e+00
1.309231136951741314e+00 2.504853772864421124e+00
1.309813408907265275e+00 2.504915582271211250e+00
1.310252490644218115e+00 2.504956446789895708e+00
1.310854944692035007e+00 2.505249126528098280e+00
1.308156143364883617e+00 2.501846351701519922e+00
1.307122926477670255e+00 2.500218882834921885e+00
1.304985282858319495e+00 2.496599054231479986e+00
1.308861386194674514e+00 2.500006248190374869e+00
1.308485673952373141e+00 2.500339086557673340e+00
1.307969290545288876e+00 2.499465342578623517e+00
1.302426017755509147e+00 2.492892521215683388e+00
1.302284853360807126e+00 2.492473239991114919e+00
1.302327626677963979e+00 2.492215100471979028e+00
1.302369446755058391e+00 2.491905092639576047e+00
1.296298578732860696e+00 2.484857721002075248e+00
1.296481285716584830e+00 2.484569383339469972e+00
1.290819672688295228e+00 2.477961554571296521e+00
1.290624974763749488e+00 2.478758075773463077e+00
1.290478611818114185e+00 2.479496157873577467e+00
1.289867473954438459e+00 2.480114633778878641e+00
1.286440200287771285e+00 2.476334753333241601e+00
1.282340717820074083e+00 2.471560755425704858e+00
1.277852651633139214e+00 2.466289364493856606e+00
1.277581524439065142e+00 2.467382447788196043e+00
1.272621048464496862e+00 2.461106404670581504e+00
1.273862866647510028e+00 2.463573995861763954e+00
1.273940054849375780e+00 2.465231773574745322e+00
1.268480188187898872e+00 2.458115087486530737e+00
1.270268315493425115e+00 2.460948273453730462e+00
1.264935172798954399e+00 2.454178125477104455e+00
1.259813444974392294e+00 2.447568112593029532e+00
1.260023799248789711e+00 2.449202875148456027e+00
1.254971587932088628e+00 2.442278608011404728e+00
1.255566098742076697e+00 2.444936265682858600e+00
1.255759927160995382e+00 2.446989860133633066e+00
1.255913660303149548e+00 2.448980232052753170e+00
1.255804028807690376e+00 2.450501875439531130e+00
1.255615258978417748e+00 2.451833059037851203e+00
1.255175326421144266e+00 2.452913894590243338e+00
1.254654609148049937e+00 2.454234798108549498e+00
1.253921383601714235e+00 2.455186235181911147e+00
1.253086925117965489e+00 2.456575550335799552e+00
1.251484037301060059e+00 2.455539781916914244e+00
1.244857840356909051e+00 2.446863390521092807e+00
1.243001658245627805e+00 2.446771809585954305e+00
1.241127512465715066e+00 2.446442426193275121e+00
1.239133553590768821e+00 2.445941712079663155e+00
1.237144535652920041e+00 2.445561846493048197e+00
1.235051569895043722e+00 2.444836721255168044e+00
1.232853541068377634e+00 2.444963037890806490e+00
1.230653728406313707e+00 2.444932188007093998e+00
1.228118810398926009e+00 2.443516882378511834e+00
1.225580392940698093e+00 2.442356604256811003e+00
1.222991985411184146e+00 2.442390503956212378e+00
1.214380183233613186e+00 2.431732981944710659e+00
1.206080709659472339e+00 2.421434460331696847e+00
1.197165625319459581e+00 2.412305286822332917e+00
1.188628761360656094e+00 2.402896289530237262e+00
1.180202539753067548e+00 2.393993749667021831e+00
1.172169107733293192e+00 2.381855571730976617e+00
1.167693131707926657e+00 2.380303935695502915e+00
1.161853342894056063e+00 2.375795533214950073e+00
1.155406887091532164e+00 2.368497486609844493e+00
1.151212216906122077e+00 2.367236289015417050e+00
1.145097495411453004e+00 2.361222833158132861e+00
1.138939240616443804e+00 2.355802127681046798e+00
1.132896751751822473e+00 2.350245343882797489e+00
1.127065279519232188e+00 2.344796915445436447e+00
1.121409535019665338e+00 2.339378216072944383e+00
1.115929077583859952e+00 2.334068326685920791e+00
1.110825401461964068e+00 2.329444898890663307e+00
1.105888099028163651e+00 2.324957323615366001e+00
1.104529913885523573e+00 2.327778644201020875e+00
1.099635996912019964e+00 2.322703805555410117e+00
1.095177426988295899e+00 2.320951038531199551e+00
1.090577298777118287e+00 2.317875415502446135e+00
1.086102326249572370e+00 2.316071632948128567e+00
1.081407766733297304e+00 2.308577725634383793e+00
1.077788088765150309e+00 2.308934972696370824e+00
1.075254708075997323e+00 2.310025442491134395e+00
1.071764293096108212e+00 2.309289805020329656e+00
1.066971628879636702e+00 2.304581243675339675e+00
1.062182509813088371e+00 2.301733267063559296e+00
1.057642612526845882e+00 2.297893245424943220e+00
1.052810067802281813e+00 2.294572542940147564e+00
1.050472551002620492e+00 2.294907029110142993e+00
1.046559532317556496e+00 2.293592537694089106e+00
1.044698705757932000e+00 2.295208717148672584e+00
1.041793899638961962e+00 2.294389075038659964e+00
1.039508887773511026e+00 2.295410711383170543e+00
1.036244521285811793e+00 2.292763961205976919e+00
1.034711478989220668e+00 2.293160221430441847e+00
1.032104646117985025e+00 2.290329700821709835e+00
1.030999562718512230e+00 2.291328075259916108e+00
1.030499432238478619e+00 2.290263349540890836e+00
1.030407155335295588e+00 2.292061258900448983e+00
1.030456700817294902e+00 2.290758141532073466e+00
1.030787851358190288e+00 2.292103652733493924e+00
1.030232245241639033e+00 2.292254610508363211e+00
1.029361938588340353e+00 2.291746131500230543e+00
1.028179175701483539e+00 2.290613495288286838e+00
1.027995116550778132e+00 2.289631629290390435e+00
1.028442007523707957e+00 2.287495306334923928e+00
1.029151253355809814e+00 2.288478779297578036e+00
1.030306001169846164e+00 2.289436889938166519e+00
1.032362433442606919e+00 2.290843358127809370e+00
1.034514899256797404e+00 2.292277302894516033e+00
1.036922513966634041e+00 2.294075854135271264e+00
1.039761650014598082e+00 2.296712734282678969e+00
1.042954956318558946e+00 2.299850387247211358e+00
1.047514316925218347e+00 2.305106342003869990e+00
1.052210783154543750e+00 2.310323510430154048e+00
1.057297090874847578e+00 2.315538646625665997e+00
1.064275503365443409e+00 2.322824411083118878e+00
1.071603446101271562e+00 2.330199069280839197e+00
1.078844782778052735e+00 2.337373178572907495e+00
1.085931659732904730e+00 2.343005393442126660e+00
1.092958186945805821e+00 2.349938791202406563e+00
1.099947407582607450e+00 2.355424297916891785e+00
1.106733714970441262e+00 2.360658642201213020e+00
1.113267518830027614e+00 2.366127945404372213e+00
1.224555988829155506e+00 2.495712819017068096e+00
1.225907232906120026e+00 2.493768218349406318e+00
1.227138861653483515e+00 2.490847030608528634e+00
1.228276680207534222e+00 2.485918118992664461e+00
1.229153225202247235e+00 2.482110112168296467e+00
1.230004291396334271e+00 2.474883710206975174e+00
1.230644636281223114e+00 2.470011340186699655e+00
1.231410364928906542e+00 2.466424146104462256e+00
1.229396593025661177e+00 2.462904266591590119e+00
1.230847422577559191e+00 2.462238933777381344e+00
1.232576246509285101e+00 2.461304422349648746e+00
1.234528391103252964e+00 2.459944986766116948e+00
1.236813804808646555e+00 2.459057517655721892e+00
1.236548586681957218e+00 2.458936373496180217e+00
1.239833259025348466e+00 2.461405323885737406e+00
1.243029272950219033e+00 2.463304991635475893e+00
1.246113974039362082e+00 2.464743496560699576e+00
1.249177322199214402e+00 2.466433359071189990e+00
1.252524171268374342e+00 2.468878120702004075e+00
1.254013505753719837e+00 2.470897952404643050e+00
1.257859502051209777e+00 2.475921120339614312e+00
1.260044773917976979e+00 2.478399871823150136e+00
1.263948224336712389e+00 2.483247134832106351e+00
1.267814081275779881e+00 2.488045807228277173e+00
1.271620116085324659e+00 2.492740656108129116e+00
1.275501695653350476e+00 2.497260161169474912e+00
1.279364011069567653e+00 2.501581487232805046e+00
1.283116466133089606e+00 2.505539020022824470e+00
1.286960110770031029e+00 2.509558079349588411e+00
1.290757870709699384e+00 2.513555193442202906e+00
1.294556898235555087e+00 2.517576964083671154e+00
1.298338641612911903e+00 2.521471857032803410e+00
1.302068065820913612e+00 2.525231934437836223e+00
1.305574393746291584e+00 2.528671841379941387e+00
1.308667470980454883e+00 2.531710001652455855e+00
1.311677284099329599e+00 2.534926728899396853e+00
1.314560587495827049e+00 2.537704881189450923e+00
1.316828854294378681e+00 2.539293786177552636e+00
1.318959675671106835e+00 2.540692256017124340e+00
1.320937499285921968e+00 2.541915046441859172e+00
1.322826784596423888e+00 2.542961965444802797e+00
1.324609389561781647e+00 2.544201607026735257e+00
1.322172183552208891e+00 2.538483015923617359e+00
1.322593106054009260e+00 2.536743973100793248e+00
1.319826525657099792e+00 2.530347399090491223e+00
1.326007163530667832e+00 2.535632324650222369e+00
1.322127918092823151e+00 2.528681147287854980e+00
1.322480668273419369e+00 2.528655490944228923e+00
1.322839362200039393e+00 2.526365062918572324e+00
1.322988390107490586e+00 2.525377818752505998e+00
1.323027593731929352e+00 2.524689545504865240e+00
1.322485364488799275e+00 2.522420544294362799e+00
1.319534709446130050e+00 2.518556841372645128e+00
1.319426496239536117e+00 2.518669344085830097e+00
1.314916324693002458e+00 2.512777262408420142e+00
1.314347583070460068e+00 2.511384946774851912e+00
1.312843572272999415e+00 2.508651204689168690e+00
1.312457177344880099e+00 2.508881651188863415e+00
1.307076210739523514e+00 2.502794811804329722e+00
1.306571043598538040e+00 2.502881238085215454e+00
1.301067322311777241e+00 2.496506591010892340e+00
1.301193220572878229e+00 2.495021305733246653e+00
1.296941217038418248e+00 2.489333425543200917e+00
1.296419217889116737e+00 2.488775848017209302e+00
1.297304386794187803e+00 2.489971621452305772e+00
1.290960096074946772e+00 2.481513276941618606e+00
1.290467446193463319e+00 2.481123174817516652e+00
1.285857732978604062e+00 2.475879526776706197e+00
1.285584973166859157e+00 2.476281874068125166e+00
1.280466123526556865e+00 2.469955876318811860e+00
1.276625554536500839e+00 2.465758427492089844e+00
1.276590404357274444e+00 2.467188003182590794e+00
1.276631962830982792e+00 2.468534336164821319e+00
1.276557046859513767e+00 2.470116087755261702e+00
1.276431616121390000e+00 2.471766856600003504e+00
1.276166249795428698e+00 2.473106397811550394e+00
1.275770742231209454e+00 2.474393348698321393e+00
1.275270339343344661e+00 2.475512068612361727e+00
1.270117986905890062e+00 2.468967684404063334e+00
1.268738634499267715e+00 2.468355900895533583e+00
1.262640021225923448e+00 2.460563806692305011e+00
1.260981378392291408e+00 2.459755529617438707e+00
1.254755445854236484e+00 2.451538691922891200e+00
1.253400556424631107e+00 2.451453166670196193e+00
1.251521619071110036e+00 2.450182689256542812e+00
1.245109798427625369e+00 2.440867831424702317e+00
1.246822666827846371e+00 2.439068575608972278e+00
1.240195730585620604e+00 2.429363692897037019e+00
1.238301956345793320e+00 2.427687498498122043e+00
1.232348701586443829e+00 2.418060288821155979e+00
1.234111975273382678e+00 2.414730794394547964e+00
1.226752991172697316e+00 2.403526556913344159e+00
1.228932192693676040e+00 2.401979383764112796e+00
1.221567160485799830e+00 2.390647840948966429e+00
1.220673690443990544e+00 2.390545894560964779e+00
1.219547951084668291e+00 2.390395338267933489e+00
1.218429982732282424e+00 2.390728770162305228e+00
1.217238373725333167e+00 2.390798291130173059e+00
1.216071123278148480e+00 2.390811702385694737e+00
1.214811908178850208e+00 2.390732569303999355e+00
1.213580595457095956e+00 2.390606364233891501e+00
1.212251046241020092e+00 2.390385245874643072e+00
1.210900197538897327e+00 2.390071246648366454e+00
1.209412955471504958e+00 2.389724447011118968e+00
1.207897262935182514e+00 2.389314010442785907e+00
1.206162025453071163e+00 2.388891744575508458e+00
1.204413274375662590e+00 2.388301321479052941e+00
1.202636517105863945e+00 2.387523617643548146e+00
1.195688333850820406e+00 2.379269029943134939e+00
1.192649886996239639e+00 2.377258878864680014e+00
1.185930654885363200e+00 2.369062381629896130e+00
1.179367831391251453e+00 2.361001162012747123e+00
1.173012113094347830e+00 2.353395951839966305e+00
1.165866763454997512e+00 2.347270353275309418e+00
1.159458605475881976e+00 2.341069268448896512e+00
1.154359066549290880e+00 2.336771091434585834e+00
1.151647860264046086e+00 2.336207782325022908e+00
1.146614184831414862e+00 2.331685414997385131e+00
1.140906096779357393e+00 2.326879329150743914e+00
1.135258507212101087e+00 2.321455816879002043e+00
1.129777646620531373e+00 2.316969135773264021e+00
1.124364321793685173e+00 2.312113359419707415e+00
1.119088962581674673e+00 2.307650945352065719e+00
1.113751941381802002e+00 2.303036629285246661e+00
1.108589329694989578e+00 2.298455212741309595e+00
1.103657533829267123e+00 2.294341696419611054e+00
1.098891898426994196e+00 2.290623943689686026e+00
1.094357632939141567e+00 2.286582576330079331e+00
1.089863406845433369e+00 2.282759347444948794e+00
1.085456079182339328e+00 2.279027927140297116e+00
1.084045324011429834e+00 2.279382582296486159e+00
1.079755716138595112e+00 2.274566885493375601e+00
1.079089787640777676e+00 2.276425740431501588e+00
1.075001452606220154e+00 2.272168086084151550e+00
1.070785518288158267e+00 2.267655276154393995e+00
1.066530664224691893e+00 2.263225942858009265e+00
1.062376114223111623e+00 2.258505946289655508e+00
1.057963472637971192e+00 2.253368993780719531e+00
1.053696023255842329e+00 2.251327504553829240e+00
1.052090510228484099e+00 2.251649327556170643e+00
1.048684022020151652e+00 2.248116928943768578e+00
1.045122927695048443e+00 2.244144603277792083e+00
1.041347843717850941e+00 2.243591029631995859e+00
1.039441941809305270e+00 2.243918728898840698e+00
1.038761266111083215e+00 2.246303773659384717e+00
1.038357160203952301e+00 2.248612182856347452e+00
1.038026045653383189e+00 2.252062563177964272e+00
1.036755366870231843e+00 2.253058443760842522e+00
1.035831848485422757e+00 2.255688815271969627e+00
1.035495415601855873e+00 2.256794390225375757e+00
1.035285190458654858e+00 2.259766931847299709e+00
1.033321877139235845e+00 2.256768792876768348e+00
1.032966895889435577e+00 2.257929872191871024e+00
1.030912729510889081e+00 2.254685474438762771e+00
1.030901447055863063e+00 2.254896909465336829e+00
1.030320504159067285e+00 2.252699449361785344e+00
1.030563252934250551e+00 2.252463994263654179e+00
1.031815325306160602e+00 2.252655398683608645e+00
1.033735426433430860e+00 2.253700394698926246e+00
1.035851146755538466e+00 2.254589900074836617e+00
1.036947564036885483e+00 2.254598542291633034e+00
1.038918410282236415e+00 2.255145123594696432e+00
1.041764421151951003e+00 2.253596360610812699e+00
1.045056568460055013e+00 2.252888576668949039e+00
1.048621939265439229e+00 2.253914514986857576e+00
1.052685153505134474e+00 2.256683801194249384e+00
1.056990182746991858e+00 2.258881620489201936e+00
1.061676804673765462e+00 2.261529192433502811e+00
1.066494399101795665e+00 2.264760296863148170e+00
1.071532994246733317e+00 2.267815221250979452e+00
1.076689724206889576e+00 2.270861822376570860e+00
1.082372925999966151e+00 2.273805521630081206e+00
1.088182930364207213e+00 2.276864918177155417e+00
1.094069970403457326e+00 2.280053686702022464e+00
1.099796722447406117e+00 2.283068597558667090e+00
1.105626705594827675e+00 2.288572893962814714e+00
1.111229159118527487e+00 2.293655724161795195e+00
1.116858652889991310e+00 2.297148237242050417e+00
1.122122987681783091e+00 2.299867337222124775e+00
1.127406518315519968e+00 2.302714090784688139e+00
1.229329718983901643e+00 2.395660172221810047e+00
1.229141499602027787e+00 2.391540155285481806e+00
1.228852372562763140e+00 2.388461465381110038e+00
1.230589088475057657e+00 2.390085635855179635e+00
1.226315662350027536e+00 2.386181591050573036e+00
1.222152591083778717e+00 2.380878180003693778e+00
1.218385315608310648e+00 2.375552504876747850e+00
1.215621270112768659e+00 2.365122133544792504e+00
1.213115564335334629e+00 2.355063678702941310e+00
1.211930557205590286e+00 2.348102837200373383e+00
1.215631673088115816e+00 2.352157822313114988e+00
1.215479778293048874e+00 2.352634397767398688e+00
1.218648852178239483e+00 2.356707556970105699e+00
1.222025632009113405e+00 2.360879585552371651e+00
1.222685447320752017e+00 2.361627288325546914e+00
1.224496859616726274e+00 2.363775168829411299e+00
1.228470149190841409e+00 2.368685890529970806e+00
1.232387704661820571e+00 2.373320533403130650e+00
1.236317079475827363e+00 2.377791359650221370e+00
1.240124879804626268e+00 2.382063208242938046e+00
1.243993560012773614e+00 2.386530016746537530e+00
1.246491531953349163e+00 2.388717994697852731e+00
1.250790096698109588e+00 2.393622079192215590e+00
1.255291887203288548e+00 2.395649058925771513e+00
1.259843605141102385e+00 2.401335150487192482e+00
1.264349277191368470e+00 2.406973227677854599e+00
1.268841552885993096e+00 2.412567064192318700e+00
1.273209507761486003e+00 2.418028812009527240e+00
1.277480705970748254e+00 2.423320434800917411e+00
1.281674055851420135e+00 2.428555811234151207e+00
1.285765795686136137e+00 2.433656967899658241e+00
1.289700303034530648e+00 2.438535832678055293e+00
1.293576629031646830e+00 2.443376931291365572e+00
1.297349472876722309e+00 2.448093047418131718e+00
1.298487742237981690e+00 2.447907632983805648e+00
1.301336801987348357e+00 2.450548253765847839e+00
1.303753009842397281e+00 2.452944142409930528e+00
1.306169409583130880e+00 2.455291501541568167e+00
1.308553369344371831e+00 2.457701873475014231e+00
1.310895492079960700e+00 2.460130471210215664e+00
1.313171960452882869e+00 2.462455029839919707e+00
1.315078046644269527e+00 2.463993341264181680e+00
1.316908187957440246e+00 2.465739148037780826e+00
1.318035160255048410e+00 2.466050582796876167e+00
1.318781153651773064e+00 2.465818171104984469e+00
1.319515854840350055e+00 2.465860069396497600e+00
1.316472709869302982e+00 2.460223266334641945e+00
1.316538255918882072e+00 2.459450645484781983e+00
1.316592788889699550e+00 2.458719451381522703e+00
1.316627875399526415e+00 2.458023861191526827e+00
1.316514705164107735e+00 2.457239929056808769e+00
1.316409851180298407e+00 2.450811375084385624e+00
1.316168294083819301e+00 2.450270123043906789e+00
1.315962726772124114e+00 2.449875895286504957e+00
1.315688726755322113e+00 2.451061014408330685e+00
1.315432965182256275e+00 2.452315294135079426e+00
1.315174016071069429e+00 2.453528758601835946e+00
1.314479865949002679e+00 2.454324358256928740e+00
1.313790294802231529e+00 2.455050719493945710e+00
1.313038615826877642e+00 2.455668271178960804e+00
1.311976615587615802e+00 2.455175732547340228e+00
1.310966516160220419e+00 2.455084531058189690e+00
1.309920995014897782e+00 2.455030672715965423e+00
1.308791093767131208e+00 2.455086913009773220e+00
1.307236882692845548e+00 2.454983753853416495e+00
1.299633210886309120e+00 2.447884110493696141e+00
1.297385633260182747e+00 2.446832282895227362e+00
1.295210773946787963e+00 2.445760036184664532e+00
1.292855527161423934e+00 2.444485578483621246e+00
1.290583193417221386e+00 2.443759614521467949e+00
1.288288732223078270e+00 2.443009609888421974e+00
1.286090846100606644e+00 2.442332442497553657e+00
1.283941368924187865e+00 2.441613614494522633e+00
1.281836349936644748e+00 2.440901541988301560e+00
1.279675574229022894e+00 2.440243401670959766e+00
1.277558759456466131e+00 2.439561513938218962e+00
1.275532152481522186e+00 2.438951573930914662e+00
1.273445353150618686e+00 2.438491990305217794e+00
1.271415250357463833e+00 2.438040707739916435e+00
1.269417354469893677e+00 2.437475271091452012e+00
1.267396901139522081e+00 2.437173486204985640e+00
1.265344972399985446e+00 2.437281653107715051e+00
1.258300356980895485e+00 2.429933759562762141e+00
1.255755525078588342e+00 2.428142802572989201e+00
1.247668901924156692e+00 2.419900431443050337e+00
1.243838288088435551e+00 2.416288832297647460e+00
1.240356741451364320e+00 2.413353383882641534e+00
1.233537646929188991e+00 2.405043389956939670e+00
1.231159501849206972e+00 2.402747026244413941e+00
1.223428217237898741e+00 2.392016144528862132e+00
1.221419248577774397e+00 2.389800995350337409e+00
1.219514698429541077e+00 2.387954087523379787e+00
1.217699639337737283e+00 2.386530759023421933e+00
1.211520989701059925e+00 2.377251299676289342e+00
1.209673324039236109e+00 2.375149824545444321e+00
1.203167230258193943e+00 2.365565263766258752e+00
1.197109312690291860e+00 2.356821399546360496e+00
1.194815652469687572e+00 2.354080458358786210e+00
1.189558975173352851e+00 2.346404349858711047e+00
1.187217295872694978e+00 2.343446520751445661e+00
1.181786722906667197e+00 2.335168627912743489e+00
1.179828262088850943e+00 2.332091067794609174e+00
1.174704575686043917e+00 2.324570212814916381e+00
1.173104541223817909e+00 2.322194276342113284e+00
1.171754112725026165e+00 2.320723086102590926e+00
1.170304347105416420e+00 2.319801315622035620e+00
1.168930946649598734e+00 2.319250523537503383e+00
1.167452076266303873e+00 2.318513857998478311e+00
1.166156282493031604e+00 2.317909665375603279e+00
1.161211120221998794e+00 2.311966154999105072e+00
1.158920973569059321e+00 2.310853178219424819e+00
1.152989646264113377e+00 2.303778429390716198e+00
1.150714991077093963e+00 2.302632019565192589e+00
1.148578749782654507e+00 2.301660032254843280e+00
1.146596264658136022e+00 2.300810362657701447e+00
1.144717563687328354e+00 2.300229968205317110e+00
1.139497585845952399e+00 2.294168168872871671e+00
1.134313682878800744e+00 2.288117062554282377e+00
1.129205862756788692e+00 2.283293579030047926e+00
1.124082179060339692e+00 2.278128053203825054e+00
1.119275957800210497e+00 2.273441985388496622e+00
1.114589714362484330e+00 2.269162995264034421e+00
1.110120164356720895e+00 2.265232291568012979e+00
1.105682520506974020e+00 2.261441093156658422e+00
1.101538735874088681e+00 2.258740948514947888e+00
1.097435867579344082e+00 2.255905369437902319e+00
1.093429859310836694e+00 2.253048646140151767e+00
1.089533239540254161e+00 2.250210539298099111e+00
1.085698141683471230e+00 2.247546871060186469e+00
1.082063428610627875e+00 2.245161899440103692e+00
1.078481445532319727e+00 2.242751396009239784e+00
1.075012055200746719e+00 2.240535988839989834e+00
1.071711418055752985e+00 2.238899931070571281e+00
1.068552142456008935e+00 2.235060123392870857e+00
1.068405313400358381e+00 2.238624090168721992e+00
1.065174080204934537e+00 2.236446458034525797e+00
1.061984702876420661e+00 2.234713025774138551e+00
1.058795897110518247e+00 2.234511499778303989e+00
1.055569151147388363e+00 2.233721082256957313e+00
1.052236768444138049e+00 2.232216960649829218e+00
1.052652475857831949e+00 2.236026920823403596e+00
1.052034260579655767e+00 2.239965623832944619e+00
1.050474829416109479e+00 2.242557784559596978e+00
1.050005383882660404e+00 2.245944354252309427e+00
1.048298972129418249e+00 2.246045143821640888e+00
1.047595469800081114e+00 2.248575321599599608e+00
1.045801007774334046e+00 2.248326008166151357e+00
1.046522478442898807e+00 2.250658297490657489e+00
1.046118391269802217e+00 2.253317975741607082e+00
1.044771805921115071e+00 2.253903298182491355e+00
1.042606131500966260e+00 2.253574218334988721e+00
1.040217372327667755e+00 2.252609913461358193e+00
1.037340721158215295e+00 2.251140394398164268e+00
1.034346808958548358e+00 2.249614838854516741e+00
1.031528057948567056e+00 2.247949892908109426e+00
1.028902140231577222e+00 2.246827068865354438e+00
1.029395528568734397e+00 2.248065845488751879e+00
1.029461768151871182e+00 2.249469654378374983e+00
1.028986710376043723e+00 2.249660537723534137e+00
1.028568498372197881e+00 2.250072358886471502e+00
1.027905705404974057e+00 2.250579819607218202e+00
1.028350831719141212e+00 2.250948143231016996e+00
1.027924607536916390e+00 2.250926473699172092e+00
1.027309076356090589e+00 2.249366191125329095e+00
1.026509386687322056e+00 2.245889979836082517e+00
1.026834971889112769e+00 2.244975101277393303e+00
1.026898169052085530e+00 2.241534984604761416e+00
1.027447633970829388e+00 2.241678417352146013e+00
1.027580275925132680e+00 2.238864642996472476e+00
1.028378520815421471e+00 2.238551391509972177e+00
1.030521725557661084e+00 2.239142373085204696e+00
1.032360352009604076e+00 2.239627683393172308e+00
1.034469641102726989e+00 2.240034653559386246e+00
1.037474172392542471e+00 2.240999605101940073e+00
1.040504608453895363e+00 2.241844810478380356e+00
1.043759009793745474e+00 2.243227044327888997e+00
1.047240255744423587e+00 2.244617747326246526e+00
1.051162159452265543e+00 2.246290165722432342e+00
1.055826724361995428e+00 2.249368424727030025e+00
1.060474023456076331e+00 2.252223713570980390e+00
1.065681982346552870e+00 2.255901142041049301e+00
1.070761705397341723e+00 2.259389929036940359e+00
1.076144450428390797e+00 2.262879958845211537e+00
1.081976671935411138e+00 2.267524841381327150e+00
1.178840102777030996e+00 2.393813389110165613e+00
1.182531849913185162e+00 2.406479768819988152e+00
1.186133980627020357e+00 2.418718633359489001e+00
1.189631888716381258e+00 2.430540249336730962e+00
1.193024985524542725e+00 2.441970719102377174e+00
1.196320028782789091e+00 2.453022079738664818e+00
1.199520144240286967e+00 2.463702844748865139e+00
1.202629377061781080e+00 2.474023074290292890e+00
1.205645592806747546e+00 2.483994864252749402e+00
1.208567319023114539e+00 2.493616326264555205e+00
1.211401923460082131e+00 2.502903441284297426e+00
1.214136654875050958e+00 2.511689443959616241e+00
1.216669795134574183e+00 2.520159428975139893e+00
1.219079697869194678e+00 2.528314563408846638e+00
1.221214656769023854e+00 2.536117911528966484e+00
1.223269326578206861e+00 2.543591252280016146e+00
1.225175475837414263e+00 2.550348624378011131e+00
1.226658846158946492e+00 2.556416496450965692e+00
1.227636413030710472e+00 2.549863996417221834e+00
1.228433919343696390e+00 2.539377967813689629e+00
1.228820572872955541e+00 2.531343687326934155e+00
1.228915377921798502e+00 2.524996487852460891e+00
1.228778771145603965e+00 2.515939240586528847e+00
1.225232883892680036e+00 2.509199976374898888e+00
1.222665017234651597e+00 2.504835457362477147e+00
1.219059394574975919e+00 2.498992260922294317e+00
1.215705806517624055e+00 2.492655657026662031e+00
1.212084940743750394e+00 2.486022504304822967e+00
1.210194804561023352e+00 2.483894527507696903e+00
1.207408294961154871e+00 2.479570825098821985e+00
1.209201871417894480e+00 2.478934477075116494e+00
1.205794617158594040e+00 2.474500511526595226e+00
1.209001719812051956e+00 2.476559839959438847e+00
1.209041986225799281e+00 2.475931813734145504e+00
1.211132948967493572e+00 2.476667727118306406e+00
1.213952907502456213e+00 2.478083484335716680e+00
1.213936182677163300e+00 2.475291101816619932e+00
1.217696152906934337e+00 2.476839999884291377e+00
1.221441052486323287e+00 2.478058894939304757e+00
1.225572200931070999e+00 2.479689211770261803e+00
1.229665954278431617e+00 2.481252385445552378e+00
1.233768655405561576e+00 2.482720590282188500e+00
1.237848878771017347e+00 2.484083054446782679e+00
1.241909946780015428e+00 2.485453289729246062e+00
1.246120874447293359e+00 2.486915312754224061e+00
1.250405332383642598e+00 2.488607620437251366e+00
1.254576053010851622e+00 2.490263366489970043e+00
1.258852920029321698e+00 2.492333151457659657e+00
1.263058590240071277e+00 2.494424187902040124e+00
1.267234211949501033e+00 2.496529019829914375e+00
1.271311647729560512e+00 2.498558373692981505e+00
1.275333600111184573e+00 2.500579395103697422e+00
1.279297300591813347e+00 2.502988617261019844e+00
1.283214749779771013e+00 2.505319379738995433e+00
1.287092634419690018e+00 2.507612674369028571e+00
1.290839217436287933e+00 2.509761023660537216e+00
1.294576826327169528e+00 2.512092912936973566e+00
1.298247165625284971e+00 2.514341884942944638e+00
1.301861060791528413e+00 2.516666959053250885e+00
1.305278204749048321e+00 2.518700041262880163e+00
1.308592337374857584e+00 2.520642847543061560e+00
1.311785729092494357e+00 2.522607415960973487e+00
1.314929127375611850e+00 2.524446118194452193e+00
1.317957406341295101e+00 2.526092749931259540e+00
1.320664269353250875e+00 2.527225238847134126e+00
1.323189323092111458e+00 2.528124070456244432e+00
1.325621357467501982e+00 2.528896653778633485e+00
1.327996006670492779e+00 2.529766018692041651e+00
1.330294484982756709e+00 2.530715473744129085e+00
1.332504857882253591e+00 2.531553957298827484e+00
1.330008801075185376e+00 2.522381143725450858e+00
1.327629931655273099e+00 2.513341138702512634e+00
1.328014606406309195e+00 2.510390779988133314e+00
1.328503320756978967e+00 2.508018935473461664e+00
1.328973824638014944e+00 2.505933790806702977e+00
1.329531779355523247e+00 2.504172752930186707e+00
1.330149388243723196e+00 2.503000930624842191e+00
1.330818324516046758e+00 2.502026738581578869e+00
1.331483601893213242e+00 2.501322068293850620e+00
1.331658734307183733e+00 2.499998351975384114e+00
1.331050112979350608e+00 2.497279592579028318e+00
1.330524466585534915e+00 2.494914692439143433e+00
1.325998993933878101e+00 2.485973219978579785e+00
1.321582281677000870e+00 2.477150997820568801e+00
1.317296264354863800e+00 2.468624335788003332e+00
1.317650053065506643e+00 2.468550984108885960e+00
1.317664635324563793e+00 2.468385729450642607e+00
1.317856508664654758e+00 2.468567318554734324e+00
1.317789488299000444e+00 2.468448008727567533e+00
1.317843377078746991e+00 2.468543713310058951e+00
1.314329101357296636e+00 2.461575452520743834e+00
1.310947262126379798e+00 2.454681223764155540e+00
1.310561852804857264e+00 2.454264131446993957e+00
1.309623642078300287e+00 2.453239846913829236e+00
1.308851884225462392e+00 2.452640263873933968e+00
1.308171222006777601e+00 2.452252980557525497e+00
1.307491616866619299e+00 2.452037496655954829e+00
1.306465056241050915e+00 2.451437508913234531e+00
1.300922417351439320e+00 2.443677160611832377e+00
1.299843008306287739e+00 2.443144561500503631e+00
1.298919159579490668e+00 2.442942851238070645e+00
1.297999142655726246e+00 2.442840077171060109e+00
1.297080843732564936e+00 2.442850011663567411e+00
1.296182865837309794e+00 2.442827500966891829e+00
1.290987171957864277e+00 2.435606111720716171e+00
1.285940220772793463e+00 2.428692782654917615e+00
1.284532617565533608e+00 2.428049470794583442e+00
1.279711134884721213e+00 2.421580898603134191e+00
1.274874970118400785e+00 2.415688094531244445e+00
1.272676452619737830e+00 2.414363207331302164e+00
1.270688926314023526e+00 2.413700462031072913e+00
1.265135854509112479e+00 2.406722764086789201e+00
1.259404953422179618e+00 2.399737670035213100e+00
1.257103574440386673e+00 2.398781087131196532e+00
1.254985530134779648e+00 2.398362548614449086e+00
1.248293976406969152e+00 2.390147119740692716e+00
1.245753819365468473e+00 2.389152798017714296e+00
1.239619592644447321e+00 2.381667402061639738e+00
1.237423433487647273e+00 2.380280504664757046e+00
1.230039882840641585e+00 2.370240589742896198e+00
1.228545330850248973e+00 2.370594419466462988e+00
1.221348551592579934e+00 2.360716364429265912e+00
1.219344673449725747e+00 2.360123426256922841e+00
1.217454251814183763e+00 2.359603084252265059e+00
1.215655655469528362e+00 2.359461526605846515e+00
1.213942586850115024e+00 2.359283471614063377e+00
1.212318327457154066e+00 2.359191024337540910e+00
1.210675493809819647e+00 2.359245360104483158e+00
1.209093629961685457e+00 2.359208749345683032e+00
1.207457663173483464e+00 2.359075915803961809e+00
1.205816186817458169e+00 2.358722405163018898e+00
1.204190967502912102e+00 2.359292238009201181e+00
1.202581654330055372e+00 2.359076520845385438e+00
1.200972529929112742e+00 2.358853963804039111e+00
1.199123114111455113e+00 2.358341253587627140e+00
1.192377167505491053e+00 2.349653578978010859e+00
1.189393244654577408e+00 2.347857371280991146e+00
1.186625353473498290e+00 2.345080968307248437e+00
1.181095485621292962e+00 2.338286833508398832e+00
1.178240329192157487e+00 2.336120812484477671e+00
1.171501318299901673e+00 2.327997125260486300e+00
1.168088404846502559e+00 2.324473193337816213e+00
1.163331901153247472e+00 2.319236169532453484e+00
1.157354365821365416e+00 2.314621834503811648e+00
1.153192348141168333e+00 2.310093368299687810e+00
1.151034535078741428e+00 2.309267587371517827e+00
1.145655631144625541e+00 2.305654974411918356e+00
1.140417594716108152e+00 2.301352181642009498e+00
1.135190276148774879e+00 2.297049620330347874e+00
1.129848486796603213e+00 2.292070168163066413e+00
1.124718144010907972e+00 2.287753695559015199e+00
1.119744902402543429e+00 2.283448740106809538e+00
1.118166858554465515e+00 2.284421609263547648e+00
1.113671140413340810e+00 2.280302578242229927e+00
1.109288001491558706e+00 2.276263746282245037e+00
1.104991213254036930e+00 2.272630272208547630e+00
1.100776740976629364e+00 2.266348641220465865e+00
1.098680983404502154e+00 2.268523013992764792e+00
1.095950303266934878e+00 2.267367174882827019e+00
1.093031398499969775e+00 2.265777109032597103e+00
1.089712449764801638e+00 2.264592788368168019e+00
1.086480791352530728e+00 2.263334957025271876e+00
1.083161100885172701e+00 2.261794418418249908e+00
1.079525841873312242e+00 2.259784319279296572e+00
1.075997183668712998e+00 2.257587173422936910e+00
1.072592417564238509e+00 2.255520975334749600e+00
1.071078276290955422e+00 2.258923373367548670e+00
1.068681217623866031e+00 2.259845339493656624e+00
1.065974072181604226e+00 2.257098444786354463e+00
1.064379844370699324e+00 2.260080004656271679e+00
1.062220047305160620e+00 2.258234069232911700e+00
1.060729757318557454e+00 2.261077872862042870e+00
1.057566116155426839e+00 2.256680376739782279e+00
1.056068708310651250e+00 2.258549933531840193e+00
1.055122545242328291e+00 2.257878629261569792e+00
1.054307188124632200e+00 2.260992734565036244e+00
1.051815707316424708e+00 2.257765600646400639e+00
1.050776464127549881e+00 2.259922646626841392e+00
1.048732560727801522e+00 2.258908227171640082e+00
1.047310956192140985e+00 2.261026695118502960e+00
1.044344841739359264e+00 2.257742618639517307e+00
1.042186771910555310e+00 2.257615185828523163e+00
1.039390685126723612e+00 2.255220100629843571e+00
1.037634659852201269e+00 2.255554592877215825e+00
1.035064599202242031e+00 2.255066164667862694e+00
1.031494745266325452e+00 2.251177117531313332e+00
1.030343638981490839e+00 2.251514661318486432e+00
1.028060132986413633e+00 2.251617251067324688e+00
1.026855298618187584e+00 2.251769344378921733e+00
1.024554933338537754e+00 2.249198686668286484e+00
1.023227234688556253e+00 2.249120484907190409e+00
1.022621605580200654e+00 2.248593264583066631e+00
1.022135666024420519e+00 2.249787785459743006e+00
1.020335413439925176e+00 2.247575522453710839e+00
1.017267719023053019e+00 2.245458404323413149e+00
1.013477290803292075e+00 2.241447654521938393e+00
1.009820044435654207e+00 2.238153804908420863e+00
1.006147173949613727e+00 2.234517604727552342e+00
1.002632204809527083e+00 2.230889986512968104e+00
9.993120112891753504e-01 2.227556820091073142e+00
9.960497559107605037e-01 2.223837464223728855e+00
9.933333143442847346e-01 2.220674024792181900e+00
9.906463960477601693e-01 2.216265418327997949e+00
9.899018878514868058e-01 2.216645510317918344e+00
9.886539572479958737e-01 2.213194995209755600e+00
9.883408936770210484e-01 2.213571132243488115e+00
9.890869931011949667e-01 2.214258904438619613e+00
9.898390576694725551e-01 2.214006156601393549e+00
9.913095706853519706e-01 2.215984309808976871e+00
9.937128383764710637e-01 2.218113950920390653e+00
9.964598177479910834e-01 2.220611053324096584e+00
9.993887975476197782e-01 2.223826663591955466e+00
1.002992639367061622e+00 2.227929027745402912e+00
1.006782647626025318e+00 2.232138821533761863e+00
1.010939922948945080e+00 2.236896312877832749e+00
1.015233798860044612e+00 2.241606827966862170e+00
1.019671789573666887e+00 2.246689520675371199e+00
1.024115729721816415e+00 2.251766522570986417e+00
1.029175012065759898e+00 2.257353318021534161e+00
1.035318531659596086e+00 2.263593630170211757e+00
1.041271032055215873e+00 2.269456425255363730e+00
1.047843212056399631e+00 2.275630548380204843e+00
1.054171967956538225e+00 2.281474288252228977e+00
1.060689645583933638e+00 2.287290560825573582e+00
1.067034362040936157e+00 2.293652633070946134e+00
1.073702366833764632e+00 2.300083098770428158e+00
1.080150726716610610e+00 2.306221553157745685e+00
1.086556082240492049e+00 2.311034189324188581e+00
1.092744584067894431e+00 2.316286406304579604e+00
1.098968492450977941e+00 2.321777259114365499e+00
1.105079858776076396e+00 2.327364679979986750e+00
1.110969104558984899e+00 2.332707285744099579e+00
1.116911656146689857e+00 2.347912245260610486e+00
1.122679426289217686e+00 2.362591672155529565e+00
1.128284886772111140e+00 2.376768720197671492e+00
1.133735107012383558e+00 2.390448339438208780e+00
1.139041878314651868e+00 2.403665309387698290e+00
1.144180152252308513e+00 2.416429728612506711e+00
1.149166146287506463e+00 2.428733096641388922e+00
1.154003570524830158e+00 2.440591493287144864e+00
1.158688478787652132e+00 2.452029743411960450e+00
1.163247447990753969e+00 2.463086233562543192e+00
1.167628226242276357e+00 2.473759211072887876e+00
1.171863093474659889e+00 2.484054473326370083e+00
1.175956796208238897e+00 2.493982345038848081e+00
1.179691322165499212e+00 2.503494597070996086e+00
1.183112218927830250e+00 2.512541660541541599e+00
1.186421820324515597e+00 2.521107819466883004e+00
1.189524881191953209e+00 2.529164403892710578e+00
1.192559059104539410e+00 2.536698289580709087e+00
1.195478916670456249e+00 2.543500569111191378e+00
1.198264367892909243e+00 2.549773421117174088e+00
1.199773487962214169e+00 2.540600374035822728e+00
1.201332492145759989e+00 2.530986350541312380e+00
1.203068139997947261e+00 2.520969053049277431e+00
1.204887583381938132e+00 2.512954611184976095e+00
1.206472000947010237e+00 2.506557127970007848e+00
1.207785476048099493e+00 2.495454142564982103e+00
1.209184239768305247e+00 2.488584256100994097e+00
1.210772432098048856e+00 2.482854047706684053e+00
1.212458818028505636e+00 2.477844304362836869e+00
1.212912280417654864e+00 2.473344016521546340e+00
1.215936233100544550e+00 2.472212845828364536e+00
1.222802879400348930e+00 2.474139617925938062e+00
1.224281129320718087e+00 2.471963333094676418e+00
1.228184851335707872e+00 2.472455014410451568e+00
1.232057315329917691e+00 2.470655214224031671e+00
1.235974052924873723e+00 2.469849248268912945e+00
1.240137721991771969e+00 2.470154844615458867e+00
1.242661842775829806e+00 2.471633179090840571e+00
1.247188120745344797e+00 2.475427957353292463e+00
1.251392792440739088e+00 2.478712416550007624e+00
1.255703233420900622e+00 2.482135184046754262e+00
1.258838159631139098e+00 2.484436194691956867e+00
1.263382086043892016e+00 2.488425613033132144e+00
1.268093545729947591e+00 2.492579419392469742e+00
1.272728606935425555e+00 2.496531922641457957e+00
1.277324473072177113e+00 2.500537961041916279e+00
1.280434174249077905e+00 2.502991919683744904e+00
1.284770966570734529e+00 2.506850550789075260e+00
1.288640265149553432e+00 2.510208299350629613e+00
1.292613139370044850e+00 2.513704979359538960e+00
1.296582448380952268e+00 2.517196704052096834e+00
1.300505719327316401e+00 2.520590951854865036e+00
1.304340935177375815e+00 2.523912080717485296e+00
1.306058290852312842e+00 2.523224824310076553e+00
1.307615962404022003e+00 2.522071996547896600e+00
1.310549313090594525e+00 2.523388034366039978e+00
1.313520295346278122e+00 2.525138171735659576e+00
1.316263931989763325e+00 2.526749095198575823e+00
1.317070457782203885e+00 2.525064092058469267e+00
1.319197357573266283e+00 2.525507598546038679e+00
1.321420335070210950e+00 2.526344175443524964e+00
1.323568815966073009e+00 2.527375461880699170e+00
1.323645535514012428e+00 2.524774795216828238e+00
1.325148789640428593e+00 2.524650052793031563e+00
1.326463946095480573e+00 2.524527267289640609e+00
1.327587922721309655e+00 2.524203056914386956e+00
1.328873510889019283e+00 2.524352822481393144e+00
1.330252666497084402e+00 2.524720485912867129e+00
1.331624802833306642e+00 2.525080110071153960e+00
1.332514897235964391e+00 2.524748628377242898e+00
1.333383152644623149e+00 2.524318455987240917e+00
1.334263481395767892e+00 2.524055831963734509e+00
1.335134682459641509e+00 2.524033429222559466e+00
1.335734539645771601e+00 2.523679702694719751e+00
1.336330126734924351e+00 2.523364719442104942e+00
1.336912219603596963e+00 2.523082111372815906e+00
1.337339761025788887e+00 2.522673105529047888e+00
1.337725415712644361e+00 2.522252825419765365e+00
1.337938942304592427e+00 2.521651042482253136e+00
1.338152114667507941e+00 2.521101246505387472e+00
1.338358178018985267e+00 2.520574065372242156e+00
1.338274478771252607e+00 2.519854899227742528e+00
1.338148985987322126e+00 2.519424604180895422e+00
1.337927413769683493e+00 2.518901962436028708e+00
1.337443003518109075e+00 2.518051769769413806e+00
1.336834897757265050e+00 2.517233318036198320e+00
1.336114443715641809e+00 2.515317594592180406e+00
1.329570496700179350e+00 2.507943470366305494e+00
1.328688483041892132e+00 2.505847335903115258e+00
1.322013060813799212e+00 2.498186989915851086e+00
1.316072859298840214e+00 2.491304333441477503e+00
1.315203443747082535e+00 2.490766683713832030e+00
1.309238941847400639e+00 2.483750124154242567e+00
1.308008055439291439e+00 2.484150644791257356e+00
1.302774256144370257e+00 2.478649227066352712e+00
1.302047182158238670e+00 2.479438645884152859e+00
1.301326590953285400e+00 2.479784850498823356e+00
1.300499788453336913e+00 2.479829474994817762e+00
1.299605816887642318e+00 2.479720822875176367e+00
1.294162642334783619e+00 2.473172302854171001e+00
1.293166158324518866e+00 2.471989337950527776e+00
1.292175144839410095e+00 2.470841449282459745e+00
1.291181530879609518e+00 2.469857502302113428e+00
1.290153822597999600e+00 2.469014020735781578e+00
1.288862400786329632e+00 2.468493458372130078e+00
1.287644891356931831e+00 2.468139961582716868e+00
1.286456724118568262e+00 2.467728634633209683e+00
1.285305923133596817e+00 2.467696035139017141e+00
1.283898066379068448e+00 2.467354679867048262e+00
1.282445799712609080e+00 2.466817768675970246e+00
1.275374310025911839e+00 2.458866974436602515e+00
1.270240692581103170e+00 2.453439814260129470e+00
1.263708334316283377e+00 2.445151645010734676e+00
1.261093221462761038e+00 2.443831860324099825e+00
1.258645534945055156e+00 2.443506892747919323e+00
1.256336403917969413e+00 2.441893200067567271e+00
1.249122903365034176e+00 2.431567376835548799e+00
1.246494872116450381e+00 2.428834549028560996e+00
1.244086205481075735e+00 2.426695730947145524e+00
1.241837047501717306e+00 2.424741256710115866e+00
1.239810773526587084e+00 2.423217947341184786e+00
1.233766580609225061e+00 2.414406845189172479e+00
1.231474676384775480e+00 2.411770857776716959e+00
1.229420523905193185e+00 2.409641548302498215e+00
1.227471683006488457e+00 2.407709532500604155e+00
1.225621995551931187e+00 2.406013060127965897e+00
1.223867203830129480e+00 2.404319577981341993e+00
1.222253010631578762e+00 2.402716604020052937e+00
1.220707789084900519e+00 2.401569174584347266e+00
1.219230059198188609e+00 2.399939034307176478e+00
1.217831794064878181e+00 2.398396435815161709e+00
1.216482594085092295e+00 2.396802492176156374e+00
1.215147479716242040e+00 2.395279943859508709e+00
1.208714429886361907e+00 2.385445260393234790e+00
1.202366038044436980e+00 2.375720640243665471e+00
1.196529292437960912e+00 2.366873090106636823e+00
1.191172378081147620e+00 2.359010361003417433e+00
1.188412504006891801e+00 2.355796095142790758e+00
1.182958253067412757e+00 2.347982509487385627e+00
1.180521314050800852e+00 2.345500333575378349e+00
1.178394061626353739e+00 2.343413187539468368e+00
1.176375420413886541e+00 2.341588503448218006e+00
1.174476445781803768e+00 2.339940122388997956e+00
1.172330207009013803e+00 2.337842095994773217e+00
1.170292592933016573e+00 2.336066903577974418e+00
1.168270554071184630e+00 2.334253822997330641e+00
1.166336055901155078e+00 2.332546062231958928e+00
1.164535533342605067e+00 2.331284873579138939e+00
1.162841701453763310e+00 2.330109488521731276e+00
1.157230975418017449e+00 2.323879434829470014e+00
1.151817967363713446e+00 2.317719789524037566e+00
1.146615907846988192e+00 2.312221088655299628e+00
1.141590735322450145e+00 2.306642686309186896e+00
1.136675501184043036e+00 2.301347974357541126e+00
1.132181861176105642e+00 2.296680671536235785e+00
1.127765682486620680e+00 2.292064894466030012e+00
1.123829741090989653e+00 2.288246733450700177e+00
1.119922244265465050e+00 2.284585220217204782e+00
1.116285882317347600e+00 2.281403316070153675e+00
1.112628034883960115e+00 2.278194198541583670e+00
1.109050835709057825e+00 2.276400882542183091e+00
1.105755051672927314e+00 2.275297044261786361e+00
1.102540119480616587e+00 2.274037866834895727e+00
1.099416569574828584e+00 2.272545843778098540e+00
1.096450150452161765e+00 2.271025008062112160e+00
1.093535039802775222e+00 2.266252395423041133e+00
1.093100295732702953e+00 2.269915298450644769e+00
1.091709172947006978e+00 2.268275595059487060e+00
1.091312132533296175e+00 2.271915956140516002e+00
1.089732603806955247e+00 2.273474050448274220e+00
1.088968514971005552e+00 2.275816624464273907e+00
1.087723362338154809e+00 2.277229207221163509e+00
1.086245908497440071e+00 2.278068007020755292e+00
1.084057321331185264e+00 2.278077965576275066e+00
1.081825526246843028e+00 2.278158229807378810e+00
1.079323396485020181e+00 2.277817977394478888e+00
1.076855052674581481e+00 2.277773851124643034e+00
1.074255542976119582e+00 2.277398278742933879e+00
1.071421632164567983e+00 2.274875436037912646e+00
1.070554684500913734e+00 2.274542729415360842e+00
1.069929914479712973e+00 2.278259672243167167e+00
1.068468779917613132e+00 2.277415823993548916e+00
1.067512949343694340e+00 2.280444730774756401e+00
1.065468427935496898e+00 2.281581857872168495e+00
1.062630489678621837e+00 2.280566278293534310e+00
1.059821929894020576e+00 2.279664781370541515e+00
1.056932798023803688e+00 2.278001410712282571e+00
1.056633745251558398e+00 2.278532662487164906e+00
1.054923622380583570e+00 2.277455807611240779e+00
1.053135791052530967e+00 2.276174888454419065e+00
1.051157262473469078e+00 2.275188755302097299e+00
1.049196969344710961e+00 2.274129709499135288e+00
1.047353105635529413e+00 2.273317540423372751e+00
1.045563022129899045e+00 2.272522812179059049e+00
1.043997812681995541e+00 2.272130835106790148e+00
1.042560163249057759e+00 2.271987725836722039e+00
1.041191075357442264e+00 2.271700419039312191e+00
1.041022132659739974e+00 2.272343885563785637e+00
1.040789024612725600e+00 2.273220367741997094e+00
1.041187444498063774e+00 2.274422870612955005e+00
1.041222791185405061e+00 2.275292893911621483e+00
1.041016035148118135e+00 2.275782813572238439e+00
1.040413152372022143e+00 2.276031491259908446e+00
1.039822435898644759e+00 2.276200356597119612e+00
1.039222582480650026e+00 2.276315954378400175e+00
1.038639029000612668e+00 2.276253507549814703e+00
1.038099021532114197e+00 2.276504834514380793e+00
1.037711388724037453e+00 2.276787142635576355e+00
1.037575570010004444e+00 2.276475402925092428e+00
1.037525126996033276e+00 2.276363603627790333e+00
1.037791215215476903e+00 2.276731035258171332e+00
1.037983858564575756e+00 2.277236026127214430e+00
1.038592981817626493e+00 2.278002804303158157e+00
1.039149449246946633e+00 2.278958052716832050e+00
1.040307756293934016e+00 2.280307803394965749e+00
1.043066993838953849e+00 2.283021941037731928e+00
1.045873306254233581e+00 2.286927345547125068e+00
1.049261648273131398e+00 2.290583354509692970e+00
1.053156463879125759e+00 2.294015692516752303e+00
1.057129244750727892e+00 2.297089633310311019e+00
1.061633711496570154e+00 2.300824219097307832e+00
1.066286734348902199e+00 2.304422005531323148e+00
1.071128880566370123e+00 2.307942739782968822e+00
1.076946150971514360e+00 2.311641084467429330e+00
1.083005689438873986e+00 2.315534826106270483e+00
1.089288037376283658e+00 2.319419249278936057e+00
1.095708676542863635e+00 2.323474487739867200e+00
1.101922650710908336e+00 2.329538495499719808e+00
1.180102520123220922e+00 2.427106699657266997e+00
1.184102173485089393e+00 2.438920850998205658e+00
1.188012359112362137e+00 2.450359099092986437e+00
1.191798167993472379e+00 2.461393076453889606e+00
1.195496322070832562e+00 2.472044819293118145e+00
1.199117907341177069e+00 2.482342795363820187e+00
1.202632457112754238e+00 2.492294602852814123e+00
1.206051581161271979e+00 2.501919166251999282e+00
1.209383765779413533e+00 2.511215655171924688e+00
1.212616967006871604e+00 2.520200864306530342e+00
1.215760965821288453e+00 2.528893955838988461e+00
1.218709082956438428e+00 2.537009872026394497e+00
1.221611939882656150e+00 2.544873348190197060e+00
1.224448195169342668e+00 2.552515316490922004e+00
1.227207171524995477e+00 2.559920614872166933e+00
1.229889179832625690e+00 2.567085601440069365e+00
1.232412060987673197e+00 2.573813247367140900e+00
1.234923055772537026e+00 2.580288936161418523e+00
1.237328464267382744e+00 2.586392602673903696e+00
1.239653481043318406e+00 2.592341426473186328e+00
1.241724264505413844e+00 2.597730453450052934e+00
1.243695000128669959e+00 2.602997022191072318e+00
1.245495874961647154e+00 2.608093852038574578e+00
1.247232111265127230e+00 2.612825544784042719e+00
1.248837907037868122e+00 2.617191654695825598e+00
1.250329866726103800e+00 2.621272908632785281e+00
1.250770366420908219e+00 2.611193820004816146e+00
1.251240233536042634e+00 2.601057261890435068e+00
1.251007168127185487e+00 2.592095159861204756e+00
1.251177101180834583e+00 2.585012963465658675e+00
1.251446679981896404e+00 2.578628872833687247e+00
1.251390957459344477e+00 2.570192870459039547e+00
1.251659552381429119e+00 2.563929515320165553e+00
1.251834099918326837e+00 2.558609859605852854e+00
1.252130904729002125e+00 2.553717994467749275e+00
1.248303084090138348e+00 2.546511656207182117e+00
1.245295571769494902e+00 2.539969387592493799e+00
1.247544815895953452e+00 2.538517488182475468e+00
1.249832070984973065e+00 2.536674606412411492e+00
1.247892054776017501e+00 2.530463915175853451e+00
1.250286888405512720e+00 2.529303419263319697e+00
1.249705181160447376e+00 2.525523518453336891e+00
1.252476805062112675e+00 2.525872201893026858e+00
1.255246686006089352e+00 2.525902988561617324e+00
1.258408124867997913e+00 2.526565496089922203e+00
1.261504172574541283e+00 2.527750422759643456e+00
1.262315786243198623e+00 2.525362897076715907e+00
1.265161226088869828e+00 2.525842499462418456e+00
1.265691140581761687e+00 2.523194491775736292e+00
1.268343801588057707e+00 2.523626833233490796e+00
1.271894620280476840e+00 2.525418175636910512e+00
1.274408889337752981e+00 2.525041316610942665e+00
1.278787146998487723e+00 2.527674127551069905e+00
1.283207486090583105e+00 2.530432758603653909e+00
1.287604201949918981e+00 2.533219218329364697e+00
1.291920798584655694e+00 2.535962352020528332e+00
1.296242271934743284e+00 2.538797992976336015e+00
1.300481873738924765e+00 2.541556205591215090e+00
1.304668079942304937e+00 2.544579605754727858e+00
1.308331195325974639e+00 2.547019427845720330e+00
1.311838345514272586e+00 2.549346690603556898e+00
1.315180485677346578e+00 2.551612441436565071e+00
1.318409249286706331e+00 2.553779189813682571e+00
1.321236021594325738e+00 2.555397751012527419e+00
1.323981260413723104e+00 2.557067316251419253e+00
1.326755508484284807e+00 2.558947506397538874e+00
1.329468529591377735e+00 2.560795587157365549e+00
1.332066272593465328e+00 2.562557060008636256e+00
1.334588886381549155e+00 2.564217844001235314e+00
1.334083487686555491e+00 2.560147436300590051e+00
1.333544626300183777e+00 2.555889449203788022e+00
1.335141402712853864e+00 2.555464638129600452e+00
1.332519830385604953e+00 2.547789357941185440e+00
1.333234717219005105e+00 2.545900243620843550e+00
1.334028613098750871e+00 2.544435772659821016e+00
1.334823186042582099e+00 2.543130740443019455e+00
1.335648155826878902e+00 2.542067208895095742e+00
1.336230379645090949e+00 2.540763808062440621e+00
1.333143536324983280e+00 2.532610005474943193e+00
1.333034652718521063e+00 2.529919150046105791e+00
1.333233495789563516e+00 2.528059872010902431e+00
1.333562770176946355e+00 2.526637549443316644e+00
1.334180804865983783e+00 2.525677174293281091e+00
1.334678776069155193e+00 2.524614022869546393e+00
1.335225513629572536e+00 2.523698706197058161e+00
1.335780781380457638e+00 2.522914428704603473e+00
1.336324648166580253e+00 2.522187064195071660e+00
1.336898630890840822e+00 2.521493119081269718e+00
1.337235888977608589e+00 2.520269684294009327e+00
1.337618360182499577e+00 2.519265865722572606e+00
1.333773768171329532e+00 2.511407752057817522e+00
1.330005118506359718e+00 2.503606025272546720e+00
1.330171278831307813e+00 2.501943879467310783e+00
1.329923877973891111e+00 2.500465818335059875e+00
1.329730861885490389e+00 2.499300543233885730e+00
1.329651418530952034e+00 2.498456480285465631e+00
1.329634891728046053e+00 2.497838058937392525e+00
1.329549806764734443e+00 2.497187921361422980e+00
1.329381569087033865e+00 2.496794814837817622e+00
1.329021230543331100e+00 2.496416774129934346e+00
1.328658465084407103e+00 2.495714926603773698e+00
1.328318668825156035e+00 2.495025649998809048e+00
1.327979523542481388e+00 2.494537920556398891e+00
1.327662859510373661e+00 2.493843425095036537e+00
1.327727877386583044e+00 2.494264066514488398e+00
1.327685269941177193e+00 2.494221104579308790e+00
1.327605221002153613e+00 2.493920997389995176e+00
1.327410875972346638e+00 2.493762124801568447e+00
1.327204141402579696e+00 2.493247699311455179e+00
1.326953240979518611e+00 2.492914286102087207e+00
1.326860916566066084e+00 2.492924156142137360e+00
1.327128184322714510e+00 2.494124401844920680e+00
1.327066513857845687e+00 2.494677949018545782e+00
1.327122722763603546e+00 2.496098543092632127e+00
1.327220409839523718e+00 2.497804903057234682e+00
1.322470877584577709e+00 2.492633051850582593e+00
1.321428329083118802e+00 2.491985170210643474e+00
1.316949689689959291e+00 2.486938773179083739e+00
1.315890291148502644e+00 2.486241457736534155e+00
1.311501198560383052e+00 2.481258218640605584e+00
1.310807833901878272e+00 2.482152137442030782e+00
1.310239630464116622e+00 2.483192818962021597e+00
1.309627504503390938e+00 2.484090082448728865e+00
1.309158053256803900e+00 2.485309670065655396e+00
1.308510866379312354e+00 2.486170676405252244e+00
1.307990542895389741e+00 2.486865219565227658e+00
1.307559557822399077e+00 2.488202637261669459e+00
1.307149632902549596e+00 2.488339007114684698e+00
1.306383307299360919e+00 2.487970754052560629e+00
1.305613786964659351e+00 2.487618824161422104e+00
1.304779826995565495e+00 2.487221996096218746e+00
1.303930605538383691e+00 2.487630972781119887e+00
1.303042586800535529e+00 2.487883776139902192e+00
1.302072033916440663e+00 2.488061908726851623e+00
1.297968476870716925e+00 2.482990548531251118e+00
1.292779338270035439e+00 2.475884831348808657e+00
1.287527191207602062e+00 2.468711933692418370e+00
1.282539909109462473e+00 2.461962306387769139e+00
1.276676903336793067e+00 2.453641282850318461e+00
1.271356614005346275e+00 2.446158367347366802e+00
1.266122530075344699e+00 2.438691847689075320e+00
1.261295200963534979e+00 2.429870237616647444e+00
1.256142936213925809e+00 2.422857719296779511e+00
1.251308834738222409e+00 2.415970541094828228e+00
1.246102143743065493e+00 2.408365254981786219e+00
1.245193137107898806e+00 2.407905339125394839e+00
1.244308650505536518e+00 2.407574998550070511e+00
1.243457796176036911e+00 2.407418243218780063e+00
1.242614261671842968e+00 2.407204082641969389e+00
1.241574538455873622e+00 2.406827233897791629e+00
1.240690521558299952e+00 2.406554486286795580e+00
1.239814631000106138e+00 2.406310880372346528e+00
1.239010535015050207e+00 2.406087137708683432e+00
1.238033567194694040e+00 2.405586384418648027e+00
1.237167327627861635e+00 2.405116029627434759e+00
1.236314613474073676e+00 2.404659318919706745e+00
1.230994074825963569e+00 2.396019329083848959e+00
1.229236907033327331e+00 2.394169453503645517e+00
1.227286551484243038e+00 2.391288107472875790e+00
1.222231672218461185e+00 2.383414351147964627e+00
1.220370927239977865e+00 2.380522870683103420e+00
1.218902998515088099e+00 2.378620137106346011e+00
1.217592477375290860e+00 2.377103259646514477e+00
1.216376802151756031e+00 2.376007922705855258e+00
1.215244357695282273e+00 2.375079923860873521e+00
1.214054804042058011e+00 2.374209005233744563e+00
1.212960566467881751e+00 2.373851254241236219e+00
1.211811297744031179e+00 2.373568398727426310e+00
1.210760435378970934e+00 2.373806207080242814e+00
1.209737606596512194e+00 2.373720303859590430e+00
1.208388050250538193e+00 2.373180013338934025e+00
1.207075910344902914e+00 2.372718911963312749e+00
1.205706244974577901e+00 2.372492986436752993e+00
1.204370751070860557e+00 2.372131461701625810e+00
1.203037770269774986e+00 2.371767936704656687e+00
1.201384115084067172e+00 2.370975368421143425e+00
1.199717653723200605e+00 2.370298827077409687e+00
1.197976748078003251e+00 2.369617530584112952e+00
1.196309156198640533e+00 2.368911847524335368e+00
1.194546107436897042e+00 2.367941213984857907e+00
1.192895206244287465e+00 2.367353376149022193e+00
1.187735535471628134e+00 2.367366053073001630e+00
1.184878084843266732e+00 2.365303706821983099e+00
1.182270641433993408e+00 2.363424662175700686e+00
1.179770577887497840e+00 2.361794524243305826e+00
1.174308137990764944e+00 2.357193994447815744e+00
1.168388798220896474e+00 2.350906974904428903e+00
1.162736195030711572e+00 2.345081500352181880e+00
1.157217713406884174e+00 2.339082192945865390e+00
1.155165137933113151e+00 2.338021370913588193e+00
1.150439320323998205e+00 2.333398879171779239e+00
1.145696199290910933e+00 2.329040617082597908e+00
1.141027831890418565e+00 2.324761162338544462e+00
1.136292005031648955e+00 2.320545356027984063e+00
1.131672274036578774e+00 2.316199587146458683e+00
1.127089662500355693e+00 2.312059562049578965e+00
1.122654145528348746e+00 2.308949787985250079e+00
1.118343145169925723e+00 2.305266872515940424e+00
1.114077634433457087e+00 2.301525541354772830e+00
1.110178976563997555e+00 2.298417608111414268e+00
1.106260935195842565e+00 2.294566604855275305e+00
1.102515675279003293e+00 2.291331075928106475e+00
1.098695823382361159e+00 2.288091562800798950e+00
1.095257175643882031e+00 2.284861009071917248e+00
1.091696673061040679e+00 2.281873350104078213e+00
1.088186778102832930e+00 2.278344406851942061e+00
1.084772386631951857e+00 2.274458730461690337e+00
1.081438150356919703e+00 2.271113967361810815e+00
1.078023628237915865e+00 2.267394093634526708e+00
1.074499160292033961e+00 2.263881889246715406e+00
1.070999132603774884e+00 2.260315474688654902e+00
1.067606658619299154e+00 2.256779741344775658e+00
1.064257357698594753e+00 2.253469265138992483e+00
1.060905770272582371e+00 2.250791036265315181e+00
1.057620893668045792e+00 2.248611514337896189e+00
1.057002825549695935e+00 2.250632324616806734e+00
1.056991104647593271e+00 2.254586569111570071e+00
1.054813864292880377e+00 2.252920122692556149e+00
1.054831919778162597e+00 2.255911560581962849e+00
1.053601245647929563e+00 2.255894126116996912e+00
1.051534290646857883e+00 2.256584225114608433e+00
1.049448732465210643e+00 2.255512845364667118e+00
1.048760928514945068e+00 2.257391500495990133e+00
1.048994540560230115e+00 2.259907450907440385e+00
1.049516887460581804e+00 2.262705328876410515e+00
1.049266828303361265e+00 2.263831267448498163e+00
1.049483667575716206e+00 2.265620834883540713e+00
1.050093379432989193e+00 2.267117202575178680e+00
1.049599692451550936e+00 2.268220066495449938e+00
1.049820910875624680e+00 2.269339708619880547e+00
1.050140961417209473e+00 2.270502099765426163e+00
1.049739753797939601e+00 2.268052784118144594e+00
1.049493503508612591e+00 2.269831006101311388e+00
1.049174169701916126e+00 2.271552368661024168e+00
1.049361244407633009e+00 2.270094433360907438e+00
1.049613736278281806e+00 2.271912902995073757e+00
1.049869792430190518e+00 2.273620328380772104e+00
1.050293462093775165e+00 2.275935250475726868e+00
1.050885389407003601e+00 2.273273978581202837e+00
1.051501451153767253e+00 2.275414464628456646e+00
1.052253569776574471e+00 2.272809389994542961e+00
1.053268886703039531e+00 2.270469070662879840e+00
1.054265989211641275e+00 2.272032695313629613e+00
1.055270321756444529e+00 2.273421678401387425e+00
1.056377142039934602e+00 2.276140886722759049e+00
1.057866296381733351e+00 2.277702565110140132e+00
1.059309225142718303e+00 2.274453744966925761e+00
1.060819970323950701e+00 2.272150298986181038e+00
1.062362961692236540e+00 2.270963480791553746e+00
1.064633505439734673e+00 2.269842008303518455e+00
1.067733441741293809e+00 2.272607916668170525e+00
1.070806506195508989e+00 2.272652698376781188e+00
1.074263244407574813e+00 2.275384416774262064e+00
1.077918506119171393e+00 2.277792501395939695e+00
1.081628189918418581e+00 2.280063164391085362e+00
1.085989588027595820e+00 2.283529604039543859e+00
1.091152812574647024e+00 2.287020712798188526e+00
1.096325417849040917e+00 2.290233994545346707e+00
1.101789007435270751e+00 2.293282374532584544e+00
1.107112667809712736e+00 2.296574264394585896e+00
1.112787065728120028e+00 2.300013940768466103e+00
1.118310685149163541e+00 2.303492104800102247e+00
1.124069408951602789e+00 2.308623456152673281e+00
1.129610355485517026e+00 2.313692394619165427e+00
1.240705500192911703e+00 2.370391086457321439e+00
1.241300879726179751e+00 2.366378945930927014e+00
1.241763765525111474e+00 2.364498931028918616e+00
1.240159128230646113e+00 2.364793841235675931e+00
1.237360056576245260e+00 2.362264087170052651e+00
1.234563481270936958e+00 2.359506991168677459e+00
1.231481603306686878e+00 2.356663139312982214e+00
1.229964196147310673e+00 2.355949261745736489e+00
1.227987127173006288e+00 2.354216598373952252e+00
1.230891573518566373e+00 2.359065438561002814e+00
1.231373047412382293e+00 2.362167133935277441e+00
1.234433536036449341e+00 2.367175038966091716e+00
1.238512869431154684e+00 2.375074927981851491e+00
1.240885657734609904e+00 2.380309821044719332e+00
1.245031080898244769e+00 2.387145164243597684e+00
1.249050705306804288e+00 2.393910686770106544e+00
1.252944358264760805e+00 2.400183030921073435e+00
1.257138750309942266e+00 2.406758447506747611e+00
1.261381929021987425e+00 2.413374458649531817e+00
1.265680899695409867e+00 2.419814395588373301e+00
1.269704128808970989e+00 2.425900692550119864e+00
1.273710926203552862e+00 2.431889635115191073e+00
1.277637059493450966e+00 2.437722387190230044e+00
1.281292396366426001e+00 2.443249140668600106e+00
1.284836283851890748e+00 2.448773480465063379e+00
1.288281576528307992e+00 2.454044213535873986e+00
1.291415465286807951e+00 2.458516805501008484e+00
1.294177414836296558e+00 2.462363375808751531e+00
1.296947079248796042e+00 2.466254514756440752e+00
1.299722276971145618e+00 2.470054763967273637e+00
1.302242184288851634e+00 2.473386697437121029e+00
1.304739218809567225e+00 2.476530604143621250e+00
1.307150209082281522e+00 2.479236288262519405e+00
1.309477518927504969e+00 2.481582619493007957e+00
1.311706636765020750e+00 2.483781873970130505e+00
1.313769364238856374e+00 2.485876554923735160e+00
1.315770957752967041e+00 2.487807755249230812e+00
1.317218013134464183e+00 2.488882955598422875e+00
1.318713388234661554e+00 2.489264396200336460e+00
1.320248522195311303e+00 2.489612161212717112e+00
1.321357576530387545e+00 2.488724882676645045e+00
1.322459334040863244e+00 2.491037983834286873e+00
1.323422142654835598e+00 2.493279413497372587e+00
1.324358131680510642e+00 2.495196643138970938e+00
1.325171726861254617e+00 2.496937901781303371e+00
1.325910968889787434e+00 2.496793986332110915e+00
1.326600479914844088e+00 2.498518104675058193e+00
1.327133030802656100e+00 2.499897524935584148e+00
1.327585234751064824e+00 2.499397157101306277e+00
1.327964031013301627e+00 2.497538326077461068e+00
1.328013046499974648e+00 2.496139578450596641e+00
1.328021506032285082e+00 2.496823076892308535e+00
1.327742753513329710e+00 2.496634602817238591e+00
1.327527279829719520e+00 2.496284128316256457e+00
1.327156399690863964e+00 2.495955073622586173e+00
1.326792333786307232e+00 2.495868302564180574e+00
1.326306042204325797e+00 2.495866422408695495e+00
1.325824981899131894e+00 2.493932566968597886e+00
1.325334312737513232e+00 2.493801957484639953e+00
1.324710647180170398e+00 2.493590995584104686e+00
1.324136403204068335e+00 2.493824990556610111e+00
1.323499978524212972e+00 2.493969492278048428e+00
1.322894929740546788e+00 2.494073334153520172e+00
1.322151601082033778e+00 2.493985354571528035e+00
1.321273842919787889e+00 2.493767225614828664e+00
1.320442579021961826e+00 2.493466983187212271e+00
1.319549643210131462e+00 2.493218520538987182e+00
1.316328169186308461e+00 2.491061261432352847e+00
1.315644999993676789e+00 2.491248094365695831e+00
1.308486801696030044e+00 2.482471350949230438e+00
1.301672164781547902e+00 2.474011215986021028e+00
1.296699719363526127e+00 2.468603975184513466e+00
1.296337276556272400e+00 2.468604321996127560e+00
1.290098354679818815e+00 2.460079355944454260e+00
1.284136061767167103e+00 2.451911110713800745e+00
1.278405399424576983e+00 2.444003847551054598e+00
1.272844597108061304e+00 2.436151073002994494e+00
1.272605523738796984e+00 2.435990153027176586e+00
1.274442722913724513e+00 2.434014804437776291e+00
1.273841556012206944e+00 2.432999585154243416e+00
1.267508606446860142e+00 2.422856317331175013e+00
1.266341846490727008e+00 2.421196332600445089e+00
1.262890852594627855e+00 2.415286927299629571e+00
1.261753645279298341e+00 2.413557622593792473e+00
1.255365352689206571e+00 2.403567435236789951e+00
1.256678449953105403e+00 2.400352744876752098e+00
1.250003456067926511e+00 2.389387909662960219e+00
1.248424368216573654e+00 2.387206667215213240e+00
1.246918074247372221e+00 2.385291855004441519e+00
1.245568907381948476e+00 2.383992600418903596e+00
1.244322332165294087e+00 2.383155198409084630e+00
1.243113718258338274e+00 2.382282569759497370e+00
1.241996196681259157e+00 2.381753897448589896e+00
1.240926508543522377e+00 2.381230369572164829e+00
1.239912105259505237e+00 2.380826117179204893e+00
1.238959099813745190e+00 2.380576579566050288e+00
1.237959624088795341e+00 2.380208582976794496e+00
1.236986836349799557e+00 2.379810774737254331e+00
1.235988159306049106e+00 2.379284306685028660e+00
1.234916899987819061e+00 2.378850033683014953e+00
1.233801541949010927e+00 2.378430163319518176e+00
1.232680565656184779e+00 2.377853496916583875e+00
1.231436330933325607e+00 2.377227638889569672e+00
1.230023633862654231e+00 2.376435727857927116e+00
1.228477808180621134e+00 2.375699889709478096e+00
1.226951033349462872e+00 2.375059553745912488e+00
1.225185713599898474e+00 2.374299100814466712e+00
1.223488874925267922e+00 2.373626789813342519e+00
1.221605254034920041e+00 2.373114812803620133e+00
1.219403352788264394e+00 2.372401543932496804e+00
1.212346841238738815e+00 2.366838633545486736e+00
1.205220280378800357e+00 2.359622742405795837e+00
1.198286904195795977e+00 2.353369420922797772e+00
1.191580568815522323e+00 2.347484883948417700e+00
1.184994613193097956e+00 2.341538660831524954e+00
1.181670368759905942e+00 2.339167993315249383e+00
1.177093384294651157e+00 2.335570694303937156e+00
1.171315919710379738e+00 2.329767513474056084e+00
1.165487822100141013e+00 2.323865841054767678e+00
1.159994141433525305e+00 2.318606416081681054e+00
1.154621408857959386e+00 2.313707858671035122e+00
1.149376668907786225e+00 2.308792969311296517e+00
1.144197809793801923e+00 2.303711747366276708e+00
1.139199597836531463e+00 2.299355083750232787e+00
1.134408812256387122e+00 2.295462321427704122e+00
1.129911761596286812e+00 2.291291865763758651e+00
1.125537961686258415e+00 2.287250910515034708e+00
1.121485206531857015e+00 2.283628144841319152e+00
1.117383239070805168e+00 2.279660251136306659e+00
1.117162116662808957e+00 2.281660507032823304e+00
1.113417748251067207e+00 2.277553161630931911e+00
1.109824201474276961e+00 2.274137509229270826e+00
1.106232191269413079e+00 2.271119349312384461e+00
1.102576737143366792e+00 2.268215189661420439e+00
1.098873604260099057e+00 2.263976357602909939e+00
1.095128957355718580e+00 2.260017782512507623e+00
1.091516126803581566e+00 2.256867078638046920e+00
1.088038064165230301e+00 2.254173140364097438e+00
1.084831269001185872e+00 2.252115787098464050e+00
1.082016505433343045e+00 2.252177844148951724e+00
1.079300227623726682e+00 2.249245851902880400e+00
1.076605304822227716e+00 2.248628391289276163e+00
1.073861277651669832e+00 2.247574407371653482e+00
1.071100229532376824e+00 2.246733851351795597e+00
1.068504999778955522e+00 2.245721247886932392e+00
1.069748144855361405e+00 2.249846646942616157e+00
1.069214228985563953e+00 2.250595422201754570e+00
1.067935905534736607e+00 2.250152448985105025e+00
1.066461787802026828e+00 2.251106717157068449e+00
1.064870120416385957e+00 2.250956300492417128e+00
1.065037195280015947e+00 2.252490260137585132e+00
1.065492577807481522e+00 2.254255224784183831e+00
1.065341171514574192e+00 2.254847730441837506e+00
1.065443431934805396e+00 2.256309417519877680e+00
1.065741895033849529e+00 2.257183890498471790e+00
1.066195580161516610e+00 2.258781724463518881e+00
1.066731889252741539e+00 2.260221481256880605e+00
1.067337901791254096e+00 2.261412771951607059e+00
1.067998672810439587e+00 2.261850006396002755e+00
1.068795733765081524e+00 2.262496447915824938e+00
1.068893627103573607e+00 2.262109461674481015e+00
1.069524166465003256e+00 2.261379950750554535e+00
1.070550980417128928e+00 2.262211567300708381e+00
1.071100425539356138e+00 2.260885627046955726e+00
1.072115784285622597e+00 2.261314550011348068e+00
1.072355694641853319e+00 2.260754117685053188e+00
1.073169852937590152e+00 2.260790076075187560e+00
1.074287234039154271e+00 2.261158218014233334e+00
1.074867479509725721e+00 2.261099236515982103e+00
1.075154237319866590e+00 2.260798937466116154e+00
1.075348235141692976e+00 2.260517937564590518e+00
1.075376509395211011e+00 2.260041880260621916e+00
1.075259013575581069e+00 2.259445162105162996e+00
1.075045324437083005e+00 2.258858029210495388e+00
1.074820065693971483e+00 2.258304725137188385e+00
1.074544661038112192e+00 2.257738951520711801e+00
1.074166562486059240e+00 2.256572505817322050e+00
1.073795665029653179e+00 2.255883991159064017e+00
1.073362222664520527e+00 2.256332871341141022e+00
1.073385527446499177e+00 2.256358606059774008e+00
1.073352973574184244e+00 2.255343986393662625e+00
1.073268435192939574e+00 2.255210650038883990e+00
1.073174405424660360e+00 2.255016357517965364e+00
1.073959324204546206e+00 2.255302401756842823e+00
1.074982741781054241e+00 2.255762156040621136e+00
1.075558275135449104e+00 2.255939363357777339e+00
1.076597410698710622e+00 2.255724586607461113e+00
1.077888023385442873e+00 2.254190961762595258e+00
1.079331827482350459e+00 2.254817711533183555e+00
1.081013292432911221e+00 2.256117222133123157e+00
1.082864828513369293e+00 2.256480960590120155e+00
1.086952143027255957e+00 2.261623301714235534e+00
1.090863794995945657e+00 2.266496805457389296e+00
1.093806207858070145e+00 2.268877890198161662e+00
1.096658458385168622e+00 2.271387261609834507e+00
1.099434869270749404e+00 2.274240892311226503e+00
1.102168098325021273e+00 2.277817538738613479e+00
1.104948457286976105e+00 2.281409716900263174e+00
1.107792198068776823e+00 2.284369256567739370e+00
1.110776266790979516e+00 2.289058453077740474e+00
1.113775541821521387e+00 2.292184076316670094e+00
1.116815255262821882e+00 2.295078503015732796e+00
1.119928846837581204e+00 2.298193133160529200e+00
1.123020494347636511e+00 2.301285108828822867e+00
1.126109402354836142e+00 2.304077159939031727e+00
1.129324777673470726e+00 2.306822292028083421e+00
1.132792322118716832e+00 2.310942576512898139e+00
1.136182779647942009e+00 2.314859188405394175e+00
1.139748783543405031e+00 2.318688679151857723e+00
1.203949835394199530e+00 2.423008565178185414e+00
1.206402027882619521e+00 2.434135958194656446e+00
1.208718742678586811e+00 2.444902842276032384e+00
1.210978082523455734e+00 2.455320530599185425e+00
1.213060669959453719e+00 2.465428812866734098e+00
1.214947337495710045e+00 2.475083313096134052e+00
1.216682962178204264e+00 2.484161926241184037e+00
1.218281824722983187e+00 2.492874282223312310e+00
1.218509049657378940e+00 2.488058921706589821e+00
1.218570796104580189e+00 2.482704744894094873e+00
1.218650062781223564e+00 2.477690894717391235e+00
1.218833109704799522e+00 2.467912124183838873e+00
1.219063307889540537e+00 2.461626134092085305e+00
1.219396062997472274e+00 2.455344130003130232e+00
1.219758654144858623e+00 2.447949593858139483e+00
1.220456614464548561e+00 2.443571371547264004e+00
1.220948759464201672e+00 2.440504299403131849e+00
1.221845419645735120e+00 2.438715649462110502e+00
1.223030760131818662e+00 2.436519742101727726e+00
1.222480543239990780e+00 2.435802329166391278e+00
1.225142356211865291e+00 2.437400669687287191e+00
1.227831747344048541e+00 2.438582216062937569e+00
1.228224318661206071e+00 2.438914897796988779e+00
1.231547616467675965e+00 2.442434663135200967e+00
1.234852566248632932e+00 2.445521334316852258e+00
1.238132814431282647e+00 2.448420633519408973e+00
1.239871621406646973e+00 2.451062618229241430e+00
1.243829667805445238e+00 2.455780303138170861e+00
1.247806460008120233e+00 2.460429472784521288e+00
1.251837920911152757e+00 2.465048586914424966e+00
1.253850930932843166e+00 2.467402367390303830e+00
1.257890483467147824e+00 2.472186109101782048e+00
1.261828372108470875e+00 2.476684610745468085e+00
1.265640119914792416e+00 2.480788039311004667e+00
1.269493156256898736e+00 2.484942703873242564e+00
1.273260724301920277e+00 2.488790024958434710e+00
1.276990283119265435e+00 2.492529587862693852e+00
1.280372944548659131e+00 2.495000061313496609e+00
1.283695876492742860e+00 2.497769223241732117e+00
1.287025584678485268e+00 2.500618794318314020e+00
1.290334206431140940e+00 2.503486010536035700e+00
1.293197652375102313e+00 2.505480772776574661e+00
1.296123478276423047e+00 2.507674696108302292e+00
1.299118269006132032e+00 2.510151141836635791e+00
1.302063009285857831e+00 2.512464103561213857e+00
1.304549763258249673e+00 2.514040395910625669e+00
1.306531377812353956e+00 2.514482362270507032e+00
1.308446454147535132e+00 2.514808142427927606e+00
1.309894474313427315e+00 2.514317646381002191e+00
1.311349370037082851e+00 2.513884832802512737e+00
1.309942766387332647e+00 2.508677289114869424e+00
1.310765823987042333e+00 2.506965796118425960e+00
1.311727894238637004e+00 2.505688894873018935e+00
1.312658741017364683e+00 2.504610447384926442e+00
1.093942721943857777e+00 2.262135378233525618e+00
1.097686938332079754e+00 2.263952605659171446e+00
1.101662361087392128e+00 2.265968541264097968e+00
1.105592029768821538e+00 2.267896539669315814e+00
1.109986424659282100e+00 2.269952836877044966e+00
1.114274400322895708e+00 2.272308274263408201e+00
1.118885789893242722e+00 2.274506658111647095e+00
1.123820176765433887e+00 2.276506661434123835e+00
