8.000000000000000444e-01 1.806733614080552608e-01 2.857453838678328806e-01 1.601168440370549817e+01
8.133333333333333526e-01 1.540176366843033773e-01 2.033406903502141538e-01 1.508215654577480613e+01
7.840909090909090606e-01 1.546842575414003884e-01 1.997540026111454814e-01 1.438821419803259793e+01
6.578947368421053099e-01 1.459440809816749951e-01 1.467877485922598757e-01 1.465186435797422781e+01
9.166666666666666297e-01 1.803241790543377576e-01 3.246426471823297688e-01 1.480137481077470163e+01
6.194690265486725300e-01 1.712359279995183947e-01 1.946469207151887426e-01 1.752789357740356380e+01
7.783251231527094083e-01 1.558462952748667085e-01 2.183420971992399984e-01 1.454628644861630882e+01
8.017241379310344751e-01 1.638622580815271845e-01 2.008901545114170073e-01 1.455322441350396900e+01
7.614213197969542657e-01 1.678565584309325287e-01 2.943787549384014324e-01 1.656917813057454936e+01
7.366863905325443662e-01 1.505411316400327437e-01 2.497604959143420733e-01 1.596793236364593405e+01
