5.671641791044775838e-01 2.281616859015579424e-01 3.667756455816157390e-01
6.286307053941908585e-01 2.098835724766096866e-01 1.992568455953810103e-01
9.696261682242990343e-01 2.396929373375366046e-01 5.383047397820917013e-01
6.561085972850678738e-01 1.934137956257772073e-01 2.672050325506546975e-01
8.674698795180723065e-01 1.659750566893424262e-01 1.745192743764172327e-01
7.975460122699385979e-01 1.737915295150318229e-01 7.860141906224855923e-02
8.249999999999999556e-01 1.681961517550490115e-01 1.386513903807136960e-01
8.300492610837438834e-01 1.882035521484397567e-01 2.005888785294151211e-01
6.468749999999999778e-01 1.487071470563534059e-01 1.704462920970857831e-01
8.317535545023696519e-01 1.642032570603999264e-01 1.672665429808286863e-01
