8.184079601990049690e-01 2.163402120624786096e-01 3.006316269524569873e-01 2.224235800831027987e+01
8.962655601659751392e-01 1.837034263246583032e-01 2.408350496161767718e-01 2.024374730231567199e+01
8.785046728971962482e-01 2.211428571428571410e-01 3.550504833512351799e-01 2.011456402572938273e+01
8.054298642533936903e-01 1.855479969765683745e-01 2.456365403304179296e-01 2.191582884105752882e+01
7.951807228915662717e-01 1.777090190915075196e-01 2.465174456879526133e-01 2.206788424852269159e+01
7.331288343558282072e-01 1.938810395953253218e-01 2.098517355660212691e-01 2.214995937074530019e+01
6.650000000000000355e-01 1.639120063609859346e-01 1.906758547574874119e-01 2.079844864823137129e+01
5.886699507389162589e-01 2.127210884353741560e-01 2.040397697540554944e-01 2.349275973624313707e+01
7.062500000000000444e-01 1.740059619353359066e-01 1.893052052281586906e-01 2.129460664493721822e+01
5.900473933649289515e-01 1.812360688956433374e-01 1.568736430742509735e-01 2.307414214852990852e+01
