6.840796019900498015e-01 2.281616859015579424e-01 2.531993095745760924e-01 1.799912302368303463e+00
6.825726141078838349e-01 2.098835724766096866e-01 3.302410488004725586e-01 7.960054046648184389e+00
6.425233644859813520e-01 2.396929373375366046e-01 1.862835020186936752e-01 6.945642086150603411e+00
7.171945701357466119e-01 1.934137956257772073e-01 2.009693093827392418e-01 8.978958686527235500e+00
9.156626506024095891e-01 1.659750566893424262e-01 1.193015873015873113e-01 9.135750372044018519e+00
8.190184049079755058e-01 1.737915295150318229e-01 1.620223831468071141e-01 8.763492705030289542e+00
8.225000000000000089e-01 1.681961517550490115e-01 1.607723011231783350e-01 9.200154543618337399e+00
7.019704433497536700e-01 1.882035521484397567e-01 1.169579980892526128e-01 1.044339505106055555e+01
8.499999999999999778e-01 1.487071470563534059e-01 1.242885697488872038e-01 9.826619691246440524e+00
7.819905213270141875e-01 1.642032570603999264e-01 1.605586477015048252e-01 1.084307202859287678e+01
