6.555555555555555580e-01 1.505811467444120588e-01 3.469037900874635816e-01 2.839911318991243938e+00
5.733333333333333615e-01 1.321610787172012025e-01 2.383199708454810384e-01 2.340773698380856249e+00
5.890151515151514916e-01 1.330705009276438033e-01 2.350463821892393168e-01 2.759308999007624053e+00
6.339712918660287411e-01 1.269251049702177503e-01 2.181740064446831273e-01 7.429517166375106951e-01
5.648148148148147696e-01 1.554648526077097304e-01 2.362509448223734099e-01 4.022143311107801544e+00
7.234513274336282773e-01 1.461043886581181450e-01 2.668159653241827800e-01 6.887816876618192419e-01
6.699507389162561166e-01 1.364152617568766546e-01 2.185048802129547496e-01 1.768470106364350425e+00
6.321839080459770166e-01 1.405906362545017996e-01 2.979639855942377014e-01 2.820665824042205561e+00
6.192893401015228116e-01 1.499348675640468920e-01 2.122752930959617423e-01 2.737441165819390676e+00
6.183431952662722386e-01 1.293708489312885013e-01 2.261900736626011599e-01 1.017038903158383967e+00
