7.039800995024875219e-01 2.163402120624786096e-01 3.178565727967164189e-01 2.224235800831027987e+01
7.821576763485477146e-01 1.837034263246583032e-01 2.544317543531173786e-01 2.024374730231567199e+01
8.247663551401869242e-01 2.211428571428571410e-01 3.407991407089151492e-01 2.011456402572938273e+01
7.171945701357466119e-01 1.855479969765683745e-01 2.807558578987150444e-01 2.191582884105752882e+01
7.680722891566265087e-01 1.777090190915075196e-01 1.939499670836076495e-01 2.206788424852269159e+01
7.331288343558282072e-01 1.938810395953253218e-01 2.881493110064538010e-01 2.214995937074530019e+01
6.650000000000000355e-01 1.639120063609859346e-01 2.282427776305327172e-01 2.079844864823137129e+01
5.886699507389162589e-01 2.127210884353741560e-01 2.352956567242281138e-01 2.349275973624313707e+01
7.031250000000000000e-01 1.740059619353359066e-01 2.167025911488190404e-01 2.129460664493721822e+01
5.900473933649289515e-01 1.812360688956433374e-01 1.965552178318135668e-01 2.307414214852990852e+01
