6.218905472636815368e-01 2.281616859015579424e-01 3.624652248959285283e-01 6.468084029825133641e+00
8.049792531120332217e-01 2.098835724766096866e-01 1.808052744907486520e-01 8.191066803504510219e+00
9.556074766355140415e-01 2.396929373375366046e-01 5.353403019744482627e-01 6.940234753463484729e+00
7.104072398190045545e-01 1.934137956257772073e-01 1.519278556276581205e-01 8.964815971655403004e+00
8.945783132530120696e-01 1.659750566893424262e-01 1.787687074829931999e-01 9.113038470460795182e+00
8.404907975460123026e-01 1.737915295150318229e-01 9.484836515251261757e-02 8.743143138493948641e+00
8.275000000000000133e-01 1.681961517550490115e-01 1.360353264112662830e-01 9.060657385853092549e+00
8.300492610837438834e-01 1.882035521484397567e-01 2.005888785294151211e-01 1.036649399902412760e+01
8.031249999999999778e-01 1.487071470563534059e-01 1.980656756529772244e-01 9.696477203782757570e+00
7.535545023696682554e-01 1.642032570603999264e-01 1.045248402391259490e-01 1.075773578954288823e+01
