6.616915422885571996e-01 2.163402120624786096e-01 5.174370083228821970e-01 1.561213229315533023e-04
7.759336099585062430e-01 1.837034263246583032e-01 4.018498408537726774e-01 1.446665182632393719e-04
5.327102803738317238e-01 2.211428571428571410e-01 5.094779806659506249e-01 4.831484361461282494e-04
7.194570135746606310e-01 1.855479969765683745e-01 3.273728539034660989e-01 2.082932212435816346e-04
7.921686746987951500e-01 1.777090190915075196e-01 2.723831468071100104e-01 2.693483802719501426e-04
9.294478527607361595e-01 1.938810395953253218e-01 3.073504273504273354e-01 1.836052079517987536e-04
7.075000000000000178e-01 1.639120063609859346e-01 2.403551550490326261e-01 2.223176597892732441e-05
7.438423645320196842e-01 2.127210884353741560e-01 1.225484039769753897e-01 8.220830173882435240e-05
7.406249999999999778e-01 1.740059619353359066e-01 1.287044255904609136e-01 5.481739647921095911e-04
3.341232227488151740e-01 1.812360688956433374e-01 2.071269358807352745e-01 5.865217290676734109e-05
