6.955555555555555935e-01 1.505811467444120588e-01 1.456676384839650229e-01 3.762239173384584578e+00
6.333333333333333037e-01 1.321610787172012025e-01 1.397230320699708109e-02 4.829173441801164479e+00
6.193181818181817677e-01 1.330705009276438033e-01 2.011440940012368742e-02 4.453938174351777413e+00
6.339712918660287411e-01 1.269251049702177503e-01 2.476281613123718361e-01 1.306232845788614316e+00
5.648148148148147696e-01 1.554648526077097304e-01 3.105215419501133334e-01 4.309039792964298066e+00
7.212389380530973559e-01 1.461043886581181450e-01 3.040310637529348159e-01 1.469452756490964740e+00
6.699507389162561166e-01 1.364152617568766546e-01 2.699023957409050767e-01 2.219269011631300526e+00
6.321839080459770166e-01 1.405906362545017996e-01 3.082785114045618058e-01 3.296509643576433390e+00
6.192893401015228116e-01 1.499348675640468920e-01 2.129439861050803351e-01 3.119638861323952295e+00
6.183431952662722386e-01 1.293708489312885013e-01 2.536891679748822792e-01 2.176387216758091103e+00
