6.592039800995025400e-01 2.163402120624786096e-01 2.517569262341808334e-01 6.437788077848616730e+00
7.365145228215768114e-01 1.837034263246583032e-01 1.795169443924358732e-01 5.159264590959537600e+00
8.037383177570093240e-01 2.211428571428571410e-01 2.774479054779806497e-01 5.335450776285054708e+00
6.719457013574661186e-01 1.855479969765683745e-01 1.389785120397365459e-01 6.522909962036442799e+00
7.198795180722891152e-01 1.777090190915075196e-01 1.241408821593153605e-01 6.269462564270184224e+00
7.331288343558282072e-01 1.938810395953253218e-01 1.857666143380429513e-01 6.208778940086282283e+00
6.524999999999999689e-01 1.639120063609859346e-01 9.013517095149747860e-02 4.552836043969808344e+00
9.556650246305419261e-01 2.127210884353741560e-01 2.004604918890633414e-01 7.017578631366506947e+00
7.812500000000000000e-01 1.740059619353359066e-01 9.053886723228615763e-02 5.359939462659559339e+00
8.625592417061611616e-01 1.812360688956433374e-01 8.497901288174844470e-02 5.876878716819978976e+00
