5.522388059701492935e-01 2.281616859015579424e-01 3.844577565686307374e-01
5.829875518672199552e-01 2.098835724766096866e-01 1.431612645058023270e-01
5.981308411214952825e-01 2.396929373375366046e-01 1.633520269896576171e-01
8.212669683257918241e-01 1.934137956257772073e-01 1.454724808510193534e-01
6.957831325301204739e-01 1.659750566893424262e-01 2.759977324263038767e-01
6.472392638036810197e-01 1.737915295150318229e-01 1.258839880038036541e-01
7.574999999999999512e-01 1.681961517550490115e-01 2.973274455981222419e-01
8.226600985221674822e-01 1.882035521484397567e-01 1.831131369637533368e-01
7.812500000000000000e-01 1.487071470563534059e-01 1.970175527000923854e-01
8.791469194312796498e-01 1.642032570603999264e-01 1.292269635126778171e-01
