7.333333333333332815e-01 1.540176366843033773e-01 1.835988914084152046e-01
4.450757575757575690e-01 1.546842575414003884e-01 1.094908266336837716e-01
4.354066985645932975e-01 1.459440809816749951e-01 7.961201705562608033e-02
2.777777777777777901e-01 1.803241790543377576e-01 1.404283194759385345e-01
0.000000000000000000e+00 1.179138321995465075e-02 2.099773242630385839e-02
3.141592920353982188e-01 1.712359279995183947e-01 5.958461260610439097e-02
1.773399014778325178e-01 1.558462952748667085e-01 1.173411779126064675e-01
4.770114942528735358e-01 1.638622580815271845e-01 7.295048251858884947e-02
5.761421319796954377e-01 1.678565584309325287e-01 3.213783107744815903e-01
6.508875739644970349e-01 1.505411316400327437e-01 1.703562371694240241e-01
