8.111111111111111160e-01 1.540176366843033773e-01 2.033406903502141538e-01
7.840909090909090606e-01 1.546842575414003884e-01 1.997540026111454814e-01
6.578947368421053099e-01 1.459440809816749951e-01 1.467877485922598757e-01
9.166666666666666297e-01 1.803241790543377576e-01 3.245485848660451533e-01
1.000000000000000000e+00 1.179138321995465075e-02 2.222222222222222307e-02
6.615044247787610354e-01 1.712359279995183947e-01 1.651130776794493549e-01
7.783251231527094083e-01 1.558462952748667085e-01 2.183420971992399984e-01
7.614942528735632044e-01 1.638622580815271845e-01 2.256288561936402315e-01
7.614213197969542657e-01 1.678565584309325287e-01 2.943787549384014324e-01
7.366863905325443662e-01 1.505411316400327437e-01 2.497604959143420733e-01
