1.911111111111111205e-01 1.540176366843033773e-01 2.739051650289745510e-01 9.032326172491855895e-04
6.401515151515151381e-01 1.546842575414003884e-01 3.121706864564006700e-01 4.038695332458509097e-04
8.564593301435406980e-01 1.459440809816749951e-01 2.955805097158480388e-01 3.692166224948228428e-04
6.111111111111111605e-01 1.803241790543377576e-01 3.585185185185185142e-01 3.552845355075227472e-04
1.000000000000000000e+00 1.179138321995465075e-02 2.240362811791383330e-02 4.877498269045564468e-05
7.986725663716813806e-01 1.712359279995183947e-01 3.729432303895009460e-01 4.738675444728540046e-04
7.044334975369458407e-01 1.558462952748667085e-01 3.237536311822026280e-01 5.069090528631497788e-04
7.270114942528735913e-01 1.638622580815271845e-01 3.420661287770922487e-01 5.931914788937845111e-04
8.071065989847715505e-01 1.678565584309325287e-01 3.177127895831872162e-01 6.606890459902141355e-04
7.840236686390532617e-01 1.505411316400327437e-01 2.807927115619423541e-01 6.489402782270090085e-04
