1.393034825870646809e-01 2.281616859015579424e-01 4.308940557981069674e-01 6.117003256713812081e-04
2.385892116182572742e-01 2.098835724766096866e-01 4.455145867870958232e-01 6.142239119353229415e-04
2.009345794392523310e-01 2.396929373375366046e-01 5.530508268347990031e-01 5.469531082502632246e-04
2.013574660633484226e-01 1.934137956257772073e-01 3.979125782417421986e-01 4.945527195864160520e-04
2.740963855421686968e-01 1.659750566893424262e-01 3.492970521541949869e-01 5.401988194465409850e-04
2.975460122699386534e-01 1.737915295150318229e-01 3.630950186526223367e-01 5.873461970211147926e-04
2.575000000000000067e-01 1.681961517550490115e-01 2.899014732598692579e-01 6.605018628953459670e-04
3.374384236453201735e-01 1.882035521484397567e-01 3.557747159777617241e-01 6.827118674373821401e-04
3.281250000000000000e-01 1.487071470563534059e-01 2.541590660955740377e-01 6.141050778613774911e-04
4.668246445497630237e-01 1.642032570603999264e-01 2.695938981653267508e-01 5.061373338285705091e-04
