5.422222222222222721e-01 9.986036519871106798e-02 2.309237379162190906e-01 2.450655752368966045e+00
4.866666666666666918e-01 1.016458196181698470e-01 1.697827518104015054e-01 1.242306927629357238e+00
5.151515151515151381e-01 8.865529773553257331e-02 1.506849315068493067e-01 1.352051397765564156e+00
5.071770334928229484e-01 7.716229348882411299e-02 1.543440233236151593e-01 1.067483468817379766e+00
4.907407407407407551e-01 1.045392702535559715e-01 9.397649969078540610e-02 1.710323098698851574e+00
5.973451327433628721e-01 7.492888064316635677e-02 1.378478664192949454e-01 1.399967658933990666e+00
5.665024630541871664e-01 8.798185941043082381e-02 3.970975056689342308e-02 9.823398522234421115e-01
5.718390804597701660e-01 9.980665950590762725e-02 1.743931256713211753e-01 9.837489536806203194e-01
5.609137055837563057e-01 1.486258503401360620e-01 2.173242630385487095e-01 1.714440186413744849e+00
5.857988165680473314e-01 1.013095238095238076e-01 1.931462585034013912e-01 1.274664694494705097e+00
