8.022222222222221699e-01 1.806733614080552608e-01 2.744083792247057896e-01 1.601168419662744213e+01
8.022222222222221699e-01 1.540176366843033773e-01 2.000947341899723120e-01 1.508215654577480613e+01
8.787878787878787845e-01 1.546842575414003884e-01 2.379083350511922157e-01 1.438821419803259793e+01
7.153110047846890085e-01 1.459440809816749951e-01 1.344504117436448321e-01 1.465186435797422781e+01
9.444444444444444198e-01 1.803241790543377576e-01 2.252792475014697149e-01 1.480137481077470163e+01
6.946902654867256333e-01 1.712359279995183947e-01 1.534742038408283826e-01 1.752789357740356380e+01
6.773399014778325178e-01 1.558462952748667085e-01 1.161350738493595741e-01 1.454628644861630882e+01
7.097701149425287293e-01 1.638622580815271845e-01 2.595918367346938815e-01 1.455322441350396900e+01
6.345177664974619436e-01 1.678565584309325287e-01 1.229819762956729096e-01 1.656917813057454936e+01
8.846153846153845812e-01 1.505411316400327437e-01 1.304877296086087435e-01 1.596793236364593405e+01
