2.888888888888888618e-01 1.505811467444120588e-01 4.002526724975704608e-01 4.555428271008243771e-04
3.377777777777777879e-01 1.321610787172012025e-01 3.157288629737609043e-01 8.599555916356796045e-04
5.587121212121212155e-01 1.330705009276438033e-01 3.060636982065553235e-01 8.474345948778709125e-04
6.698564593301435943e-01 1.269251049702177503e-01 2.569670930573186296e-01 6.923932721632454143e-04
6.111111111111111605e-01 1.554648526077097304e-01 3.801058201058201691e-01 5.361119976114010711e-04
3.517699115044247704e-01 1.461043886581181450e-01 2.784395882246704090e-01 2.228517099859104338e-04
7.438423645320196842e-01 1.364152617568766546e-01 2.486645962732919324e-01 4.096630594598052954e-04
7.873563218390804419e-01 1.405906362545017996e-01 2.317839135654261862e-01 1.523433027788215883e-04
8.299492385786801929e-01 1.499348675640468920e-01 2.589665653495440423e-01 2.390137191697143100e-04
8.668639053254437732e-01 1.293708489312885013e-01 2.177321579519381767e-01 5.415780711814594873e-05
