0.000000000000000000e+00 4.766607302484667658e-02 1.560346106986681136e-01 5.112395377047457756e-05
0.000000000000000000e+00 4.631640885176952632e-02 1.522997537849023197e-01 3.616587409174802133e-05
0.000000000000000000e+00 3.980170646837313114e-02 1.370456340694435893e-01 2.199848555765147461e-04
0.000000000000000000e+00 6.255460899956313825e-02 1.553361660668344801e-01 3.275008478629675974e-04
0.000000000000000000e+00 1.927437641723355952e-02 1.393140589569161203e-01 1.114265094345273264e-03
0.000000000000000000e+00 6.669744355387920154e-02 1.678275820779356886e-01 1.979820109172694513e-04
0.000000000000000000e+00 4.680459256352113850e-02 1.596150212221640885e-01 1.475303564921067140e-04
0.000000000000000000e+00 6.537383471907280696e-02 1.770180294339958327e-01 2.455492961379125488e-04
0.000000000000000000e+00 3.881435740724520356e-02 1.609243363535208804e-01 5.183249209261003588e-05
7.627118644067797104e-02 5.452666000486823539e-02 1.556346644119041278e-01 1.826174557688639371e-04
