1.000000000000000000e+00 1.471673325414821903e-02 7.098371756109851660e-02 1.313484324840425137e-03
1.000000000000000000e+00 3.210096172972112805e-02 6.922564347376376770e-02 1.572983201207725848e-03
1.000000000000000000e+00 3.945411497932507089e-02 5.318738606553732873e-02 2.313834773269892852e-03
1.000000000000000000e+00 3.441194255479970016e-02 4.841118669690098325e-02 2.161846188058440255e-01
0.000000000000000000e+00 4.734848484848485500e-02 1.196182702879131504e-01 1.521084170376957138e-03
3.800000000000000044e-01 5.099867724867724467e-02 1.193353174603174749e-01 1.247717847835207823e-03
3.829787234042553168e-01 5.444589183191006487e-02 1.210237049902703477e-01 1.054206360239469571e-03
2.421052631578947401e-01 4.169898953733540414e-02 1.102881210963917724e-01 1.108418449263168888e-03
0.000000000000000000e+00 1.263699924414210009e-02 7.424335474930712775e-02 1.356351332802929960e-03
0.000000000000000000e+00 1.302114413016668658e-02 6.991934200580816883e-02 1.060023161676740136e-03
