8.969072164948453940e-01 4.356119791666666907e-02 4.947265625000000361e-02 1.632208241157765016e+01
1.122448979591836732e-01 4.387648809523808646e-02 4.949404761904761807e-02 1.544545413612158313e+01
4.795918367346938549e-01 3.641666666666666663e-02 4.461111111111111527e-02 1.837089962384265718e+01
4.033613445378151363e-01 4.379166666666668012e-02 5.419642857142856901e-02 1.577900431736349596e+01
4.563106796116505048e-01 4.330615942028985532e-02 4.893115942028986032e-02 1.164461508768780007e+01
4.464285714285714524e-01 4.872474747474747625e-02 5.824494949494949531e-02 1.643855226573720785e+01
7.079646017699114946e-01 7.560763888888888395e-02 7.266203703703703887e-02 1.687955341500318696e+01
5.500000000000000444e-01 7.216485507246378495e-02 6.562500000000000278e-02 1.093650453342936046e+01
5.999999999999999778e-01 6.875744047619047894e-02 6.532738095238095621e-02 1.830171258279504798e+01
5.111111111111110716e-01 4.092653508771929710e-02 4.336074561403508582e-02 1.155394030833115693e+01
