0.000000000000000000e+00 5.226115603474094234e-02 2.585354896675651215e-01 3.927930322820133990e-01
7.040816326530612290e-01 4.363536797939130546e-02 2.183349530288306029e-01 1.973401372255051966e-01
5.918367346938775420e-01 4.700061842918985822e-02 2.261389404246546553e-01 4.439855832843967592e-02
5.294117647058823595e-01 4.595814934160798171e-02 1.729820583204041695e-01 1.617408141374914246e-03
2.815533980582524132e-01 4.876926616057049302e-02 1.968188241480166856e-01 1.804513376900841260e-03
0.000000000000000000e+00 7.461631995793487071e-02 2.223659995399125955e-01 5.882625287321035720e-03
0.000000000000000000e+00 7.180970316563536904e-02 2.216104897702960985e-01 1.661486323966025660e-03
0.000000000000000000e+00 6.623598513479465877e-02 1.756779100529100857e-01 2.508586076470212690e-03
0.000000000000000000e+00 5.983875031494077790e-02 2.022287309985722759e-01 3.253879161059271968e-02
0.000000000000000000e+00 5.910440056781519902e-02 1.837886916284128813e-01 1.338284488577585205e-03
