4.260869565217391131e-01 4.766607302484667658e-02 1.373633674677379735e-01 1.429040371429953979e-03
6.831683168316832200e-01 4.631640885176952632e-02 1.256370535012684975e-01 1.476602945208408324e-03
7.567567567567567988e-01 3.980170646837313114e-02 9.355188521855188621e-02 1.671287994364699121e-03
8.532110091743119185e-01 6.255460899956313825e-02 1.198520182792791045e-01 1.227066993097640979e-03
0.000000000000000000e+00 1.927437641723355952e-02 1.410619803476946266e-01 3.693556655850675600e-04
8.316831683168316447e-01 6.669744355387920154e-02 1.348074433293669494e-01 1.273041308042852657e-03
7.596153846153845812e-01 4.680459256352113850e-02 1.065923164137449752e-01 1.279547362389315407e-03
8.627450980392157298e-01 6.537383471907280696e-02 1.452372615712951842e-01 1.293834939182467907e-03
8.705035971223021862e-01 3.881435740724520356e-02 9.155369348502395699e-02 5.917896334261537467e-03
7.711864406779661563e-01 5.452666000486823539e-02 9.820547804809305614e-02 1.907395996984444751e-03
