7.363184079601989840e-01 1.136563675749629465e-01 3.947554440770722345e-02 3.363144740660080956e+00
9.875518672199170567e-01 1.017498914459400855e-01 3.709075119409466215e-02 3.490469041977400710e+00
6.355140186915887446e-01 1.156248566842467268e-01 3.369869296033020656e-02 3.271752673725713212e+00
9.230769230769231282e-01 1.091737182677949142e-01 3.568939771030364000e-02 3.042367194342456699e-02
9.216867469879518326e-01 1.005687520910003435e-01 4.071595851455336174e-02 3.258614646282876476e-02
9.754601226993865337e-01 9.650627223366410601e-02 3.966298445983899856e-02 3.388305116838711051e+00
1.000000000000000000e+00 1.065365276545400669e-01 4.842945874001775008e-02 6.126895158330494695e+00
6.798029556650245775e-01 1.251992225461613373e-01 5.992711370262390758e-02 3.081306100419218316e-03
1.000000000000000000e+00 8.502164502164502591e-02 4.406514120799834983e-02 1.839361766677359400e+00
1.000000000000000000e+00 1.038311048557354066e-01 5.362420830401125327e-02 2.670184397423418510e+00
