0.000000000000000000e+00 1.471673325414821903e-02 7.124466850232155646e-02 2.668119922153736013e-04
0.000000000000000000e+00 3.210096172972112805e-02 7.742695031228864766e-02 2.956897677981534735e-04
0.000000000000000000e+00 3.945411497932507089e-02 8.070339246809833667e-02 2.030561141070919820e-04
0.000000000000000000e+00 3.441194255479970016e-02 7.227362055933482521e-02 1.466340360249277028e-04
0.000000000000000000e+00 4.734848484848485500e-02 7.466512488833917938e-02 2.314703931488796469e-06
0.000000000000000000e+00 5.099867724867724467e-02 7.940948601662886630e-02 3.940104936623607223e-05
0.000000000000000000e+00 5.444589183191006487e-02 8.130246779562888548e-02 3.896749544249763716e-05
0.000000000000000000e+00 4.169898953733540414e-02 7.000984604368062914e-02 1.719818036283057727e-05
0.000000000000000000e+00 1.263699924414210009e-02 6.668477576215671443e-02 4.842485611045388936e-08
0.000000000000000000e+00 1.302114413016668658e-02 6.667213669093369210e-02 1.171562362244456825e-05
