0.000000000000000000e+00 4.766607302484667658e-02 1.264314706095527874e-01 7.775425788229817226e-04
3.960396039603960444e-02 4.631640885176952632e-02 1.204395949799061394e-01 7.275169808041874247e-04
4.504504504504504292e-02 3.980170646837313114e-02 9.194781516210087657e-02 9.165312406979319064e-04
0.000000000000000000e+00 6.255460899956313825e-02 1.153532768866975811e-01 1.223293718860574229e-03
0.000000000000000000e+00 1.927437641723355952e-02 1.200396825396825295e-01 1.089239243225776418e-03
7.920792079207920888e-02 6.669744355387920154e-02 1.276450349116544369e-01 1.120254336992533703e-03
0.000000000000000000e+00 4.680459256352113850e-02 9.539980522123379936e-02 1.211140789291730155e-03
0.000000000000000000e+00 6.537383471907280696e-02 1.316484927304254759e-01 1.394751108925217000e-03
3.453237410071942626e-01 3.881435740724520356e-02 8.617185548516020921e-02 7.001148577503929016e-04
2.881355932203389925e-01 5.452666000486823539e-02 9.450946103488477856e-02 1.104816122421784950e-03
