1.775147928994082885e-02 9.474754793436111766e-02 1.527845536636745216e-01 7.623597983553004852e-04
5.000000000000000278e-02 9.938019652305365992e-02 1.522116402116402145e-01 8.145933878640260108e-04
1.086956521739130405e-02 1.151355614709651809e-01 1.615380065069506044e-01 3.550692242417174374e-04
0.000000000000000000e+00 9.900246913580247610e-02 1.550173847316704545e-01 8.694440051410025653e-04
0.000000000000000000e+00 4.954030096887238749e-02 5.445475159760873596e-02 1.924246664092347947e-05
0.000000000000000000e+00 8.851635892452217047e-02 1.387010042112082897e-01 4.045358434336126401e-04
0.000000000000000000e+00 8.635745207173778359e-02 1.433298976156118787e-01 2.910000914566243635e-04
0.000000000000000000e+00 9.784287558723649136e-02 1.449615380442448032e-01 1.576329595781048260e-04
0.000000000000000000e+00 5.097505668934240730e-02 1.249013185521122005e-01 3.235502771267228324e-05
0.000000000000000000e+00 6.009070294784579769e-02 7.428571428571428825e-02 2.480352989824563255e-04
