1.000000000000000000e+00 5.099290780141842866e-02 6.476063829787233328e-02 1.938270280911859062e-03
4.937759336099585283e-01 4.308019713261648787e-02 9.047491039426522330e-02 1.960007725061024830e-03
9.579439252336449107e-01 5.122977346278317218e-02 9.526429341963321695e-02 1.256886103684779973e-03
1.000000000000000000e+00 6.866858237547891763e-02 7.130131362889982616e-02 1.759474797156797840e-03
8.433734939759036653e-01 5.629830917874396184e-02 8.596215780998388289e-02 1.959905430652008045e-03
7.361963190184048766e-01 4.938840155945418975e-02 8.973684210526314264e-02 2.263079378551791782e-03
9.949999999999999956e-01 5.768070489844683013e-02 7.479390681003583730e-02 1.568883091485290780e-03
1.000000000000000000e+00 7.447728516694034073e-02 1.175930487137383795e-01 3.711168218558739181e-03
1.000000000000000000e+00 3.878640776699029263e-02 1.073462783171520996e-01 1.907949042453569669e-03
1.000000000000000000e+00 4.736111111111111077e-02 9.779166666666666563e-02 1.730912443528681696e-03
