0.000000000000000000e+00 9.026167522223613182e-02 7.395517716288969867e-02 2.973260753965183394e-04
1.888888888888888840e-01 9.588338192419823547e-02 7.606297376093293372e-02 3.710375443122747286e-04
1.739130434782608647e-01 1.064079402252704476e-01 8.541095126575219687e-02 3.630021724250807424e-04
1.111111111111111049e-01 1.066766917293233002e-01 9.019548872180449539e-02 4.133029295663669090e-04
1.000000000000000000e+00 nan nan 1.848466658472916219e-04
2.008928571428571508e-01 9.596178897090749949e-02 8.254016500217108143e-02 3.673358027846883268e-04
3.181818181818181768e-01 9.370439084724799250e-02 8.390847247990104729e-02 5.650040313415149139e-04
3.301435406698564612e-01 8.861678004535147868e-02 7.816944959802103743e-02 3.501488088478152188e-04
1.851851851851851749e-02 8.659863945578230582e-02 8.095238095238094234e-02 3.118791674601565679e-04
1.000000000000000000e+00 1.224489795918367284e-02 1.163265306122449050e-02 4.188331094978047235e-04
