0.000000000000000000e+00 5.226115603474094234e-02 2.487521213936308428e-01 3.198109712147254036e-02
0.000000000000000000e+00 4.363536797939130546e-02 2.051729989047773040e-01 3.212196212373719800e-02
0.000000000000000000e+00 4.700061842918985822e-02 1.999673606816464166e-01 2.834083275161935686e-02
0.000000000000000000e+00 4.595814934160798171e-02 1.872803702377636992e-01 2.229519964004592764e-02
0.000000000000000000e+00 4.876926616057049302e-02 2.001051628380821068e-01 3.100132312231628634e-02
0.000000000000000000e+00 7.461631995793487071e-02 1.497132669492917956e-01 2.137660159165934853e-02
0.000000000000000000e+00 7.180970316563536904e-02 1.406055830995298073e-01 3.232032391570617558e-02
0.000000000000000000e+00 6.623598513479465877e-02 1.090443121693121659e-01 4.829961783502551703e-02
0.000000000000000000e+00 5.983875031494077790e-02 1.495811287477954166e-01 3.935257914724037132e-02
0.000000000000000000e+00 5.910440056781519902e-02 1.434009918330475530e-01 2.320210491983744003e-02
