1.739130434782608717e-02 4.165901134009043771e-02 5.081414398138224542e-02 7.669419448400191996e-04
0.000000000000000000e+00 4.093008781847042726e-02 2.939677618280859411e-02 1.585387699505668780e-04
0.000000000000000000e+00 3.457804690503652606e-02 1.949484086162286967e-02 4.633254854062861293e-04
0.000000000000000000e+00 5.549889950583578729e-02 2.579283197358813937e-02 3.532361288216358578e-04
0.000000000000000000e+00 1.823817762399077350e-02 3.755767012687427631e-02 4.037085979704461129e-06
0.000000000000000000e+00 5.993125264083500742e-02 2.910485685246725490e-02 1.517874772642645796e-05
3.846153846153846367e-02 4.068655177002928475e-02 2.049854161121461918e-02 1.507273134748799196e-04
0.000000000000000000e+00 5.867370016057173177e-02 3.042523237668770184e-02 1.783558675006742371e-04
4.316546762589928282e-02 3.363657980616277521e-02 1.934135795383110437e-02 1.408949133257703535e-03
0.000000000000000000e+00 4.702436807225382487e-02 3.705916564033390204e-02 5.118488684900528466e-04
