5.714285714285713969e-01 1.699466551326412819e-02 5.157013785906520292e-02 1.120806104879039063e-03
3.157894736842105088e-01 3.559138438657196563e-02 6.378050446184664601e-02 4.314391768801760204e-04
2.941176470588235392e-01 4.749050139086777311e-02 5.141291810841983750e-02 8.506779803081605893e-04
3.333333333333333148e-01 4.248366013071894903e-02 3.353496032994303377e-02 6.337756692897273140e-04
2.159090909090909116e-01 5.715650230680507232e-02 3.769529202055153794e-02 7.907986188940733597e-04
4.000000000000000083e-02 6.085063437139561632e-02 4.005262399077277879e-02 4.962451607508768870e-04
6.382978723404254817e-02 6.392718226214140487e-02 4.256392794915211941e-02 3.423554141028999445e-04
7.368421052631578261e-02 5.114581436289684924e-02 2.933967704728950368e-02 1.568159136108628613e-04
0.000000000000000000e+00 1.492214532871972456e-02 1.322808535178777306e-02 1.097954052142392771e-05
2.280701754385964786e-01 1.534581840992330949e-02 9.876009227220301431e-03 4.485089731794248997e-05
