7.412935323383084141e-01 5.099290780141842866e-02 6.563534278959809454e-02 1.118989463689778986e-03
7.925311203319501674e-01 4.308019713261648787e-02 6.218862007168458189e-02 1.002957174884393276e-03
6.121495327102803863e-01 5.122977346278317218e-02 7.536947141316072130e-02 1.147683264208831716e-03
3.574660633484162964e-01 6.866858237547891763e-02 7.273125342090858148e-02 1.315004450114407595e-03
2.891566265060240837e-01 5.629830917874396184e-02 7.434983896940418335e-02 1.530401059717514597e-03
5.398773006134969243e-01 4.938840155945418975e-02 7.454191033138403422e-02 1.081964687130847810e-03
7.249999999999999778e-01 5.768070489844683013e-02 8.666965352449222670e-02 1.199004492842202204e-03
5.615763546798029360e-01 7.447728516694034073e-02 1.346442255062944848e-01 1.643293447803512901e-03
6.562500000000000000e-01 3.878640776699029263e-02 9.622168284789645032e-02 1.553659119294653569e-03
3.459715639810426735e-01 4.736111111111111077e-02 1.068849206349206521e-01 2.707117252530365746e-03
