1.000000000000000000e+00 4.356119791666666907e-02 2.893880208333333287e-02 1.505924618700862959e-03
1.000000000000000000e+00 4.387648809523808646e-02 2.553571428571429006e-02 1.353492287022257500e-03
1.000000000000000000e+00 3.641666666666666663e-02 5.027777777777777540e-02 1.335856430936981695e-03
9.747899159663865332e-01 4.379166666666668012e-02 5.423809523809523803e-02 3.261874853764957782e-01
1.000000000000000000e+00 4.330615942028985532e-02 5.120471014492754963e-02 1.456563070537465537e-03
5.625000000000000000e-01 4.872474747474747625e-02 6.610479797979797179e-02 2.686327661940802747e-01
8.849557522123894238e-01 7.560763888888888395e-02 6.990740740740740422e-02 1.960561827846812599e-01
7.900000000000000355e-01 7.216485507246378495e-02 6.883152173913043015e-02 1.170798801472106715e-01
7.222222222222222099e-01 6.875744047619047894e-02 7.349702380952381764e-02 1.425127696560206936e-01
9.666666666666666741e-01 4.092653508771929710e-02 5.159539473684210398e-02 1.165911832069827847e+00
