2.985074626865671377e-01 1.136563675749629465e-01 1.011560825447497258e-01 6.359801945134359313e-02
6.348547717842323301e-01 1.017498914459400855e-01 9.531480677377333899e-02 3.909165773223036044e+00
6.542056074766354756e-01 1.156248566842467268e-01 1.137904150424214611e-01 3.782757328915239192e+00
3.846153846153846367e-01 1.091737182677949142e-01 9.260826281732205401e-02 1.329722396866605816e-01
3.012048192771084598e-01 1.005687520910003435e-01 8.612914018066243627e-02 1.431081186422139204e-02
3.926380368098159601e-01 9.650627223366410601e-02 8.507021157086684660e-02 7.386321161656815570e-02
9.599999999999999645e-01 1.065365276545400669e-01 1.198284531203786252e-01 1.549578537199402994e+01
1.000000000000000000e+00 1.251992225461613373e-01 1.374149659863945772e-01 1.216368855499534796e+01
1.000000000000000000e+00 8.502164502164502591e-02 1.000948258091115123e-01 1.334113380662562065e+01
1.000000000000000000e+00 1.038311048557354066e-01 1.456045038705137407e-01 1.403961581507759782e+01
