1.000000000000000000e+00 4.356119791666666907e-02 5.229166666666666685e-02 3.071567111936796338e-02
1.000000000000000000e+00 4.387648809523808646e-02 4.075892857142858483e-02 1.140438949237068417e-03
5.408163265306122902e-01 3.641666666666666663e-02 4.229166666666666491e-02 2.014995428446561380e-04
1.344537815126050362e-01 4.379166666666668012e-02 6.232738095238094661e-02 1.035741323177004434e-03
1.000000000000000000e+00 4.330615942028985532e-02 4.815217391304347366e-02 1.488350891594816035e-03
7.410714285714286031e-01 4.872474747474747625e-02 5.116161616161615799e-02 1.043409469392287976e-03
9.734513274336282773e-01 7.560763888888888395e-02 6.987847222222222376e-02 7.195055947132006184e-03
8.199999999999999512e-01 7.216485507246378495e-02 6.503623188405797950e-02 3.757750548092102325e-03
1.000000000000000000e+00 6.875744047619047894e-02 6.943452380952380709e-02 1.083845824743847469e-02
1.000000000000000000e+00 4.092653508771929710e-02 5.004934210526315597e-02 1.110852898007678915e-03
