9.484536082474226415e-01 4.356119791666666907e-02 5.229166666666666685e-02 3.070908037253538073e-02
4.693877551020408379e-01 4.387648809523808646e-02 4.055803571428572007e-02 1.098001631120598199e-03
1.938775510204081565e-01 3.641666666666666663e-02 4.262499999999999623e-02 2.018424521567641072e-04
5.882352941176470507e-02 4.379166666666668012e-02 6.230952380952380770e-02 1.034100123403114803e-03
9.611650485436893376e-01 4.330615942028985532e-02 4.815217391304347366e-02 1.500745526349007292e-03
1.964285714285714246e-01 4.872474747474747625e-02 5.116161616161615799e-02 1.041130476960404252e-03
4.336283185840708043e-01 7.560763888888888395e-02 6.987847222222222376e-02 7.188599851124365808e-03
6.099999999999999867e-01 7.216485507246378495e-02 6.503623188405797950e-02 3.758703709803498487e-03
5.000000000000000000e-01 6.875744047619047894e-02 6.943452380952380709e-02 1.083135753380500346e-02
8.444444444444444420e-01 4.092653508771929710e-02 5.004934210526315597e-02 1.110802463574330108e-03
