3.668639053254437732e-01 9.026167522223613182e-02 9.150369350194066664e-02 5.651737555944638842e-03
1.444444444444444309e-01 9.588338192419823547e-02 9.852361516034985334e-02 2.502654155332427466e-02
2.336956521739130543e-01 1.064079402252704476e-01 1.074963755994200881e-01 1.444582789257413680e-01
1.644444444444444486e-01 1.066766917293233002e-01 1.485671321160042524e-01 8.515924341061468894e+00
1.000000000000000000e+00 nan nan 1.786439896526816540e+01
8.482142857142856984e-01 9.596178897090749949e-02 1.404168475900998692e-01 1.624029772261591376e+01
9.090909090909091161e-02 9.370439084724799250e-02 9.946815089672231269e-02 2.034839094220717737e+00
3.157894736842105088e-01 8.861678004535147868e-02 9.687487116058543513e-02 8.194613218606098926e+00
3.333333333333333148e-01 8.659863945578230582e-02 1.229478458049886869e-01 1.938257011208971869e+00
1.000000000000000000e+00 1.224489795918367284e-02 4.989795918367346400e-02 2.278808973539901217e+01
