1.442786069651741387e-01 1.136563675749629465e-01 1.412290502793296099e-01 5.610009623246900112e+00
7.053941908713693421e-01 1.017498914459400855e-01 1.266131133304385648e-01 2.072887822013550263e+01
2.429906542056074759e-01 1.156248566842467268e-01 1.184040357716120012e-01 3.230655998381423810e+00
4.660633484162896023e-01 1.091737182677949142e-01 1.444698855151816952e-01 1.142293815871724760e+01
6.626506024096385783e-01 1.005687520910003435e-01 1.299631983941117175e-01 1.670646883838906049e+01
7.484662576687116653e-01 9.650627223366410601e-02 1.354577794420520342e-01 1.409949320240333570e+01
5.600000000000000533e-01 1.065365276545400669e-01 1.362792073351079547e-01 1.517369100346837918e+01
1.000000000000000000e+00 1.251992225461613373e-01 1.260106899902818378e-01 1.461036023481008961e+01
9.562500000000000444e-01 8.502164502164502591e-02 7.125953411667697301e-02 1.376832184824310090e+01
7.203791469194312791e-01 1.038311048557354066e-01 9.133849401829696735e-02 2.166857931085826028e+00
