0.10735590
0.14876690
0.19418310
0.23459180
0.27862440
0.31605430
0.35493130
0.39490640
0.43614160
0.47554840
0.51167060
0.54942500
0.58592990
0.62363710
0.66215390
0.70296450
0.73922190
0.77712330
0.81402470
0.85012990
0.88731360
0.92864910
0.96904030
1.00703610
1.04298360
1.07974150
1.11661270
1.15380920
1.19443850
1.23773940
1.27438000
1.31025470
1.34689520
1.38469300
1.42070890
1.46088580
1.50291650
1.54260620
1.58014780
1.61769720
1.65553350
1.69328410
1.72938830
1.76827750
1.80520380
1.84228510
1.87979900
1.91590770
1.95090120
1.98959950
2.02765460
2.06804240
2.10311700
2.13855090
2.17686380
2.21353730
2.25112010
2.28891320
2.32625420
2.36955290
2.40596000
2.44203660
2.47860150
2.51868730
2.55592430
2.59487210
2.63621950
2.67320150
2.71041950
2.74587080
2.78150590
2.81713310
2.85212670
2.89250260
2.93672190
2.97423760
3.01067360
3.04751160
3.08354720
3.11983900
3.15746780
3.23591300
3.27314740
3.30930640
3.34760960
3.38443530
3.42039340
3.45946290
3.53637930
3.57362490
3.61092400
3.64762800
3.68708740
3.72731380
3.80205610
3.83837090
3.87450450
3.90975360
3.94708770
3.98438210
4.02184090
4.05896680
4.09661520
4.13516010
4.17153680
4.20530640
4.24493580
4.28187650
4.32043080
4.35870980
4.39734220
4.43592970
4.47321790
4.50945550
4.54554990
4.58281100
4.62396610
4.66233460
4.70290400
4.73921530
4.77735810
4.81356950
4.85105860
4.88635000
4.92578880
4.96918370
5.00486720
5.04047660
5.07569370
5.11080590
5.14884040
5.18865610
5.22709320
5.26893940
5.30509470
5.34137880
5.37720050
5.41355360
5.45036180
5.48682340
5.52726980
5.56780560
5.60572100
5.64142580
5.67914520
5.71639520
5.75421280
5.79095420
5.83145980
5.87053890
5.90807870
5.94411420
5.98034280
6.01652580
6.05497170
6.09386060
6.13630880
6.17353930
6.21091770
6.24784020
6.28665900
6.32498680
6.36298240
6.40296040
6.43874320
6.47492190
6.51258860
6.54946270
6.58672880
6.62344340
6.66036320
6.69926120
6.73872420
6.77493340
6.81108600
6.84815140
6.88561960
6.92156480
6.96269360
7.00251440
7.03863830
7.07538020
7.11188570
7.14798800
7.18601620
7.22320080
7.26320610
7.30553210
7.34145750
7.37665530
7.41370020
7.45211460
7.49055130
7.53014300
7.56916910
7.59865620
7.64570000
7.68372780
7.72008860
7.75681250
7.79396380
7.83737070
7.87328960
7.91071810
7.94673710
7.98422910
8.02273550
8.06095060
8.09817080
8.13849390
8.17568960
8.21275250
8.25083320
8.28746760
8.32554570
8.36845860
8.40586910
8.44380370
8.48052590
8.51703190
8.55210500
8.59097940
8.66797660
8.70533160
8.74114850
8.77820310
8.81443580
8.85042330
8.88911240
8.92828350
8.96899080
9.00508370
9.04083920
9.07793820
9.11976890
9.15840530
9.19309440
9.23786860
9.27578920
9.31137690
9.34948240
9.38516360
9.42419680
9.46270760
9.50197730
9.53883210
9.57497200
9.61160230
9.64758740
9.68633240
9.72337100
9.76075400
9.79770230
9.83689680
9.87330870
9.90988710
9.94700390
9.98544240
10.02573160
10.06301520
10.10487200
10.14249870
10.18014380
10.21756820
10.25482090
10.29370960
10.33123480
10.37053470
10.40838440
10.44502530
10.48145940
10.51824760
10.55496160
10.59420600
10.63139580
10.67291970
10.71322650
10.74855790
10.78561920
10.82218910
10.85820900
10.89560070
10.93498010
10.97063680
11.00803700
11.04476210
11.08192510
11.12193320
11.16029700
11.19831910
11.23875510
11.27334020
11.30821590
11.34480680
11.37957220
11.41648920
11.45244660
11.49147430
11.52900040
11.56810430
11.61100620
11.67385800
11.70679970
11.74341170
11.77967510
11.81634980
11.85379250
11.89341310
11.93132210
11.96765600
12.00465440
12.04162270
12.07827770
12.11484190
12.15192720
12.18887610
12.22677090
12.26510790
12.30554830
12.34202730
12.37728700
12.41332700
12.45078610
12.48900890
12.53062630
12.56990640
12.60682150
12.64272640
12.67957250
12.71678270
12.75231510
12.78998290
12.82799450
12.86962690
12.90805340
12.94510780
12.98225590
13.01917700
13.05826900
13.13897370
13.17536430
13.21031830
13.24705670
13.28276980
13.31920860
13.35600930
13.39470080
13.43214240
13.47314260
13.50803840
13.54421010
13.58084850
13.61855650
13.65590360
13.69431840
13.73081110
13.76897020
13.80664700
13.84402270
13.87986750
13.91544730
13.95121580
13.98887650
14.02810120
14.06842360
14.10824990
14.14608780
14.18175730
14.21746560
14.25471170
14.29407200
14.33674590
14.37461400
14.41245670
14.44882850
14.48629890
14.52413000
14.56473370
14.60217390
14.63808910
14.67555700
14.71260590
14.74889450
14.78565400
14.82281660
14.86150770
14.90188930
14.94056860
14.97382240
15.01140840
15.04872030
15.08351520
15.11900340
15.15699140
15.23442080
15.27063500
15.30639420
15.34462300
15.38256940
15.41952570
15.45898750
15.49662280
15.53451620
15.57107760
15.60877260
15.64574840
15.68209960
15.71933470
15.75875030
15.79589560
15.86917940
15.90442570
15.94092440
15.97533300
16.01315180
16.04948620
16.08519410
16.12239370
16.16336800
16.20225410
16.23862750
16.27606120
16.31275320
16.34948670
16.38649860
16.42784710
16.46830950
16.50529140
16.54160480
16.57829060
16.61463130
16.65021990
16.68805370
16.76952940
16.80655780
16.84212620
16.87634140
16.91251060
16.95491790
16.99485010
17.03646880
17.07252340
17.11006710
17.14817980
17.18393870
17.21937430
17.25858600
17.29582180
17.33547620
17.37215940
17.40965070
17.44675910
17.48266310
17.51826880
17.55714000
17.63494200
17.67160100
17.70639980
17.74244840
17.77841550
17.81565940
17.85150880
17.88802810
17.96934570
18.00526760
18.04264420
18.08011060
18.11702900
18.15314320
18.19250950
18.22961920
18.26878450
18.30533420
18.34377530
18.38044420
18.41713430
18.45438720
18.49420290
18.53580800
18.57140680
18.60663550
18.64270290
18.67925900
18.71613400
18.75421570
18.82984910
18.86805040
18.90500390
18.94386690
18.98155830
19.01850860
19.05579350
19.09381560
19.13556690
19.17158030
19.20863340
19.24532630
19.28218380
19.32255060
19.36076900
19.40232690
19.43931090
19.47737060
19.51273250
19.54927440
19.58526020
19.62292900
19.66205330
19.70220580
19.73751850
19.77351410
19.81067020
19.84757570
19.88476870
19.92075800
19.95824590
19.99653610
20.03579760
20.07107900
20.10740580
20.14807650
20.18533330
20.22434860
20.30191440
20.34003050
20.37733270
20.41473060
20.45121290
20.48699330
20.52466890
20.56214900
20.60336610
20.63889010
20.67679200
20.71367160
20.75211560
20.79181640
20.82900750
20.86856620
20.90540320
20.94239640
20.97941410
21.01521860
21.05198700
21.09152470
21.12974750
21.16948510
21.20491930
21.24174670
21.27780690
21.31503880
21.35129190
21.38795950
21.42606860
21.46952470
21.50762190
21.54594690
21.58488720
21.62114600
21.65929310
21.69783500
21.73591600
21.77256350
21.80809700
21.84446050
21.88129990
21.91843240
21.95814520
21.99661960
22.03594220
22.07368540
22.10995230
22.14773340
22.18652850
22.22421470
22.26195020
22.30316030
22.34066090
22.37877290
22.41434250
22.45233710
22.48995280
22.52946710
22.56749060
22.59563100
22.64269980
22.68051490
22.71705040
22.75390450
22.79134120
22.82879910
22.86893000
22.90476970
22.94223750
22.97814300
23.01447500
23.05207740
23.08888000
23.12715330
23.16267700
23.20246520
23.24101490
23.27718500
23.31388690
23.34924420
23.38558550
23.42234040
23.46101590
23.50242390
23.53779780
23.57441300
23.61063250
23.64652520
23.68332470
23.72146360
23.76109260
23.80290740
23.83961070
23.87675450
23.91238400
23.94807770
23.98584530
24.02597180
24.06809080
24.10367690
24.14080190
24.17641780
24.21288840
24.24866200
24.28532650
24.32380760
24.36267970
24.40339090
24.43966740
24.47750200
24.51431870
24.55077380
24.58954410
24.62802990
24.67094270
24.70762910
24.74339070
24.78140450
24.81804550
24.85352310
24.89260900
24.93630340
24.97439710
25.01028860
25.04818670
25.08701210
25.12548890
25.16200360
25.20426640
25.23950490
25.27700480
25.31366250
25.35370860
25.39235180
25.43285110
25.47144070
25.51061620
25.54729220
25.58345600
25.62146520
25.65806850
25.69489000
25.73494200
25.77310330
25.80831520
25.84587450
25.88329620
25.91834920
25.95753580
25.99318250
26.03067880
26.06858910
26.10653250
26.14380780
26.18718580
26.22398780
26.26758270
26.30701740
26.34253630
26.37677070
26.41366910
26.45094890
26.48777280
26.52488980
26.56448090
26.60359070
26.64073880
26.67681720
26.71451120
26.75136900
26.78898450
26.82436550
26.85862340
26.89698710
26.93860620
26.97453670
27.01160350
27.04744190
27.08453510
27.12065720
27.16270090
27.20272240
27.24025700
27.27559040
27.31281660
27.34841130
27.38739450
27.42456620
27.46258150
27.50570260
27.54258480
27.57888200
27.61459680
27.65117320
27.68893360
27.72665740
27.76882270
27.80580150
27.84217930
27.87863170
27.91631440
27.95166160
27.98854610
28.02509710
28.06220080
28.10248510
28.14107790
28.17569410
28.21305060
28.24939010
28.28757590
28.32820980
28.37133740
28.40862640
28.44468870
28.48172250
28.51959450
28.55722390
28.59536270
28.63511930
28.67299160
28.70904710
28.74459840
28.78189180
28.81843060
28.85742560
28.89748290
28.93410800
28.97276840
29.00816190
29.04415610
29.08000420
29.11648420
29.15265280
29.19266510
29.22963110
29.26770830
29.30436590
29.34235630
29.37839390
29.41628670
29.45183580
29.48830860
29.52532480
29.57040350
29.60578740
29.65009530
29.68269800
29.72223000
29.75936370
29.79593860
29.83843500
29.87400930
29.91111040
29.94831660
29.98339880
30.02160810
30.05990430
30.09779950
30.13879330
30.17533260
30.21124740
30.24659100
30.28478910
30.32233230
30.36059050
30.39838950
30.43888500
30.47520330
30.51146170
30.54948950
30.58530890
30.62189230
30.65996560
30.69734100
30.73936830
30.77830030
30.81571790
30.85283280
30.88930460
30.92821560
30.96443830
31.00633750
31.04242980
31.07831060
31.11598940
31.15255610
31.19153320
31.26759350
31.30440440
31.33936490
31.37738700
31.41351460
31.44994090
31.48556370
31.52114040
31.55939310
31.59828670
31.63654830
31.67589670
31.71194980
31.74846190
31.78477290
31.82313640
31.85977020
31.89764180
31.93937760
31.97525350
32.01038190
32.04649210
32.08216790
32.12021820
32.15930060
32.19649340
32.23709960
32.27660650
32.31226390
32.34975220
32.38665490
32.42475980
32.46800010
32.50992540
32.54348220
32.57817040
32.61424710
32.64984990
32.68637640
32.72747980
32.77659860
32.81314550
32.84924720
32.88615060
32.92338830
32.96201340
32.99976600
33.03657520
33.07224360
33.11008060
33.14717680
33.18515430
33.22141780
33.26279590
33.30155170
33.33722200
33.37540930
33.41135850
33.44705740
33.48261480
33.51850030
33.55652040
33.63563470
33.67233090
33.70820230
33.74520270
33.78170800
33.81827460
33.85817710
33.89781640
33.93741100
33.97343100
34.01141170
34.04772290
34.07759690
34.10721790
34.14052640
34.17693820
34.21651570
34.25348550
34.33004450
34.36777580
34.40439290
34.44184330
34.48039970
34.51515240
34.55397500
34.59409300
34.63500110
34.67132880
34.70955220
34.74555910
34.78169360
34.81810070
34.85609270
34.89294400
34.92802710
34.96841420
35.00643840
35.04643300
35.08273400
35.12081810
35.20238530
35.23807060
35.27412480
35.30914270
35.34531410
35.38386340
35.41986610
35.45798070
35.49420660
35.53500540
35.57184180
35.60201450
35.64845980
35.68441850
35.72170130
35.76100880
35.80186980
35.83797720
35.87288570
35.91016270
35.94757610
35.98523620
36.02239280
36.06067360
36.10287380
36.13998320
36.17617200
36.21266100
36.24830990
36.28427490
36.31954200
36.36036870
36.40329940
36.44002550
36.47636170
36.51352140
36.54994690
36.58583780
36.62419970
36.70224700
36.73802850
36.77474750
36.81081240
36.84886820
36.88587350
36.92452740
37.00278110
37.03973450
37.07669750
37.11357730
37.15303220
37.19124880
37.22924820
37.26873730
37.30543730
37.34128950
37.37859780
37.41761870
37.45434210
37.49335070
37.52960000
37.56748120
37.60241900
37.63835930
37.67515870
37.71475370
37.75188670
37.79083350
37.86870620
37.90536750
37.94129660
37.97752760
38.01523780
38.05181440
38.08881690
38.12989500
38.16948260
38.20532870
38.24259270
38.27829630
38.31557300
38.35540630
38.39470290
38.43685510
38.47515750
38.51184450
38.54791120
38.58400780
38.62197370
38.66196040
38.70342130
38.73914750
38.77390730
38.80912430
38.84635420
38.88591200
38.92394130
38.96390810
39.00311710
39.03757770
39.07438040
39.11042170
39.14814060
39.18518710
39.22145700
39.25869000
39.29699570
39.33586120
39.37566970
39.41267390
39.45030070
39.48542470
39.52321690
39.56131820
39.60237000
39.63933210
39.67681880
39.71403100
39.75101650
39.78740200
39.82636540
39.90351820
39.93949800
39.97753060
40.01488460
40.05555900
40.09243950
40.16811300
40.20416900
40.23986130
40.27616200
40.31304760
40.35316140
40.38909670
40.42780780
40.46888440
40.50534850
40.54084780
40.57726540
40.61444690
40.65280670
40.68966040
40.72860580
40.76868780
40.79715810
40.84077160
40.87682950
40.91411850
40.95151890
40.98939900
41.02874720
41.06784930
41.09621530
41.14330590
41.18165350
41.22052830
41.25757640
41.29482760
41.33642120
41.37201080
41.40993490
41.44620240
41.48168540
41.51781630
41.55655080
41.59469020
41.63047580
41.66942990
41.70618300
41.74112830
41.77917300
41.81626180
41.85291040
41.88912980
41.92773990
41.97028500
42.00737190
42.04491690
42.08151620
42.11836420
42.15503030
42.19370370
42.23265460
42.26925050
42.30522190
42.34180920
42.37930350
42.41496280
42.45099750
42.48973860
42.52735910
42.56805630
42.60474130
42.64039760
42.67799390
42.71438170
42.75193550
42.78923820
42.86222660
42.90265440
42.93922420
42.97592830
43.01312340
43.04926490
43.08655270
43.12524310
43.16343370
43.20423600
43.24104720
43.27648820
43.31291110
43.35061310
43.38920920
43.42898660
43.46858790
43.50649650
43.54208070
43.58071260
43.62047420
43.65860270
43.69757720
43.73673690
43.77189410
43.80780490
43.84511840
43.88199880
43.91788320
43.95414830
43.99076570
44.02833070
44.06808470
44.10507610
44.14100210
44.17708530
44.21351270
44.25043930
44.28662540
44.32260810
44.36123320
44.40209360
44.43816430
44.47529900
44.51111910
44.54699760
44.58585880
44.62428860
44.66462590
44.70589810
44.74302540
44.77983470
44.81586060
44.85149050
44.88787560
44.92633710
44.96918320
45.00606670
45.04312500
45.07926820
45.11493580
45.15341580
45.19059680
45.22705970
45.26413190
45.30719270
45.34265380
45.38114710
45.41878780
45.45686770
45.49510220
45.53545820
45.57411530
45.61116860
45.64877460
45.68518860
45.72259750
45.76011900
45.79730420
45.83803720
45.87596460
45.91287540
45.94993960
45.98573230
46.02524670
46.10529530
46.14323990
46.18206430
46.21827240
46.25617950
46.29397510
46.33273080
46.37155450
46.40853010
46.44569770
46.48274410
46.51911530
46.55535560
46.59434480
46.63203420
46.67180020
46.70853790
46.74632660
46.78351880
46.81910230
46.85726370
46.89667630
46.93875690
46.97605310
47.01201410
47.05033530
47.08866680
47.12619270
47.16211130
47.19976540
47.23860660
47.27633370
47.31293390
47.34991960
47.38583860
47.42366040
47.46194300
47.50214940
47.53971150
47.57828500
47.61330960
47.65014700
47.68817960
47.72864320
47.77122660
47.80887390
47.84548110
47.88304370
47.91983860
47.95810810
47.99556590
48.03625060
48.07079640
48.10663120
48.14515450
48.18140410
48.21802530
48.25493950
48.29629240
48.33691550
48.37406430
48.41112420
48.44821670
48.48641400
48.52248420
48.56406380
48.60404670
48.64055670
48.67730930
48.71293580
48.75053620
48.78861250
48.82604730
48.86456370
48.90519510
48.94398500
48.97883850
49.01534390
49.05253940
49.09105550
49.12826840
49.16691340
49.20530940
49.24094030
49.27575810
49.31260630
49.34925720
49.38407330
49.41980890
49.46038460
49.49719770
49.53563170
49.57221290
49.60866150
49.64554660
49.68205540
49.71827480
49.75401180
49.79120370
49.82975380
49.86859360
49.90742020
49.94898520
49.98597990
50.02515750
50.10371970
50.14073310
50.17800230
50.21413500
50.25111380
50.28725100
50.32348700
50.36137980
50.40218450
50.43901460
50.47534960
50.51367830
50.55109270
50.58921630
50.62592490
50.66423230
50.70669950
50.74214750
50.77814840
50.81562020
50.85280870
50.89176860
50.92782940
50.96768630
51.00390050
51.04262670
51.07837380
51.11522950
51.15131510
51.18691060
51.22187980
51.25903410
51.30240430
51.34012240
51.37780950
51.41556990
51.45118350
51.48775540
51.52748880
51.56719410
51.60752990
51.64296540
51.68050810
51.71729800
51.75301370
51.79000620
51.82925170
51.86829500
51.90381990
51.94010560
51.97742160
52.01475510
52.05160790
52.09078550
52.12965400
52.16851850
52.20578370
52.23439120
52.27891920
52.31592130
52.35287420
52.43015640
52.46818280
52.50449790
52.54187250
52.57871450
52.61588230
52.65337060
52.69247250
52.76861580
52.80674460
52.84400120
52.88018430
52.91604970
52.95299190
52.99242060
53.06907170
53.10646920
53.14323620
53.17949950
53.21566260
53.25286850
53.29113340
53.33559560
53.37154680
53.40875080
53.44615540
53.48191980
53.51889260
53.55630340
53.59497150
53.63475900
53.67159050
53.71117460
53.74858630
53.78512890
53.82325490
53.86359530
53.90180750
53.93690910
53.97308510
54.01066450
54.04879350
54.08643270
54.12829630
54.16994030
54.20825480
54.24547690
54.28215010
54.31797280
54.35638790
54.42962720
54.46783120
54.50473360
54.54357600
54.58121770
54.61789410
54.65850070
54.73701860
54.77522170
