0.05535940
0.12719310
0.17014660
0.21681860
0.25722840
0.29826250
0.33644390
0.37764230
0.41822040
0.45647780
0.49780220
0.53638990
0.57817270
0.61762090
0.65736650
0.69687120
0.73461770
0.77495490
0.81711170
0.85515530
0.89287100
0.93361900
0.97511350
1.05428030
1.09195420
1.13076810
1.16861160
1.21045870
1.25316260
1.29072410
1.32661890
1.36549530
1.40653790
1.44510390
1.48495960
1.52447690
1.56298400
1.60176840
1.63952910
1.67914680
1.71778130
1.75662240
1.79494330
1.83223500
1.87056730
1.91266890
1.95105450
1.98977160
2.02434370
2.06524480
2.10174400
2.13963220
2.17902250
2.21991190
2.25786740
2.29768690
2.33447750
2.37399740
2.45088860
2.48935780
2.52889600
2.56687000
2.60683530
2.64582150
2.68515940
2.72166470
2.75794040
2.79591660
2.83405740
2.87749100
2.91746430
2.95415650
2.99191950
3.02934450
3.06992010
3.15130880
3.18893200
3.22890250
3.26866900
3.30957730
3.35068160
3.38854510
3.42633560
3.46622040
3.50601660
3.54556700
3.58465460
3.62108040
3.65928820
3.69696990
3.73378510
3.77397220
3.81792790
3.85957400
3.89664410
3.93548480
3.97489040
4.05019970
4.08778390
4.12566940
4.16330470
4.20028470
4.23747080
4.27576920
4.31695560
4.35062690
4.38741710
4.42574630
4.46509020
4.50132050
4.54047990
4.57954380
4.61826990
4.65576860
4.69417530
4.73258580
4.77053730
4.80952860
4.85077170
4.88786730
4.92763560
4.96673550
5.00629210
5.04413570
5.08410580
5.12263410
5.16222370
5.19899310
5.23826570
5.27668870
5.31749940
5.35429530
5.39623660
5.43589810
5.47684810
5.51845330
5.55589610
5.59361160
5.63042340
5.66737630
5.70497950
5.74512090
5.78700670
5.82525490
5.86278030
5.90112390
5.93864940
5.97878650
6.01728810
6.05547550
6.09265110
6.13127540
6.16835840
6.25030770
6.29102650
6.32921680
6.36939980
6.45179270
6.48795820
6.52696610
6.56784380
6.60780230
6.64651090
6.68503530
6.72355000
6.76376330
6.80027020
6.83903190
6.87859300
6.91802860
6.95467850
6.99223980
7.03138480
7.06898130
7.10955840
7.15192760
7.18903630
7.22629370
7.26418850
7.30286820
7.34345400
7.38610540
7.42224580
7.45950800
7.49743680
7.53510410
7.57398990
7.65106730
7.68943040
7.72796060
7.76639240
7.80624520
7.85086500
7.89472590
7.93105550
7.96940410
8.04989680
8.07754340
8.12672200
8.16702180
8.20514650
8.24554800
8.28572160
8.32373070
8.36152270
8.39974020
8.43945610
8.47989340
8.51856220
8.55510150
8.59574720
8.63656610
8.67505620
8.71803370
8.75632380
8.79393540
8.83017340
8.86704130
8.90423910
8.94312880
8.98579860
9.02552320
9.06351510
9.10389810
9.14374510
9.18589120
9.22145260
9.25721360
9.29437460
9.33174300
9.37295020
9.45110380
9.48795730
9.53335520
9.57873820
9.61760770
9.65449820
9.69263360
9.73090450
9.77238180
9.85136960
9.88857600
9.92531030
9.96268660
9.99965150
10.03843580
10.07721770
10.11835490
10.15555200
10.19247750
10.23088520
10.26966440
10.31057220
10.35109820
10.38896680
10.42418730
10.46302610
10.50204480
10.54292220
10.58469640
10.62358090
10.66262650
10.70089680
10.73838090
10.77758990
10.81772260
10.85731960
10.89541930
10.93344130
10.97271450
11.05278780
11.09113780
11.12976230
11.17001700
11.20764370
11.24552210
11.28544940
11.32230160
11.35739560
11.39538640
11.43320080
11.47420190
11.55386000
11.59168930
11.63023520
11.66870630
11.70647260
11.74686960
11.78563850
11.82163310
11.86031970
11.89963720
11.93559390
11.97568800
12.01838340
12.05963360
12.09932810
12.13847990
12.17723630
12.21881590
12.25772620
12.29466640
12.33516070
12.37473530
12.41283540
12.45444500
12.49266850
12.53182030
12.57079500
12.60954540
12.64689460
12.68734610
12.72429220
12.76038960
12.79824250
12.83613120
12.87942720
12.91929030
12.95814010
12.99465330
13.03198250
13.07109700
13.11016190
13.15457310
13.19259720
13.23045170
13.27139830
13.30954340
13.35061940
13.38865600
13.42550990
13.46349260
13.49958310
13.53869880
13.57615430
13.62074750
13.65718660
13.69421090
13.73030650
13.76709870
13.80631600
13.85064920
13.88739380
13.92353260
13.96094350
13.99897370
14.03609190
14.07707510
14.11421750
14.15596590
14.19515000
14.23123300
14.26844080
14.30606200
14.34399800
14.38433130
14.42076860
14.45859270
14.49676300
14.53394360
14.57340200
14.60927620
14.65422000
14.69524260
14.73427890
14.77535500
14.85143510
14.89096100
14.92866350
14.96698180
15.00560690
15.04485700
15.08547930
15.12352120
15.16175730
15.20276170
15.24308920
15.28794310
15.32739320
15.36475170
15.40189060
15.44286810
15.48422390
15.52316780
15.55748940
15.59768540
15.63942470
15.68013060
15.72144450
15.76220760
15.80092200
15.83753840
15.87725870
15.92035600
15.95831570
15.99466510
16.03282910
16.07299830
16.11820820
16.15727330
16.19613940
16.23598270
16.27684230
16.31453970
16.35486670
16.39303430
16.43137090
16.46784580
16.50351430
16.54568090
16.58682310
16.62440610
16.66318830
16.70206530
16.74398370
16.78835550
16.82814070
16.86689180
16.90712580
16.95727150
16.99322980
17.03410490
17.07260780
17.11328730
17.15406350
17.19103720
17.22887380
17.26685930
17.30546930
17.34697460
17.38796270
17.43053080
17.46836950
17.50921990
17.55037460
17.58865040
17.62608070
17.66454790
17.70172860
17.74040340
17.78575100
17.82588780
17.86341480
17.90373260
17.94358840
17.98533440
18.02262930
18.06146980
18.09978520
18.14375900
18.18493050
18.21504920
18.26378370
18.30043890
18.33858770
18.37853240
18.42194580
18.46108450
18.49755920
18.53329920
18.57010920
18.61055270
18.65233160
18.69199410
18.72968720
18.76779670
18.80651630
18.84546590
18.88281270
18.92292240
18.95996040
19.00103200
19.03925060
19.08575710
19.12371180
19.16352800
19.20387720
19.24501530
19.28777530
19.32793020
19.36370530
19.40261250
19.44432840
19.48637350
19.52571270
19.56376220
19.60321770
19.64567740
19.68407650
19.72169870
19.75612300
19.79794440
19.83546660
19.87777930
19.91702000
19.95629870
19.99537660
20.03576100
20.07655410
20.11789150
20.15654430
20.19583220
20.23634990
20.27574820
20.31754280
20.35900790
20.39815850
20.43503330
20.47493230
20.51733650
20.55541580
20.59153630
20.62826730
20.66534380
20.70334010
20.74290560
20.78494880
20.82294600
20.86369960
20.90167530
20.94184120
20.98443650
21.02327280
21.06089440
21.09921780
21.13916000
21.17917930
21.21748810
21.25483320
21.29230150
21.33089700
21.36681620
21.40635590
21.45040360
21.48830280
21.52560570
21.56410510
21.60428980
21.64383220
21.68486620
21.72094810
21.76253430
21.80207090
21.84368130
21.88468480
21.92178140
21.95880710
21.99706140
22.03567630
22.07741480
22.11901800
22.15722570
22.19407470
22.23488990
22.27802950
22.31844560
22.35902830
22.39829850
22.43620000
22.47709710
22.51788580
22.55705340
22.59799870
22.63582830
22.67828040
22.71768660
22.75583620
22.79596490
22.83316680
22.87338540
22.95066160
22.98974040
23.02837290
23.06669960
23.10729190
23.15031200
23.18998100
23.22687230
23.26405160
23.30125190
23.34142650
23.38375290
23.42013440
23.45696180
23.49511020
23.53066180
23.57044000
23.61171690
23.65081140
23.68761020
23.72669810
23.76492330
23.80304650
23.84242550
23.88416720
23.92155650
23.96066670
23.99882670
24.03841420
24.07966160
24.11792370
24.15530700
24.19409290
24.23031920
24.26835310
24.30834830
24.34585250
24.38377050
24.42121200
24.45929090
24.49875760
24.53675170
24.57959880
24.61838600
24.65649250
24.69849520
24.73625180
24.77538750
24.81716180
24.85391660
24.89331520
24.93147280
24.96809480
25.00943150
25.05019520
25.08774300
25.12512460
25.16253150
25.20209460
25.24061590
25.27850060
25.31693180
25.35744410
25.39570260
25.43652770
25.47674890
25.51914150
25.55717940
25.59403230
25.63118400
25.66796010
25.70482390
25.74599980
25.78538060
25.82759080
25.86593750
25.90549050
25.94587670
25.98557040
26.02295020
26.06054680
26.09789180
26.13674090
26.17662320
26.21791910
26.25690030
26.29422350
26.33092600
26.36804600
26.40575630
26.45248170
26.49058380
26.52747870
26.56575760
26.60490240
26.64273420
26.68478720
26.72199010
26.76048770
26.80108670
26.83859530
26.87573500
26.91845760
26.95741900
27.00197180
27.04206560
27.08474060
27.12146930
27.15986390
27.19740960
27.23498450
27.27554170
27.31233410
27.35088580
27.38776580
27.42527600
27.46403380
27.50376310
27.58457570
27.62306940
27.66197430
27.70092680
27.73920750
27.77715140
27.81810320
27.85604370
27.89342080
27.93218360
27.97031980
28.00968010
28.05219840
28.08792040
28.12618920
28.16362150
28.20283820
28.24494990
28.28530810
28.32445650
28.36064310
28.40107040
28.43848340
28.47809520
28.51767490
28.55780320
28.59476480
28.63491300
28.67256940
28.72050780
28.75592830
28.79440310
28.83256730
28.87312750
28.95145380
28.98892790
29.02921600
29.06829630
29.10495210
29.14353460
29.18605180
29.22220880
29.25933490
29.29675170
29.33416610
29.37381240
29.45275280
29.49040610
29.52830170
29.56393490
29.60427310
29.64199450
29.67972410
29.72049270
29.76023330
29.79796340
29.83640730
29.87619540
29.91771420
29.95508520
29.99399260
30.03282960
30.07201070
30.10862180
30.14461280
30.18709890
30.22612140
30.26382870
30.30163380
30.34316990
30.38479660
30.42199280
30.46262120
30.50216680
30.54161560
30.58063640
30.62217730
30.65925200
30.69697700
30.73717180
30.77683520
30.81757370
30.85673460
30.89421820
30.93123340
30.97127470
31.01164600
31.05308380
31.08935680
31.12631000
31.16407970
31.20271700
31.24229860
31.28556300
31.32220470
31.36040000
31.39718570
31.43591290
31.47305710
31.51059280
31.55067420
31.58847460
31.62746280
31.66509910
31.70464450
31.74422450
31.78505890
31.82432160
31.86245220
31.90284450
31.94284100
31.98032670
32.02004890
32.05776300
32.09526880
32.13442690
32.17433480
32.21999190
32.25653770
32.29454520
32.33263800
32.37093920
32.41010440
32.45110170
32.48998390
32.52828320
32.56711830
32.60796070
32.64708590
32.68679530
32.72437600
32.76201530
32.79852100
32.83765580
32.87788610
32.92077020
32.95660420
32.99445530
33.03270600
33.07507480
33.11398390
33.15561280
33.19315710
33.23082190
33.26973890
33.35217590
33.39269660
33.42937080
33.46993960
33.51009330
33.54836970
33.58943860
33.62560010
33.66364460
33.70203640
33.74097350
33.77984500
33.81973650
33.85691840
33.89241870
33.93183750
33.97318350
34.01275940
34.05349440
34.09277600
34.13032750
34.16724140
34.20629090
34.24394340
34.28590690
34.32369020
34.35975150
34.39747480
34.43487250
34.47839130
34.52042700
34.55866250
34.59663840
34.63373020
34.67039600
34.71045220
34.75243390
34.79028010
34.82457030
34.86424140
34.90499200
34.94537380
34.98638510
35.02218150
35.06122150
35.09812590
35.13484150
35.17335270
35.21444290
35.25408200
35.28955530
35.32911810
35.36689990
35.40867850
35.44728630
35.48703810
35.52462720
35.56333970
35.60149440
35.64066390
35.68142130
35.72110980
35.75801940
35.79695250
35.83654130
35.87814590
35.92109900
35.95926890
35.99749410
36.03573650
36.07582880
36.11522540
36.15431220
36.19167420
36.22996480
36.26921370
36.30973090
36.35361770
36.39104160
36.42922150
36.46759360
36.50723890
36.54580460
36.58781690
36.62601140
36.66380560
36.70113030
36.74020240
36.78033390
36.82154790
36.85944820
36.90081820
36.94163300
36.98106810
37.02115560
37.05958570
37.09814420
37.13569960
37.17264350
37.21800150
37.25440390
37.29265060
37.33010230
37.36905870
37.41183540
37.44947760
37.48706740
37.52726720
37.56635580
37.60504760
37.64491820
37.68545620
37.72403570
37.76302350
37.79934250
37.84017130
37.87819940
37.92429260
37.96340550
38.00132990
38.04233470
38.08393360
38.12047850
38.15656380
38.19337390
38.22996050
38.26862710
38.34615920
38.38422020
38.42082670
38.45996880
38.50011850
38.54013000
38.57905240
38.61706340
38.65342660
38.69029510
38.72797290
38.76694960
38.80784900
38.85047750
38.88795070
38.92554780
38.96339890
39.00415170
39.04283510
39.08412200
39.12267080
39.16555860
39.20292910
39.24319400
39.28504500
39.32158010
39.35999330
39.39785890
39.43409610
39.47823370
39.52128030
39.56208710
39.61113030
39.65062960
39.68779030
39.72829570
39.76186640
39.79994670
39.83921700
39.87872020
39.91766620
39.95629340
39.99423460
40.03488380
40.07337120
40.11671590
40.15385530
40.19256330
40.23133120
40.26935630
40.35087140
40.38903130
40.42716790
40.46379750
40.50162320
40.54073120
40.58410140
40.62294500
40.66200570
40.69869940
40.73636220
40.77487240
40.85052170
40.88766220
40.92347760
40.96490770
41.00211400
41.04158460
41.08407870
41.12376080
41.16130170
41.19854150
41.23706730
41.27966810
41.31813410
41.35679210
41.39338590
41.43228790
41.47212370
41.51712600
41.55463500
41.59593260
41.63556040
41.67454090
41.71825950
41.75695960
41.79592980
41.83452540
41.87065950
41.95254640
41.99049130
42.02976790
42.06955860
42.15099800
42.18764300
42.22373520
42.26170410
42.29842450
42.33630950
42.37830950
42.41871190
42.45721890
42.49627740
42.53432370
42.57561270
42.61707980
42.65609290
42.69563780
42.73281230
42.77295610
42.85171540
42.88874150
42.92558590
42.96421750
43.00137280
43.04159070
43.08419460
43.12223600
43.16197320
43.19956330
43.23992470
43.28025240
43.32103600
43.35927740
43.39771210
43.43472680
43.47316640
43.55089190
43.58800230
43.62410300
43.66164090
43.70144960
43.73679860
43.77923480
43.81815070
43.85646650
43.89453840
43.93140420
43.97164920
44.05020500
44.08639970
44.12312550
44.16296890
44.20339320
44.28539080
44.32355200
44.36223250
44.40028160
44.43869960
44.47845770
44.51936060
44.55818230
44.59633190
44.63398620
44.67465370
44.71796330
44.75699860
44.79484470
44.83389090
44.87269450
44.91779870
44.95500540
44.99195800
45.03067150
45.06982660
45.10833200
45.15086520
45.19008720
45.22916540
45.27050230
45.31170010
45.35166600
45.38699300
45.42342120
45.46230410
45.50019700
45.53841400
45.58057520
45.61882710
45.65822190
45.69686750
45.73604760
45.77487100
45.81804440
45.85629680
45.89671570
45.93557450
45.97523790
46.01705220
46.05591560
46.09271040
46.13417190
46.17477790
46.21897100
46.25716590
46.29592460
46.33287260
46.37054810
46.40798490
46.45080260
46.48717140
46.52564300
46.56082360
46.59877670
46.63762570
46.67588940
46.71952950
46.75670200
46.79603990
46.83491520
46.87329950
46.91878730
46.95715980
46.99476790
47.03320850
47.07335310
47.11073150
47.15213930
47.19026460
47.22803420
47.26762840
47.30902720
47.35075310
47.38703550
47.42579100
47.46735510
47.50392120
47.54360290
47.58515770
47.62157370
47.65837790
47.69543190
47.73258580
47.77331720
47.85118200
47.88836250
47.92701570
47.96478540
48.00432360
48.04281720
48.08535030
48.12469640
48.16226910
48.19796530
48.23636350
48.27709740
48.31831880
48.35713550
48.39471520
48.43186160
48.47000050
48.54850530
48.58653620
48.62556030
48.66370880
48.70381590
48.74767990
48.78765920
48.82399030
48.86211460
48.90114410
48.94270690
48.98466550
49.02324650
49.06139080
49.10153560
49.14101910
49.18089290
49.22075320
49.25736940
49.29702690
49.33632450
49.37496110
49.41737580
49.45486880
49.49223990
49.53352930
49.57266410
49.61291020
49.65534330
49.69390920
49.73351020
49.77344940
49.81847420
49.85524860
49.89336440
49.93343110
49.97261890
50.05054270
50.08727380
50.12607160
50.16375610
50.20402240
50.24338330
50.28548750
50.32162170
50.36014350
50.39776740
50.43699790
50.47670190
50.51930110
50.55835420
50.59635510
50.63345190
50.67052100
50.74475610
50.78383220
50.82183260
50.86059030
50.90030400
50.93867340
50.97910980
51.02014750
51.05898160
51.09554360
51.13101900
51.16691580
51.20603470
51.24644790
51.28614960
51.32522750
51.36272850
51.40182020
51.43931580
51.47693420
51.51695070
51.55519620
51.59328160
51.63166790
51.67161870
51.71016480
51.75098660
51.78778150
51.82381820
51.86248840
51.90030360
51.93722750
51.97671910
52.01436810
52.05298710
52.09188690
52.12987680
52.16588870
52.20434920
52.24558490
52.28615460
52.32460080
52.36394900
52.40310640
52.44374760
52.48759220
52.52566850
52.56377000
52.60010780
52.63748200
52.68010930
52.72055600
52.75913400
52.79790630
52.83742610
52.87589340
52.91704050
52.95432180
52.99477900
53.03609710
53.07605150
53.11489950
53.15381190
53.19282440
53.23244960
53.26937240
53.30955950
53.34614140
53.38734200
53.42624440
53.46597480
53.50377680
53.54326020
53.58704150
53.62372610
53.66327500
53.69979810
53.73738520
53.77966690
53.82087490
53.85759690
53.89582080
53.92793610
53.95662660
53.99058750
54.06218820
54.10084180
54.13937820
54.18097440
54.22099380
54.26005090
54.29784780
54.33573510
54.37491830
54.41392300
54.45446100
54.49271030
54.53076590
54.56824490
54.60640930
54.64661210
54.68834550
54.72805010
54.76630140
54.81176600
54.85459960
54.89504420
54.93496490
54.97562880
55.01487190
55.05454150
55.09542900
55.13555950
55.17786600
55.21753190
55.25530710
55.29298320
55.33093800
55.37021820
