0.05278210
0.12291860
0.16623520
0.21368390
0.25355840
0.29380630
0.33298770
0.37353200
0.41498300
0.45310910
0.49415130
0.53276230
0.57358330
0.61416220
0.65411120
0.69326880
0.73134010
0.77082520
0.81400660
0.85141090
0.88845530
0.92964720
0.97103960
1.01188530
1.05093460
1.08822520
1.12711210
1.16540130
1.20546280
1.24986820
1.28713020
1.32326350
1.36158810
1.40215870
1.44076420
1.48129290
1.52055050
1.55915420
1.59825960
1.63532530
1.67456980
1.71451820
1.75196040
1.79129340
1.82840290
1.86530230
1.90771950
1.94749180
1.98612680
2.02110560
2.06150950
2.09808870
2.13542570
2.17489760
2.21678730
2.25407130
2.29266250
2.33116250
2.36968980
2.40744780
2.44742770
2.48598940
2.52472680
2.56357910
2.60216190
2.64051560
2.68144470
2.71801980
2.75433830
2.79198050
2.83059030
2.87279650
2.91407960
2.95074640
2.98819430
3.02546680
3.06615990
3.10543130
3.14799670
3.18543080
3.22473450
3.26480680
3.30532920
3.34714800
3.38530990
3.42232190
3.46301390
3.50250330
3.54135990
3.58148920
3.61763470
3.65580250
3.69314600
3.73040660
3.76915380
3.81439000
3.85098590
3.89271070
3.93206180
3.97103910
4.00756030
4.04668440
4.08449940
4.12139120
4.15840760
4.19665580
4.23343130
4.27172310
4.31379540
4.34746540
4.38395900
4.42144080
4.46108260
4.49794040
4.53627690
4.57526530
4.61471450
4.65238710
4.69053530
4.72852590
4.76622480
4.80556940
4.84758920
4.88471650
4.92367800
4.96216680
5.00213040
5.04033710
5.08060160
5.11943320
5.15852130
5.19453870
5.23450320
5.27278020
5.31396310
5.35091020
5.39213950
5.43213980
5.47140970
5.51530940
5.55260520
5.58995630
5.62672870
5.66369680
5.70072400
5.74086420
5.78384440
5.82181030
5.85863190
5.89753300
5.93469860
5.97411720
6.01398080
6.05215510
6.08934790
6.12690140
6.16451540
6.20189800
6.24685590
6.28763440
6.32565240
6.36540530
6.40380560
6.44839910
6.48463960
6.52291410
6.56414380
6.60399040
6.64192790
6.68161390
6.72018720
6.75927810
6.79669380
6.83501760
6.87405540
6.91422230
6.95075220
6.98857730
7.02667720
7.06501840
7.10547740
7.14821290
7.18561950
7.22255680
7.26063070
7.29886000
7.33919620
7.38266310
7.41872730
7.45576570
7.49382960
7.53121680
7.56987380
7.60688720
7.64750490
7.68598230
7.72397710
7.76243780
7.80216580
7.84694360
7.88693590
7.92670790
7.96532850
8.00399880
8.04657870
8.08900010
8.12303660
8.16298340
8.20135560
8.24084590
8.28228760
8.31997290
8.35776690
8.39576750
8.43513640
8.47481750
8.51484870
8.55177820
8.59219170
8.63248690
8.67106780
8.71424310
8.75274880
8.79057820
8.82666500
8.86288380
8.90015320
8.93906750
8.98172180
9.02196890
9.05997810
9.09954570
9.13957030
9.18185390
9.21807040
9.25369370
9.29057450
9.32778340
9.36839430
9.40790390
9.44714230
9.48413790
9.52134500
9.56766510
9.61427840
9.65091960
9.68893200
9.72694590
9.76804520
9.80794320
9.84716320
9.88493390
9.92164130
9.95864460
9.99594000
10.03436480
10.07309580
10.11438320
10.15185250
10.18911390
10.22698640
10.26520180
10.30642700
10.34678540
10.38522670
10.42091040
10.45907240
10.49827300
10.53884570
10.58109040
10.62004340
10.65897660
10.69597200
10.73415840
10.77376170
10.81424020
10.85392220
10.89158470
10.92976770
10.96776420
11.00692330
11.04878920
11.08786720
11.12615920
11.16421480
11.20337690
11.24143090
11.28134120
11.31887220
11.35412460
11.39159490
11.42973960
11.46878450
11.50791210
11.55038040
11.58792460
11.62695770
11.66422580
11.70246610
11.74228330
11.78173620
11.81782790
11.85670290
11.89565080
11.93180160
11.97180090
12.01465960
12.05610710
12.09521810
12.13406480
12.17340090
12.21541500
12.25411690
12.29139900
12.33069830
12.37037090
12.40891130
12.45069150
12.48877760
12.52850160
12.56694120
12.60548220
12.64289420
12.68406190
12.72059340
12.75680020
12.79462000
12.83191840
12.87503300
12.91487270
12.95428540
12.99068750
13.02857420
13.06605060
13.10603030
13.15111960
13.18890920
13.22696360
13.26724130
13.30545610
13.34658480
13.38497450
13.42197290
13.45980830
13.49605470
13.53416570
13.57225770
13.61730760
13.65369940
13.69098540
13.72702390
13.76262760
13.80261850
13.84688810
13.88382890
13.91991800
13.95732790
13.99512230
14.03208190
14.07310530
14.11007720
14.15219290
14.19177030
14.22796290
14.26464810
14.30187180
14.34000370
14.38073150
14.41699000
14.45494250
14.49292350
14.53066410
14.56914820
14.60463180
14.65067270
14.69153700
14.72980780
14.77084300
14.80813000
14.84764180
14.88680250
14.92452990
14.96363580
15.00125420
15.04082740
15.08226530
15.12010510
15.15797850
15.19911430
15.23779800
15.28353150
15.32346240
15.36128150
15.39828140
15.43851540
15.48092530
15.51972950
15.55404430
15.59384290
15.63566330
15.67520160
15.71791350
15.75860410
15.79757750
15.83363090
15.87295240
15.91690140
15.95460490
15.99115080
16.02945320
16.06847570
16.11504390
16.15343490
16.19210110
16.23254460
16.27206350
16.31076150
16.35167930
16.38916920
16.42755160
16.46467670
16.50012850
16.54167090
16.58362200
16.62120000
16.65937000
16.69875390
16.73931430
16.78489060
16.82438520
16.86366520
16.90256560
16.94386440
16.98929850
17.03068690
17.06859420
17.10906300
17.15088540
17.18741450
17.22513840
17.26358040
17.30135680
17.34315680
17.38444150
17.42657170
17.46478690
17.50434080
17.54581410
17.58538720
17.62227110
17.66081730
17.69827770
17.73662480
17.78209980
17.82115270
17.85963050
17.90018480
17.93838530
17.98210280
18.01838600
18.05735740
18.09648120
18.13854950
18.18144440
18.22756440
18.26011240
18.29701060
18.33471970
18.37438990
18.41858690
18.45719770
18.49423030
18.52966310
18.56662330
18.60528340
18.64827550
18.68815840
18.72547380
18.76432530
18.80256090
18.84149620
18.87869990
18.91948210
18.95608570
18.99421800
19.03542170
19.08229350
19.12032990
19.15954760
19.20052830
19.23992620
19.28402760
19.32396170
19.35979990
19.39913280
19.43937180
19.48306300
19.52166080
19.56023570
19.59919510
19.64075190
19.68076700
19.71823630
19.75227520
19.79421060
19.83155730
19.87350930
19.91382250
19.95256490
19.99164250
20.03235930
20.07197200
20.11453170
20.15256560
20.19180530
20.23236170
20.27169890
20.31412880
20.35542130
20.39472190
20.43121440
20.47065500
20.51419320
20.55216970
20.58810910
20.62432920
20.66148040
20.69972630
20.73828030
20.78151450
20.81918090
20.85980950
20.89822350
20.93757420
20.98086020
21.02013490
21.05714280
21.09551070
21.13511740
21.17406280
21.21403820
21.25107880
21.28830380
21.32713370
21.36337990
21.40136330
21.44716480
21.48510570
21.52219020
21.56034820
21.60015110
21.63897430
21.68151490
21.71741620
21.75909720
21.79843790
21.83869060
21.88134040
21.91837690
21.95524910
21.99334580
22.03219200
22.07263180
22.11525300
22.15361210
22.18995770
22.23165670
22.27222190
22.31530930
22.35326610
22.39327840
22.43226470
22.47273210
22.51416570
22.55371530
22.59320880
22.63228200
22.67269360
22.71411870
22.75242560
22.79142690
22.82967140
22.86931360
22.90653480
22.94703420
22.98642190
23.02446330
23.06323670
23.10299260
23.14711750
23.18644740
23.22338830
23.26054380
23.29758020
23.33637540
23.38048670
23.41686760
23.45345860
23.49159000
23.52714150
23.56629260
23.60673920
23.64753810
23.68443220
23.72321400
23.76082970
23.79939990
23.83846250
23.88057620
23.91807170
23.95621630
23.99483060
24.03149110
24.07491140
24.11469180
24.15212430
24.19045580
24.22669900
24.26483960
24.30438760
24.34171230
24.38060200
24.41730470
24.45566040
24.49466740
24.53222660
24.57431880
24.61526270
24.65311500
24.69448540
24.73265480
24.77149830
24.81342540
24.85032020
24.88962490
24.92737720
24.96465430
25.00497060
25.04657670
25.08439240
25.12150290
25.15816650
25.19833610
25.23651570
25.27453510
25.31312880
25.35378710
25.39170440
25.43250460
25.47237750
25.51558190
25.55377840
25.59057290
25.62738300
25.66461580
25.70120370
25.74132400
25.78170830
25.82135340
25.86245700
25.90152610
25.94056650
25.98232100
26.01953570
26.05714550
26.09433990
26.13254310
26.17269220
26.21423680
26.25318400
26.29086120
26.32726020
26.36433280
26.40122580
26.44802150
26.48750350
26.52422640
26.56229250
26.60060830
26.63869930
26.68086000
26.71828350
26.75666050
26.79646300
26.83442360
26.87195040
26.91509080
26.95363630
26.99230330
27.03825930
27.08060160
27.11780330
27.15611630
27.19344480
27.23146340
27.27161220
27.30836900
27.34721960
27.38411550
27.42149750
27.46025160
27.49955040
27.53967250
27.58083090
27.61981480
27.65852130
27.69647830
27.73485820
27.77341030
27.81410460
27.85268220
27.89015310
27.92834310
27.96626730
28.00575960
28.04861640
28.08442430
28.12266610
28.15965380
28.19842150
28.24072760
28.28112120
28.32069410
28.35714830
28.39758970
28.43435840
28.47388310
28.51405420
28.55353790
28.59149490
28.63050950
28.66862370
28.70835610
28.75225230
28.79112100
28.82914870
28.86878330
28.90770990
28.94713070
28.98547180
29.02603270
29.06420170
29.10064420
29.13978740
29.18203400
29.21863170
29.25617740
29.29323600
29.33020410
29.36874270
29.40791480
29.44856380
29.48666140
29.52508180
29.56048760
29.59873230
29.63782570
29.67572780
29.71684270
29.75692560
29.79433130
29.83223800
29.87230110
29.91412700
29.95140140
29.98938570
30.02904450
30.06751280
30.10472650
30.14084890
30.18362020
30.22269580
30.26011450
30.29818100
30.33932080
30.38110550
30.41746640
30.45777930
30.49777460
30.53707240
30.57641550
30.61789340
30.65579140
30.69367550
30.73249070
30.77284220
30.81383630
30.85317390
30.89068080
30.92776960
30.96608530
31.00768270
31.04964850
31.08608900
31.12301650
31.16056340
31.19857210
31.23792730
31.28178050
31.31840750
31.35663650
31.39413660
31.43213210
31.46871420
31.50664770
31.54688310
31.58505190
31.62390080
31.66148310
31.70030810
31.73983500
31.78110410
31.82051150
31.85887520
31.89911020
31.93901170
31.97660810
32.01642480
32.05406800
32.09158030
32.13058860
32.17009600
32.21670750
32.25290260
32.29053220
32.32872690
32.36719580
32.40544730
32.44778490
32.48562070
32.52453500
32.56351850
32.60409890
32.64312380
32.68359320
32.72032230
32.75827900
32.79528160
32.83357960
32.87301570
32.91731690
32.95313100
32.99127400
33.02951780
33.07017850
33.11005100
33.15143530
33.18926820
33.22720110
33.26532670
33.30586870
33.34813660
33.38871530
33.42552910
33.46613810
33.50570840
33.54444460
33.58617440
33.62203990
33.65993600
33.69845250
33.73676000
33.77595520
33.81548650
33.85338380
33.88849740
33.92812180
33.96872750
34.00894260
34.04936800
34.08897440
34.12668820
34.16367840
34.20215490
34.23992980
34.28230250
34.32009410
34.35631260
34.39371200
34.43138600
34.47367030
34.51676020
34.55510800
34.59290190
34.63050820
34.66651270
34.70609320
34.74897730
34.78715520
34.82107580
34.86045050
34.90098410
34.94125070
34.98318200
35.01845710
35.05726000
35.09480490
35.13148520
35.16849950
35.21006360
35.25090970
35.28641820
35.32540410
35.36356920
35.40359000
35.44350460
35.48389270
35.52110740
35.55950160
35.59780250
35.63568880
35.67694580
35.71777730
35.75433030
35.79346250
35.83248180
35.87402640
35.91760240
35.95537780
35.99376160
36.03215670
36.07066360
36.11064090
36.15075620
36.18814270
36.22621350
36.26528530
36.30512260
36.35050990
36.38744380
36.42524240
36.46400420
36.50228980
36.54180690
36.58427680
36.62225210
36.66027440
36.69757470
36.73516100
36.77624220
36.81810700
36.85612390
36.89466330
36.93713970
36.97700730
37.01792770
37.05622640
37.09450250
37.13255550
37.16846650
37.21471260
37.25117080
37.28906850
37.32612020
37.36533820
37.40569670
37.44577000
37.48330640
37.52335160
37.56276120
37.60113410
37.64088600
37.68188790
37.72024420
37.75870110
37.79567170
37.83592990
37.87391440
37.91427870
37.95986060
37.99779350
38.03772840
38.08042670
38.11717220
38.15342420
38.19011200
38.22644450
38.26511100
38.30325930
38.34121610
38.38106020
38.41739030
38.45586250
38.49678620
38.53531560
38.57417770
38.61373450
38.65020130
38.68678000
38.72412670
38.76365860
38.80219770
38.84701690
38.88478620
38.92209620
38.95921750
38.99735290
39.03833960
39.08075930
39.11943930
39.16167960
39.19937580
39.23888110
39.28184010
39.31822590
39.35636610
39.39433480
39.43065870
39.46953710
39.51762790
39.55810040
39.59635200
39.64725140
39.68458390
39.72377700
39.75769890
39.79622510
39.83521710
39.87367750
39.91405760
39.95270650
39.99038720
40.03126870
40.06922620
40.11355330
40.15045010
40.18842800
40.22644520
40.26539010
40.30588460
40.34737160
40.38535960
40.42342460
40.45970410
40.49821190
40.53676780
40.58075830
40.61960230
40.65779750
40.69448880
40.73328780
40.77076990
40.80830660
40.84724280
40.88448170
40.92038890
40.96022600
40.99842740
41.03781730
41.08039090
41.12050510
41.15667200
41.19464660
41.23349400
41.27477330
41.31465670
41.35369420
41.39011570
41.42812450
41.46786480
41.51397580
41.55145170
41.59154470
41.63237300
41.67075960
41.71451910
41.75310360
41.79215220
41.83031810
41.86677980
41.90762330
41.94919720
41.98720290
42.02566450
42.06572040
42.10557210
42.14728280
42.18451120
42.22050900
42.25729520
42.29435790
42.33249830
42.37381660
42.41517020
42.45408550
42.49218460
42.53074900
42.57153360
42.61369490
42.65275940
42.69148860
42.72838840
42.76836240
42.80737990
42.84823740
42.88531510
42.92202440
42.96042220
42.99783870
43.03751790
43.08052320
43.11861650
43.15764300
43.19548410
43.23541870
43.27578850
43.31758750
43.35572370
43.39327930
43.43064650
43.46884890
43.50755300
43.54720750
43.58469690
43.62046310
43.65746000
43.69770450
43.73310490
43.77387110
43.81488920
43.85312470
43.89108850
43.92721660
43.96719810
44.00428390
44.04655070
44.08277070
44.11978700
44.15846240
44.19820020
44.23883580
44.28198630
44.32017000
44.35836500
44.39645800
44.43418760
44.47366220
44.51610960
44.55416980
44.59250750
44.63016210
44.67076380
44.71427270
44.75383690
44.79128480
44.83036890
44.86870020
44.91423470
44.95155180
44.98817420
45.02656560
45.06558440
45.10460870
45.14741720
45.18660900
45.22551560
45.26497650
45.30745430
45.34741720
45.38367310
45.42018820
45.45837700
45.49643670
45.53411230
45.57656100
45.61534050
45.65469210
45.69268240
45.73164180
45.77098440
45.81390240
45.85291270
45.89249990
45.93076360
45.97065840
46.01355190
46.05234830
46.08917890
46.12972390
46.17094410
46.21487350
46.25341110
46.29229940
46.32923220
46.36672080
46.40402980
46.44714110
46.48352070
46.52214050
46.55731080
46.59464630
46.63371850
46.67209550
46.71537910
46.75327310
46.79230540
46.83135940
46.86876320
46.91420920
46.95376540
46.99120950
47.02960200
47.06960760
47.10660790
47.14822940
47.18680180
47.22452760
47.26372850
47.30496950
47.34714040
47.38346180
47.42233610
47.46274050
47.49981330
47.53960990
47.58179240
47.61814550
47.65487090
47.69142010
47.72851750
47.76822090
47.80609650
47.84718670
47.88435830
47.92338270
47.96054350
48.00021670
48.03853870
48.08200060
48.12097650
48.15847160
48.19452270
48.23154060
48.27227620
48.31420600
48.35355080
48.39145830
48.42814610
48.46597890
48.50463490
48.54427490
48.58267990
48.62151000
48.66048470
48.69866190
48.74015200
48.78341850
48.82053850
48.85828730
48.89722610
48.93861590
48.98115030
49.01935860
49.05782100
49.09764690
49.13665970
49.17646700
49.21730850
49.25418220
49.29345460
49.33236410
49.37099990
49.41370550
49.45072530
49.48862580
49.52978100
49.56770850
49.60866820
49.65140640
49.69044120
49.72961630
49.76889190
49.81519520
49.85155500
49.88969020
49.92982230
49.96820520
50.00766230
50.04726620
50.08417140
50.12256420
50.16049270
50.19977050
50.23948130
50.28214670
50.31825070
50.35666490
50.39452530
50.43265220
50.47228080
50.51553760
50.55471580
50.59239300
50.63016830
50.66645290
50.70338040
50.74074830
50.78044120
50.81846760
50.85683970
50.89675880
50.93428450
50.97508580
51.01692770
51.05510260
51.09189890
51.12751110
51.16357150
51.20167910
51.24275860
51.28264640
51.32137390
51.35924540
51.39852510
51.43517830
51.47289570
51.51362870
51.55174940
51.58914570
51.62788310
51.66756030
51.70554860
51.74644980
51.78446490
51.82042590
51.85840210
51.89665230
51.93346420
51.97235660
52.01041680
52.04867410
52.08768740
52.12625110
52.16227570
52.20017050
52.24153750
52.28307630
52.32118010
52.36057730
52.39919320
52.43890580
52.48425790
52.52213670
52.56045390
52.59672970
52.63347280
52.67552420
52.71745790
52.75537280
52.79463100
52.83321660
52.87184430
52.91367700
52.95100430
52.99082740
53.03247000
53.07141190
53.11075190
53.15058020
53.18920090
53.22915850
53.26555690
53.30478690
53.34208470
53.38381470
53.42231420
53.46234260
53.50031300
53.53871980
53.58384560
53.62030660
53.65860940
53.69651680
53.73320800
53.77575170
53.81773160
53.85411700
53.89226140
53.95406940
53.98712600
54.02736390
54.05826770
54.09741290
54.13544550
54.17679570
54.21751750
54.25620500
54.29421180
54.33255010
54.37045640
54.41005760
54.45097160
54.48922070
54.52705210
54.56427040
54.60141620
54.64247290
54.68497080
54.72435670
54.76278350
54.80621700
54.85121930
54.89066130
54.93149840
54.97117290
55.01052400
55.05091450
55.09160380
55.13174410
55.17321540
55.21414540
55.25161560
55.28885730
55.32680250
55.36600930
