0.03358980
0.11753330
0.15934180
0.20026870
0.24223760
0.28078820
0.31943230
0.35889520
0.39880320
0.43788490
0.47899880
0.51726220
0.55596300
0.59201670
0.63089870
0.66804500
0.71423680
0.75119700
0.78885290
0.82494540
0.86759200
0.90596100
0.94599990
0.98316550
1.02376480
1.05888550
1.09867660
1.13837440
1.18132190
1.21840280
1.25702230
1.29736180
1.33937710
1.37993080
1.41894220
1.45662660
1.49608670
1.53580690
1.58068260
1.61885920
1.65555450
1.69482270
1.73299820
1.80672970
1.84932850
1.88644870
1.92413570
1.96274830
2.00079920
2.07373660
2.11614410
2.15185480
2.18912310
2.22472940
2.26416430
2.30407230
2.38076670
2.41636270
2.45360000
2.49171030
2.52928710
2.56680520
2.60607310
2.64885710
2.68508980
2.72070650
2.75745680
2.79623350
2.83890190
2.87968460
2.91597020
2.95469950
2.99386110
3.03262330
3.07166400
3.11118640
3.14923880
3.18741350
3.22229830
3.25731100
3.29686530
3.33471610
3.37225180
3.41336970
3.44923320
3.48789400
3.52534030
3.56355720
3.60130010
3.64002950
3.68152420
3.71792310
3.75610080
3.79651940
3.83877400
3.88177660
3.91904030
3.95893910
3.99549800
4.03245310
4.07040250
4.11026220
4.14931640
4.18666250
4.22386160
4.26123420
4.29910580
4.33725120
4.37846950
4.41527460
4.45263470
4.49028770
4.52969890
4.56594670
4.60594040
4.64715430
4.68345850
4.72047060
4.75704740
4.79581700
4.83494250
4.87485240
4.91657070
4.95430320
4.99217290
5.03077170
5.07095230
5.11423290
5.15124860
5.18932330
5.22686420
5.26736010
5.30459240
5.34684380
5.38284540
5.42010660
5.45730830
5.49692890
5.53578950
5.57318560
5.61270740
5.64860400
5.68576960
5.72559420
5.76293770
5.80325440
5.84726310
5.88575730
5.92429440
5.96011610
5.99738560
6.03910120
6.07925520
6.11568000
6.15157040
6.18847420
6.22374330
6.25959430
6.29659740
6.33432440
6.37323790
6.41424220
6.45158610
6.48842990
6.52537540
6.56279170
6.60211850
6.64649140
6.68473720
6.72294460
6.75905060
6.79518750
6.83425570
6.87245860
6.91179750
6.95172740
6.98849050
7.02357770
7.06169790
7.10074190
7.13738000
7.17887920
7.21603800
7.25379460
7.29162830
7.32932200
7.36721800
7.40457600
7.44663400
7.48401500
7.52017310
7.55761890
7.59380310
7.63114590
7.66837190
7.70558630
7.74223330
7.78481320
7.82207570
7.85912460
7.89407480
7.93060570
7.96891450
8.00757400
8.04955070
8.08712570
8.12340240
8.16528480
8.20542910
8.24677720
8.28510010
8.32191470
8.35621870
8.39305960
8.43183240
8.47050360
8.51024130
8.55081980
8.58841840
8.62660660
8.66458210
8.70267590
8.74153010
8.78437870
8.82032110
8.85657730
8.89235640
8.93113770
8.97093100
9.01084530
9.05085140
9.08778210
9.12437770
9.15932940
9.19486820
9.23125830
9.27019290
9.30858680
9.35226460
9.38849380
9.42625540
9.46518980
9.50497380
9.54353020
9.58553480
9.62331360
9.66069100
9.69866910
9.73368070
9.77414550
9.81222570
9.85177540
9.88747790
9.92241370
9.95821460
9.99417150
10.02926230
10.06848680
10.10721210
10.14428100
10.18510310
10.22299490
10.26139370
10.29881570
10.33846750
10.37749690
10.41851790
10.45459580
10.48936180
10.52535170
10.56208720
10.59993210
10.63892340
10.67733860
10.71526110
10.75283760
10.79166520
10.82900420
10.86948760
10.90708810
10.94528080
10.98068820
11.02063040
11.05800200
11.09529500
11.13608320
11.17391060
11.21341760
11.25216760
11.29116500
11.32975900
11.36987560
11.44554490
11.48418420
11.52267430
11.55860410
11.59415680
11.63357600
11.67876020
11.71634180
11.75515560
11.79370940
11.83553260
11.87534490
11.91368810
11.95077520
11.99045700
12.02980700
12.06985010
12.10831350
12.14883910
12.18638100
12.22393320
12.26178360
12.30460040
12.34192020
12.37965750
12.41879570
12.45416390
12.49118690
12.52791150
12.56571230
12.60260510
12.64157120
12.68029520
12.71917900
12.75618440
12.79367690
12.83085870
12.86793450
12.90453860
12.94322660
12.98772640
13.02416430
13.06237530
13.10016930
13.13867420
13.17844070
13.21414840
13.25021030
13.29031810
13.32878290
13.36819010
13.40703410
13.44508590
13.48365470
13.52325780
13.56019130
13.59627360
13.63603630
13.67368100
13.71221550
13.74942320
13.78814830
13.82529780
13.86218370
13.90224280
13.94005760
13.97870570
14.01890040
14.05804340
14.09619600
14.13402630
14.17298190
14.21460200
14.25111170
14.28919840
14.32587920
14.36390110
14.40333040
14.44510670
14.48349070
14.52323030
14.56027940
14.59786260
14.63547480
14.67563360
14.71327610
14.74966220
14.78890820
14.82738440
14.86515990
14.90509290
14.98363770
15.01874460
15.05600900
15.09362990
15.12999480
15.15927040
15.18488760
15.22678120
15.25946950
15.29835490
15.33549950
15.37886170
15.42491190
15.45861810
15.49632410
15.53423470
15.57245610
15.61251210
15.64443910
15.69257900
15.72831430
15.76502470
15.84114320
15.87837300
15.91559820
15.95447950
15.99219390
16.03014700
16.10794290
16.14628090
16.18476530
16.22096230
16.26072960
16.30037480
16.33895270
16.37839260
16.41643120
16.45624740
16.49427600
16.53294320
16.57135550
16.61429570
16.65261990
16.69267720
16.73164850
16.77400830
16.81300230
16.84983270
16.88707180
16.92462360
16.96481870
17.00554970
17.04572580
17.08169000
17.11871330
17.15711170
17.19436900
17.23288390
17.27421020
17.31494500
17.35377510
17.39149670
17.42770690
17.46636940
17.50813650
17.54639090
17.58068080
17.61868030
17.65633470
17.69537800
17.73493800
17.77078140
17.80737930
17.84826040
17.88735510
17.92700740
17.96501480
18.00892040
18.04650600
18.08266000
18.11857990
18.15938530
18.19736690
18.24017170
18.27939030
18.31762850
18.35463540
18.39344890
18.43240800
18.47980320
18.51639340
18.55572880
18.59261960
18.63140600
18.67121360
18.71463800
18.75635180
18.79522070
18.83465570
18.87209710
18.91287870
18.95000470
18.98596680
19.02387200
19.06014660
19.10065600
19.18096530
19.21933040
19.26097780
19.29928150
19.33922130
19.38424760
19.42159760
19.46063310
19.50008030
19.57927720
19.60867420
19.66079760
19.69902010
19.73925220
19.78133040
19.81864040
19.85526000
19.89368960
19.93120190
19.97017900
20.01317520
20.05041800
20.08734500
20.12710490
20.16746140
20.21303010
20.25144770
20.29419210
20.33284170
20.37163340
20.41744410
20.45467050
20.49340260
20.53135520
20.57181090
20.61239740
20.64839240
20.68614910
20.72356050
20.76151420
20.79884560
20.83774930
20.91797490
20.95504580
20.99387160
21.03146620
21.07138520
21.11316510
21.14969490
21.18545560
21.22338030
21.25934420
21.29763340
21.37210820
21.41362240
21.45083600
21.48750920
21.52443340
21.56322510
21.60482130
21.64652890
21.68605230
21.72621870
21.76594380
21.80437340
21.84565080
21.88240410
21.92091020
21.95893510
21.99640680
22.03723070
22.07893780
22.11549530
22.15228350
22.18778900
22.22647450
22.26248520
22.30309400
22.34536300
22.38514040
22.42222100
22.45961440
22.49826200
22.54049920
22.57937260
22.61651970
22.65332550
22.69174610
22.72998600
22.76912860
22.80574450
22.84789730
22.88599980
22.92361020
22.96223230
23.00337950
23.04095810
23.07853670
23.11668140
23.15365150
23.19151280
23.22961820
23.26700550
23.30552160
23.34256510
23.37969740
23.41688690
23.45190850
23.48743230
23.52632490
23.56300780
23.60210910
23.64137850
23.68412260
23.72045880
23.76037970
23.80117180
23.83950120
23.87561040
23.91558900
23.95320560
23.98959850
24.02643620
24.06580020
24.10390490
24.14396440
24.18391950
24.22293290
24.26199100
24.30235800
24.34284090
24.38110830
24.41749320
24.45457330
24.49043320
24.52818990
24.56738560
24.60535190
24.64715250
24.68627800
24.72238180
24.75966600
24.79636220
24.83581060
24.87331610
24.91462590
24.95175840
24.98725930
25.02500160
25.06340590
25.10383410
25.18448580
25.22157230
25.25892390
25.29873510
25.33506030
25.37322040
25.41262370
25.45022960
25.48682970
25.52401900
25.56187730
25.60109330
25.63883810
25.68556580
25.72377630
25.75871600
25.79504800
25.83423420
25.87148700
25.91306880
25.95088630
25.98837270
26.02414550
26.06419910
26.10360780
26.14468030
26.18495260
26.22366900
26.25639400
26.29425380
26.33403510
26.40534310
26.44552520
26.48577100
26.52438100
26.56269420
26.60077600
26.64016470
26.68395200
26.72062990
26.75719810
26.79316820
26.83060750
26.86880320
26.90909580
26.94656720
26.98583340
27.02414260
27.06196570
27.09909240
27.13841300
27.17664200
27.21748350
27.25355880
27.29463240
27.33304460
27.37195080
27.41048900
27.45168820
27.48977950
27.52625890
27.56480680
27.60476940
27.64695870
27.68563920
27.72271230
27.75890670
27.79527520
27.83399380
27.87111280
27.91326120
27.95113640
27.98952600
28.02801790
28.06574660
28.10480110
28.14681690
28.18341510
28.21613770
28.25463170
28.29199890
28.32819800
28.36969500
28.40784260
28.44565300
28.48521310
28.52411830
28.56091290
28.60001100
28.63708490
28.67825780
28.71480880
28.75449270
28.79011130
28.82829210
28.86503730
28.90286840
28.93855810
28.97800180
29.01404170
29.05064530
29.08936790
29.12583780
29.16381270
29.20360390
29.24606280
29.28656670
29.32323380
29.36114410
29.39829190
29.43658680
29.51271250
29.55061950
29.58793080
29.62439320
29.66081900
29.69777750
29.74037000
29.78111380
29.81990470
29.85623400
29.89364350
29.93017110
29.96828850
30.00687060
30.04538750
30.08550620
30.12338210
30.16056450
30.19993770
30.23986670
30.28032220
30.31866700
30.35719930
30.39413010
30.43013070
30.46953230
30.50662300
30.54719070
30.58521580
30.62195970
30.65779410
30.69363400
30.73338370
30.77329130
30.81199700
30.84903330
30.88710550
30.92310510
30.96250930
30.99904940
31.03827050
31.07654820
31.11896920
31.15862010
31.19667520
31.27278980
31.31247220
31.34848240
31.38547260
31.42240940
31.46287650
31.50061190
31.53894680
31.57823340
31.61534280
31.65626180
31.69344520
31.73255970
31.77166070
31.81250180
31.84913980
31.88586790
31.92395510
31.95978250
31.99684430
32.03811030
32.07809640
32.11463180
32.15228630
32.19140140
32.22976360
32.27231550
32.31207160
32.34860230
32.38876020
32.42654200
32.46200460
32.50067860
32.58040600
32.61870920
32.65909040
32.69977760
32.77965600
32.81612430
32.85306300
32.89159810
32.92887010
32.96625690
33.00410750
33.04371080
33.08808600
33.12626580
33.16399670
33.20216740
33.24718130
33.28471470
33.32403680
33.36220000
33.40048000
33.43960740
33.47902080
33.52032470
33.55751860
33.59377210
33.63198900
33.67345270
33.71248550
33.75188890
33.78761530
33.82591980
33.86264210
33.90406840
33.94727300
33.98725280
34.02461350
34.06112640
34.09660550
34.13373760
34.17207510
34.21737480
34.25630070
34.29352550
34.33212880
34.37088410
34.41227910
34.44939690
34.48730750
34.52715340
34.56437380
34.60111820
34.63766370
34.67878530
34.71477040
34.75181010
34.78876390
34.82895640
34.86521860
34.90499800
34.94646990
34.98381840
35.02265890
35.05947830
35.09588260
35.13183690
35.17181380
35.21444350
35.25138220
35.29232620
35.32949490
35.36761940
35.41293740
35.44880330
35.48706320
35.52469600
35.56372970
35.60032770
35.63889940
35.67897260
35.71644590
35.75340610
35.79182910
35.83047600
35.86799190
35.90936290
35.94804750
35.98538840
36.02209010
36.05988610
36.09588420
36.13179460
36.16954140
36.21262340
36.24861270
36.28458400
36.32335140
36.36220860
36.40219580
36.44627520
36.48638780
36.52216860
36.55988780
36.59872910
36.63556940
36.67920100
36.71672320
36.75522820
36.79376580
36.83046980
36.86875920
36.90733530
36.94671120
36.98386850
37.01945980
37.05557690
37.09403730
37.13235470
37.17142210
37.21219350
37.24936420
37.28854260
37.32462760
37.36114310
37.40038350
37.44185150
37.48085220
37.51763870
37.55353360
37.59257800
37.63069420
37.66944580
37.71240670
37.74806140
37.78866840
37.82649130
37.86292910
37.90149010
37.94765370
37.98594680
38.02319400
38.06222430
38.10004030
38.17914210
38.21665750
38.25427560
38.29189040
38.32804360
38.36509950
38.40426220
38.44600320
38.48173670
38.52037450
38.55769240
38.59726390
38.63595330
38.67503950
38.71463110
38.75747360
38.79591320
38.83329880
38.87282040
38.91190810
38.94968180
38.99034150
39.02498650
39.06413810
39.10386650
39.18093550
39.21876590
39.25671960
39.29329630
39.33051600
39.36828970
39.40752500
39.44938380
39.48488850
39.52278990
39.55941420
39.59794940
39.63889120
39.67953050
39.71669450
39.75536280
39.79333250
39.82929640
39.86647240
39.90647030
39.94885860
39.98467000
40.02077260
40.05696990
40.09547760
40.13313370
40.17228760
40.21413400
40.25076470
40.29122490
40.32843300
40.36679300
40.40287500
40.44151700
40.48119850
40.52095210
40.55846640
40.59779270
40.63510950
40.67222510
40.70780350
40.74815030
40.78488090
40.82444850
40.85925580
40.89808330
40.93875160
40.98208220
41.01824560
41.05530290
41.09403760
41.13267040
41.17201860
41.21300390
41.24998860
41.28879030
41.32336730
41.35800340
41.39358900
41.43294470
41.47339810
41.51172490
41.54795210
41.58363800
41.62250280
41.65883270
41.69827220
41.73841970
41.78130160
41.81923070
41.85399960
41.89052040
41.92844450
41.96643120
42.00591380
42.04764960
42.08339400
42.11997770
42.15633520
42.19502760
42.23301530
42.27233790
42.31553030
42.35224500
42.38821550
42.42483290
42.46229020
42.50361710
42.54820250
42.58608130
42.62352210
42.66310650
42.70252120
42.74093790
42.77913260
42.82147840
42.85878410
42.89695490
42.93823290
42.97567180
43.01665670
43.05383730
43.09138050
43.12995120
43.16803980
43.20723400
43.24852820
43.28428690
43.31999700
43.35830060
43.39717940
43.43732140
43.47491540
43.51254920
43.55204610
43.58838360
43.62428590
43.66237780
43.69928080
43.74064210
43.78230250
43.81894580
43.85523580
43.89279190
43.93106210
43.97017150
44.00843590
44.05048170
44.08799640
44.12455250
44.16397020
44.20395320
44.24214950
44.28340810
44.32149330
44.35909390
44.39482350
44.43462350
44.47364950
44.51648680
44.55139110
44.58731900
44.62357440
44.65906100
44.69427590
44.73239170
44.77084290
44.80866220
44.84989410
44.88610930
44.92253420
44.96240930
44.99894890
45.03844340
45.07588060
45.11777640
45.15424240
45.19064190
45.22755290
45.26594670
45.30470060
45.34661350
45.38565220
45.42468930
45.46061570
45.49861650
45.53715710
45.57555920
45.62036970
45.65675710
45.69429950
45.73329040
45.77348560
45.81226170
45.85237600
45.88966700
45.92658890
45.96363750
46.00135890
46.04055010
46.08620720
46.12188640
46.15932810
46.19748290
46.23656290
46.27646190
46.31808240
46.35600310
46.39383280
46.43058060
46.46677660
46.50565540
46.54522870
46.58552510
46.62132350
46.65789480
46.69337530
46.73411910
46.77359450
46.81544190
46.85352220
46.89062630
46.92914040
46.96803280
47.00553620
47.04986310
47.07863140
47.12729780
47.16622300
47.20688730
47.24449380
47.28249000
47.32618840
47.36108750
47.40172070
47.44048260
47.48180760
47.52414740
47.55652690
47.59262890
47.62869640
47.66543800
47.70181850
47.74468640
47.78624990
47.82381700
47.86104750
47.89870410
47.93551740
47.97342460
48.01090010
48.05612310
48.09144370
48.12574980
48.16147730
48.19837330
48.23338250
48.27279940
48.31171160
48.35119340
48.38919850
48.42770100
48.46387500
48.49901550
48.53821970
48.57794640
48.61950130
48.65688170
48.69132890
48.72815450
48.76406150
48.80345480
48.84112720
48.87817900
48.91738590
48.95762580
48.99491830
49.03237590
49.06787560
49.11008290
49.14821390
49.18618820
49.22356880
49.26008980
49.29849240
49.37368450
49.41290240
49.44965020
49.48925960
49.52644380
49.56501810
49.60432760
49.64715510
49.68455920
49.72344910
49.76110200
49.80202480
49.84041480
49.87883540
49.91788750
49.94752210
49.99525350
50.03209400
50.07089290
50.11016340
50.14883500
50.19004540
50.22234680
50.25918670
50.29536820
50.33545050
50.37060280
50.40335010
50.44570650
50.48567320
50.52387960
50.56003800
50.59515830
50.63207100
50.71044540
50.74748310
50.78513330
50.82354120
50.86032220
50.89571790
50.93361070
51.00958750
51.04928810
51.08606540
51.12273330
51.15827720
51.19433540
51.23152500
51.27299060
51.31215140
51.34923590
51.38863370
51.42782590
51.46527030
51.49932740
51.53671690
51.57461530
51.61396940
51.65129670
51.68994020
51.72728050
51.76770990
51.80638810
51.84559250
51.88397990
51.92079970
51.95918840
51.99778890
52.03486910
52.07427360
52.11202600
52.14906060
52.18634810
52.22264500
52.26159860
52.30128020
52.34160130
52.37975440
52.41600940
52.45505570
52.49399890
52.53272720
52.56965740
52.61324640
52.65035710
52.68719450
52.72286910
52.76243530
52.80119590
52.87872280
52.91512070
52.95307180
52.99273650
53.02919150
53.10271070
53.14234350
53.18091990
53.22150280
53.25839320
53.29592720
53.33535410
53.37191170
53.41350300
53.45213780
53.49439450
53.53445690
53.57932960
53.61689920
53.65350920
53.69254910
53.73117350
53.77115490
53.80878710
53.84598420
53.88420420
53.92812520
53.96607440
54.00389740
54.04512100
54.08157230
54.11797820
54.15797110
54.19672800
54.23760940
54.27909260
54.31558040
54.35497550
54.39717970
54.43607060
54.48031780
54.51909750
54.55878590
54.59624910
54.67896750
54.71810880
54.75863020
54.79953040
54.87876250
54.91956550
54.95684780
54.99470570
55.03382530
