0.04068290
0.10387930
0.14499380
0.18925100
0.23139890
0.26936250
0.31218530
0.35122290
0.39024720
0.43249960
0.47208830
0.50780790
0.54582220
0.58246680
0.61977830
0.65801740
0.69963040
0.73601950
0.77309670
0.81016450
0.84621330
0.88334320
0.92382880
0.96531760
1.00386370
1.03880690
1.07600870
1.11208420
1.14999510
1.18912920
1.23398580
1.27082800
1.30668740
1.34285230
1.38127420
1.41700230
1.45641390
1.49923720
1.53894830
1.57620460
1.61337140
1.65187790
1.68892180
1.72525870
1.76461190
1.80168460
1.83871120
1.87575550
1.91246920
1.94715750
1.98588890
2.02334770
2.06461880
2.09990430
2.13501800
2.17299760
2.21007920
2.24693370
2.28516180
2.32230520
2.36598340
2.40246050
2.43865850
2.47513980
2.51479490
2.55208960
2.59054230
2.63241110
2.67004370
2.70708470
2.74221610
2.77795380
2.81381040
2.84777450
2.88811630
2.93330540
2.97090350
3.00692350
3.04377780
3.07980320
3.11620950
3.15335260
3.19197700
3.23227400
3.26985130
3.30581890
3.34378710
3.38079640
3.41686610
3.45544690
3.49201320
3.53279770
3.57016750
3.60722510
3.64398170
3.68336410
3.72322800
3.76085030
3.79856100
3.83511650
3.87110630
3.90613450
3.94317090
3.98007590
4.01762240
4.05472150
4.09201120
4.13167800
4.16822450
4.20187010
4.24167900
4.27821520
4.31636740
4.35463180
4.39213960
4.43225270
4.46976480
4.50589910
4.54190600
4.57889710
4.62017590
4.65828730
4.69949490
4.73588510
4.77361050
4.80976590
4.84781360
4.88287040
4.92148860
4.96508940
5.00112270
5.03705050
5.07212820
5.10726240
5.14494320
5.18526210
5.22307440
5.26530440
5.30189670
5.33800330
5.37375110
5.40981810
5.44685830
5.48279280
5.52281930
5.56443090
5.60190360
5.63805180
5.67517600
5.71251880
5.75009610
5.78727700
5.82667710
5.86673560
5.90416840
5.94085420
5.97679580
6.01277100
6.05115880
6.08997120
6.13283410
6.16980510
6.20699390
6.24416210
6.28224200
6.32101820
6.35826840
6.39915580
6.43505850
6.47120280
6.50882490
6.54595490
6.58227000
6.61941710
6.65635270
6.69518730
6.73529350
6.77126700
6.80779830
6.84481820
6.88191370
6.91782560
6.95850980
6.99867000
7.03498590
7.07186390
7.10828350
7.14484300
7.18198430
7.21918270
7.25915850
7.30207470
7.33775870
7.37302210
7.41025900
7.44814300
7.48650050
7.52591510
7.56598900
7.60991140
7.64209470
7.68008290
7.71604900
7.75229530
7.78958170
7.83417720
7.86981410
7.90726040
7.94316640
7.98011290
8.01850460
8.05708250
8.09422730
8.13536590
8.17183150
8.20941070
8.24712310
8.28321020
8.32135660
8.36498910
8.40201870
8.44026040
8.47686710
8.51378230
8.54903030
8.58630900
8.62530560
8.66447700
8.70132010
8.73760070
8.77416180
8.81078460
8.84683320
8.88482440
8.92402510
8.96535400
9.00112000
9.03700980
9.07475930
9.11601910
9.15411390
9.18927560
9.23466920
9.27224850
9.30793890
9.34587420
9.38185770
9.41986500
9.45827380
9.49858930
9.53518530
9.57106800
9.60799430
9.64422450
9.68243720
9.71908010
9.75657550
9.79389660
9.83353150
9.87009480
9.90597190
9.94346220
9.98215190
10.01989710
10.05914220
10.10164130
10.13873430
10.17629440
10.21428140
10.25111290
10.28920150
10.32728210
10.36555160
10.40409140
10.44137970
10.47789020
10.51495110
10.55119260
10.58954210
10.62761110
10.66953220
10.70972250
10.74521710
10.78205720
10.81795600
10.85415120
10.89140380
10.93180710
10.96705730
11.00404500
11.04135870
11.07825140
11.11849360
11.15575430
11.19436340
11.23558840
11.26999580
11.30496200
11.34124410
11.37620130
11.41283760
11.44883130
11.48696450
11.52498280
11.56451710
11.60884410
11.67174940
11.70297200
11.73977570
11.77618650
11.81280310
11.85011920
11.88917970
11.92790190
11.96460030
12.00124960
12.03800570
12.07489240
12.11101480
12.14870230
12.18517810
12.22203380
12.26118110
12.30208370
12.33873650
12.37370520
12.40980650
12.44729760
12.48492380
12.52656410
12.56668570
12.60331900
12.63903850
12.67593930
12.71320220
12.74911020
12.78606880
12.82367600
12.86609630
12.90407710
12.94110170
12.97894970
13.01576950
13.05429470
13.09145420
13.13557750
13.17192810
13.20679630
13.24293250
13.27921800
13.31581100
13.35216300
13.39037590
13.42815710
13.46974610
13.50484300
13.54073730
13.57720020
13.61517990
13.65198510
13.69009620
13.72682430
13.76496670
13.80354610
13.84009940
13.87620460
13.91221450
13.94798450
13.98471140
14.02398680
14.06500490
14.10488110
14.14193690
14.17809080
14.21420170
14.25112300
14.28890700
14.33363590
14.37103350
14.40838970
14.44534910
14.48281600
14.51981280
14.55840740
14.59901950
14.63490390
14.67180590
14.70889700
14.74524500
14.78230700
14.81880050
14.85709490
14.89871920
14.93776040
14.97011810
15.00720590
15.04514810
15.07987280
15.11583840
15.15290570
15.19021200
15.23132380
15.26718080
15.30269500
15.34039190
15.37839270
15.41615310
15.45510450
15.49224490
15.53127660
15.56772300
15.60492700
15.64131700
15.67827790
15.71608160
15.75471500
15.79139500
15.82847270
15.86557140
15.90086930
15.93772420
15.97199160
16.00915680
16.04590000
16.08185910
16.11871740
16.15911150
16.19898710
16.23512020
16.27197340
16.30917930
16.34594690
16.38292890
16.42341650
16.46514870
16.50194320
16.53812020
16.57442720
16.61078690
16.64688640
16.68408190
16.72432340
16.76616980
16.80286960
16.83876340
16.87282940
16.90879240
16.95106380
16.99014480
17.03234270
17.06885050
17.10605860
17.14426430
17.18031940
17.21607890
17.25463590
17.29114360
17.33183910
17.36874830
17.40591350
17.44317080
17.47910460
17.51492100
17.55296630
17.59169730
17.63143660
17.66820230
17.70281810
17.73888090
17.77483820
17.81184970
17.84834980
17.88413510
17.92302180
17.96576290
18.00201790
18.03907450
18.07631560
18.11220550
18.14950860
18.18829690
18.22522540
18.26557610
18.30173570
18.34022370
18.37677800
18.41322890
18.45095100
18.48939140
18.53219270
18.56821850
18.60314610
18.63910760
18.67520520
18.71193550
18.74947770
18.78835410
18.82502960
18.86465600
18.90195950
18.93983070
18.97786300
19.01494200
19.05170840
19.09005860
19.13203280
19.16807340
19.20511400
19.24115450
19.27793900
19.31842480
19.35629760
19.39904880
19.43597880
19.47411300
19.50910390
19.54582700
19.58143040
19.61887620
19.65756390
19.69887460
19.73391690
19.77007600
19.80674520
19.84390230
19.88126730
19.91721240
19.95410530
19.99200550
20.03227620
20.06773100
20.10414570
20.14339910
20.18146570
20.22010830
20.25715910
20.29846730
20.33683920
20.37318910
20.41031320
20.44749170
20.48317390
20.52094820
20.55788400
20.59909590
20.63556250
20.67317160
20.71017630
20.74831510
20.78749410
20.82504790
20.86500940
20.90212150
20.93885460
20.97578650
21.01174960
21.04791760
21.08730980
21.12503020
21.16565100
21.20135740
21.23789150
21.27393290
21.31086890
21.34791160
21.38423480
21.42209270
21.46553810
21.50407110
21.54182770
21.58032990
21.61772680
21.65515620
21.69381280
21.73222470
21.76910510
21.80481890
21.84087870
21.87782540
21.91488990
21.95351030
21.99216390
22.03191070
22.07019960
22.10612850
22.14398350
22.18265420
22.22014110
22.25816770
22.29940810
22.33712280
22.37515490
22.41091660
22.44815590
22.48552210
22.52558200
22.56439490
22.60685460
22.63917260
22.67629500
22.71353330
22.75008700
22.78737310
22.82470890
22.86502220
22.90132830
22.93889450
22.97485490
23.01078430
23.04792690
23.08542220
23.12318630
23.15906560
23.19917840
23.23730960
23.27362830
23.30982100
23.34581170
23.38188280
23.41886350
23.45709510
23.49879700
23.53412620
23.57121880
23.60717680
23.64294000
23.67988860
23.71712240
23.75717300
23.79870730
23.83633630
23.87290570
23.90901780
23.94473780
23.98184910
24.01930710
24.06444520
24.10025670
24.13717620
24.17284150
24.20886790
24.24501170
24.28188470
24.31960190
24.35900890
24.39973540
24.43612760
24.47406970
24.51077770
24.54688180
24.58585780
24.62412400
24.66770150
24.70379150
24.74013650
24.77766470
24.81381660
24.84988280
24.88843780
24.93226600
24.97096700
25.00683030
25.04481710
25.08284390
25.12141090
25.15825650
25.20096410
25.23618060
25.27344680
25.31005740
25.34922110
25.38805800
25.42884490
25.46817800
25.50719930
25.54386970
25.57976560
25.61762180
25.65415460
25.69077740
25.73145300
25.76938560
25.80510290
25.84198600
25.87981410
25.91482380
25.95296220
25.98891040
26.02650640
26.06502030
26.10304290
26.14015200
26.17871330
26.22014940
26.25685340
26.30350020
26.33885780
26.37302690
26.41014270
26.44752710
26.48382390
26.52071100
26.56036330
26.59988820
26.63708580
26.67317270
26.71089490
26.74808050
26.78487100
26.82079200
26.85450180
26.89309470
26.93508040
26.97093860
27.00811060
27.04380940
27.08083060
27.11679250
27.15862990
27.19920100
27.23614570
27.27187340
27.30916740
27.34502310
27.38319660
27.42016970
27.45871270
27.50184390
27.53891700
27.57511150
27.61086180
27.64784600
27.68482880
27.72263240
27.76479080
27.80204150
27.83866390
27.87503990
27.91273200
27.94843730
27.98410510
28.02113550
28.05850490
28.09880470
28.13700140
28.17209020
28.20931540
28.24577050
28.28407250
28.32318610
28.36818030
28.40490920
28.44090040
28.47854200
28.51627810
28.55315620
28.59113880
28.63194500
28.66914740
28.70506830
28.74124330
28.77793110
28.81434330
28.85316770
28.89357410
28.93010880
28.96936600
29.00494560
29.04080920
29.07626080
29.11279870
29.14884680
29.18810810
29.22556070
29.26447460
29.30085920
29.33881310
29.37485520
29.41277250
29.44857280
29.48495280
29.52119720
29.56669920
29.60238980
29.64798010
29.67923600
29.71779650
29.75551500
29.79208940
29.83525270
29.87088100
29.90616460
29.94453500
29.98014470
30.01800450
30.05528100
30.09408640
30.13563960
30.17209560
30.20773650
30.24283010
30.28135740
30.31829730
30.35653360
30.39436660
30.43531440
30.47198350
30.50808000
30.54622480
30.58185510
30.61817060
30.65539380
30.69292340
30.73577140
30.77472210
30.81190680
30.84921650
30.88556890
30.92413040
30.96050220
31.00317690
31.03892110
31.07478270
31.11226360
31.14899320
31.18687100
31.22539950
31.26444900
31.30107150
31.33584630
31.37380840
31.40987480
31.44649290
31.48229390
31.51781250
31.55525810
31.59365170
31.63328490
31.67203370
31.70802590
31.74465760
31.78108290
31.81918500
31.85528530
31.89349170
31.93622280
31.97188010
32.00691920
32.04275590
32.07890400
32.11686040
32.15496890
32.19246120
32.23191150
32.27224950
32.30819660
32.34622270
32.38325060
32.42118290
32.46468150
32.50777160
32.54022220
32.57481530
32.61028730
32.64645360
32.68293050
32.72351500
32.76497910
32.80923540
32.84513560
32.88258120
32.92013470
32.95715560
32.99549750
33.03316290
33.06918070
33.10609410
33.14317240
33.18191010
33.21784210
33.25875490
33.29843090
33.33376080
33.37194340
33.40791990
33.44313590
33.47914750
33.51525980
33.55225760
33.58905300
33.63224640
33.66896310
33.70497780
33.74181140
33.77783920
33.81499730
33.85409640
33.89296230
33.93372500
33.97028290
34.00795830
34.04383910
34.10504840
34.13707220
34.17292950
34.21247250
34.24991390
34.28798940
34.32546360
34.36468470
34.40120950
34.43811490
34.47630020
34.51137700
34.54992990
34.58965030
34.63179440
34.66786220
34.70593110
34.74214240
34.77783290
34.81487900
34.85207440
34.88911240
34.92425130
34.96492380
35.00303300
35.04234210
35.07912130
35.11692350
35.15616300
35.19919170
35.23487050
35.27094450
35.30574440
35.34147480
35.38002830
35.41617600
35.45406380
35.49033010
35.53133450
35.56869190
35.61380610
35.64486230
35.68087740
35.71791930
35.75660690
35.79870940
35.83436060
35.86974830
35.90680390
35.94377700
35.98189520
36.01817940
36.05625970
36.09881940
36.13673230
36.17271370
36.20909220
36.24486670
36.28092050
36.31615850
36.35568870
36.39995910
36.43674230
36.47277050
36.50985630
36.54588790
36.58240940
36.62011770
36.65752920
36.69882740
36.73498570
36.77081440
36.80684300
36.84508480
36.88217570
36.92047160
36.95829800
36.99970220
37.03614340
37.07276240
37.10979480
37.14910520
37.18696260
37.22453470
37.26529750
37.30190880
37.33811480
37.37485530
37.41323830
37.44958720
37.48943190
37.52546990
37.56405340
37.59906290
37.63517950
37.67196520
37.71086100
37.74818960
37.78616660
37.82410470
37.86507340
37.90208310
37.93812020
37.97412530
38.01119250
38.04815520
38.08517110
38.12436610
38.16638150
38.20202790
38.23894770
38.27488410
38.31185240
38.35157510
38.39019680
38.43333960
38.47129910
38.50853660
38.54395750
38.58034240
38.61790620
38.65699990
38.70026750
38.73594310
38.77074750
38.80583580
38.84273850
38.88229230
38.91984200
38.95913970
38.99979620
39.03438340
39.07115160
39.10714720
39.14420750
39.18131770
39.21736120
39.25463500
39.29307900
39.33234600
39.36918000
39.40876300
39.44682270
39.48180440
39.51924850
39.55715140
39.59869560
39.63605590
39.67319270
39.71044870
39.74711130
39.78392900
39.82243520
39.85945760
39.89994630
39.93610330
39.97411440
40.01117770
40.05163450
40.08845250
40.12410290
40.16471470
40.20049250
40.23654510
40.27259500
40.30935570
40.34906780
40.38505040
40.42362330
40.46492700
40.50178110
40.53744300
40.57367760
40.61058490
40.64895960
40.68584950
40.72466790
40.76514930
40.80835910
40.83732910
40.87325410
40.91063200
40.94836930
40.98549190
41.02484630
41.06460020
41.10737540
41.13969930
41.17792730
41.21672690
41.25369240
41.29069810
41.33235820
41.36871060
41.40648890
41.44253580
41.47841750
41.51442840
41.55261780
41.59063240
41.62658350
41.66625750
41.70245340
41.73773100
41.77580130
41.81235170
41.84938310
41.88536380
41.92342310
41.96614940
42.00368190
42.04138970
42.07784520
42.11387510
42.15100200
42.18970630
42.22849750
42.26575300
42.30156590
42.33840530
42.37545340
42.41141920
42.44760060
42.48547460
42.52353780
42.56451100
42.60073780
42.63669950
42.67444930
42.71071720
42.74846640
42.78539100
42.82168090
42.85825040
42.89878300
42.93559740
42.97207220
43.00937990
43.04550340
43.08232150
43.12125600
43.15968610
43.20036310
43.23747660
43.27283860
43.30938270
43.34738650
43.38539340
43.42493630
43.46482610
43.50270830
43.53857270
43.57678820
43.61623600
43.65485160
43.69369720
43.73337910
43.76849670
43.80436800
43.84135830
43.87830660
43.91437250
43.95035430
43.98669030
44.02420190
44.06429520
44.10153360
44.13735720
44.17341560
44.20963040
44.24665900
44.28282360
44.31875690
44.35689740
44.39856620
44.43442360
44.47167590
44.50756570
44.54345330
44.58199340
44.61976870
44.66081750
44.70238320
44.73944330
44.77640840
44.81235120
44.84772060
44.88446500
44.92202680
44.96543440
45.00249220
45.03946720
45.07566920
45.11148470
45.14975590
45.18666990
45.22322580
45.26030900
45.30371870
45.33898440
45.37745680
45.41535220
45.45238310
45.49113430
45.53149520
45.57054830
45.60754640
45.64478460
45.68176940
45.71870010
45.75586370
45.79331850
45.83482180
45.87222790
45.90969040
45.94641210
45.98238600
46.02093710
46.05771760
46.10198140
46.13937740
46.17828270
46.21472760
46.25265250
46.29006550
46.32842660
46.36775960
46.40467670
46.44183490
46.47932710
46.51537870
46.55174520
46.58868490
46.62831730
46.66833180
46.70440300
46.74262740
46.77993960
46.81536700
46.85273810
46.89241970
46.93566860
46.97237760
47.00836490
47.04584260
47.08468830
47.12167790
47.15806290
47.19591100
47.23502860
47.27267480
47.30942880
47.34639350
47.38246910
47.41942810
47.45769750
47.49872310
47.53574650
47.57458850
47.60978010
47.64642790
47.68455810
47.72387700
47.76704210
47.80530810
47.84184330
47.87946890
47.91634460
47.95344580
47.99152940
48.03296770
48.06730400
48.10337630
48.14154790
48.17807100
48.21479110
48.25135950
48.29221860
48.33363440
48.37079200
48.40733380
48.44464000
48.48269240
48.51870580
48.56030050
48.60055310
48.63735220
48.67336630
48.70934520
48.74733340
48.78547950
48.82170310
48.86063180
48.90160810
48.94054280
48.97534940
49.01168100
49.04927030
49.08692280
49.12374540
49.16283370
49.20209620
49.23754630
49.27239800
49.30933660
49.34567320
49.38049180
49.41658830
49.45631320
49.49324790
49.53253240
49.56835270
49.60541180
49.64156800
49.67858230
49.71485720
49.75062420
49.78727460
49.82532730
49.86553530
49.90354450
49.94554890
49.98263230
50.01972520
50.05944650
50.10044570
50.13723940
50.17421060
50.21041770
50.24752070
50.28336810
50.31943960
50.35714700
50.39904970
50.43553230
50.47164220
50.50985590
50.54744980
50.58505460
50.62168000
50.66032990
50.70320100
50.73868480
50.77459290
50.81242090
50.84955230
50.88732870
50.92405330
50.96439340
51.00085430
51.03866000
51.07473680
51.11160190
51.14806730
51.18361650
51.21864880
51.25485220
51.29891980
51.33683930
51.37382360
51.41185140
51.44773090
51.48428280
51.52361160
51.56405730
51.60070870
51.63938480
51.67672310
51.71368430
51.74971070
51.78631440
51.82509380
51.86512320
51.90068370
51.93661480
51.97374900
52.01087280
52.04840640
52.08682330
52.12483820
52.16511830
52.20244590
52.24539990
52.27549420
52.31257390
52.34896500
52.38899010
52.42598000
52.46485350
52.50091400
52.53770430
52.57517470
52.61192160
52.64942780
52.68812380
52.72499570
52.76526790
52.80300210
52.84028220
52.87648640
52.91271760
52.94944150
52.98774560
53.02647760
53.06478320
53.10304720
53.13933040
53.17565550
53.21181120
53.24958780
53.28645280
53.33240360
53.36820570
53.40545860
53.44271280
53.47842420
53.51551930
53.55241920
53.59101650
53.63154850
53.66831490
53.70734200
53.74476280
53.78155200
53.81933880
53.85953130
53.89850580
53.93374790
53.96961660
54.00657670
54.04486370
54.08288980
54.12357350
54.16634120
54.20445500
54.24172070
54.27841880
54.31444020
54.35241820
54.38767300
54.42569440
54.46411620
54.50144710
54.53985830
54.57767680
54.61440830
54.65412930
54.69324470
54.73336970
54.77149150
