0.04699370
0.11386930
0.15601470
0.19651910
0.23718150
0.27728160
0.31615840
0.35507340
0.39473470
0.43371940
0.47560010
0.51386220
0.55237680
0.58805260
0.62725790
0.66431940
0.71066920
0.74789040
0.78467100
0.82100200
0.86251000
0.90183610
0.94223120
0.97937560
1.01988410
1.05522890
1.09439210
1.13405570
1.17779870
1.21500080
1.25307830
1.29328300
1.33473420
1.37604790
1.41530300
1.45244670
1.49229540
1.53137870
1.57715790
1.61521820
1.65216090
1.69051500
1.72842900
1.76680880
1.80282720
1.84590660
1.88309150
1.91991110
1.95896350
1.99630060
2.03612860
2.06991560
2.11295530
2.14847360
2.18607790
2.22058070
2.25970570
2.29929570
2.33625640
2.37762600
2.41311970
2.45007940
2.48794780
2.52549170
2.56196360
2.60165250
2.64534710
2.68186320
2.71709970
2.75364360
2.79265480
2.83473440
2.87616340
2.91259390
2.95113660
2.98989330
3.02830900
3.06765410
3.10590620
3.14536860
3.18389340
3.21893070
3.25359910
3.29327940
3.33055590
3.36815600
3.40966660
3.44599200
3.48399210
3.52157910
3.55875050
3.59701650
3.63624190
3.67845740
3.71441760
3.75264840
3.79273080
3.83483810
3.87844000
3.91547110
3.95490950
3.99167710
4.02831030
4.06641580
4.10596450
4.14608040
4.18324800
4.22029830
4.25691700
4.29520650
4.33314530
4.37485860
4.41161550
4.44916140
4.48699520
4.52557660
4.56208850
4.60185760
4.64347550
4.67985120
4.71718640
4.75306370
4.79173880
4.83056980
4.87103980
4.91331040
4.95069200
4.98876670
5.02679110
5.06671590
5.11023380
5.14775450
5.18581160
5.22334290
5.26314110
5.30083610
5.34307980
5.37937260
5.41659510
5.45359170
5.49266590
5.53173380
5.56927250
5.60883900
5.64505400
5.68237480
5.72211520
5.75889150
5.79929940
5.84297800
5.88230280
5.92050430
5.95663060
5.99359160
6.03500550
6.07589060
6.11184300
6.14793560
6.18484020
6.22009500
6.25607990
6.29268740
6.32994170
6.36893130
6.41075000
6.44803130
6.48510810
6.52154940
6.55879090
6.59713800
6.64241860
6.68134750
6.71906580
6.75572870
6.79181940
6.83016350
6.86830400
6.90731400
6.94799900
6.98513620
7.02000170
7.05793020
7.09628940
7.13338760
7.17468490
7.21248350
7.24989260
7.28797360
7.32570380
7.36317860
7.40036340
7.44278780
7.48044120
7.51682880
7.55383930
7.58998250
7.62672830
7.66428060
7.70141740
7.73825000
7.78080710
7.81872800
7.85592380
7.89082110
7.92689150
7.96458040
8.00330700
8.04567830
8.08351610
8.11972460
8.16104790
8.20149150
8.24298160
8.28148010
8.31837390
8.35295250
8.38912010
8.42763080
8.46633030
8.50622160
8.54746280
8.58488710
8.62325460
8.66060360
8.69896680
8.73749130
8.77929580
8.81680810
8.85311220
8.88915760
8.92688880
8.96658860
9.00699650
9.04723020
9.08422510
9.12098320
9.15585990
9.19144500
9.22708680
9.26542220
9.30449230
9.34817580
9.38515270
9.42303500
9.45990890
9.50056610
9.53970280
9.58193880
9.61943250
9.65604960
9.69501860
9.72994090
9.77014050
9.80815520
9.84802820
9.88396910
9.91909640
9.95499930
9.99096560
10.02566790
10.06434670
10.10271640
10.14020480
10.18072280
10.21918870
10.25807370
10.29490570
10.33458230
10.37315790
10.41442970
10.45116500
10.48606890
10.52192530
10.55859290
10.59596500
10.63412950
10.67311490
10.71161260
10.74897590
10.78781660
10.82582050
10.86429640
10.90298020
10.94199770
10.97725020
11.01645130
11.05374620
11.09171430
11.13134620
11.16961740
11.20997800
11.24780560
11.28746520
11.32573450
11.36525010
11.40396260
11.44205070
11.47995240
11.51893080
11.55498080
11.59052440
11.62871520
11.67553420
11.71301960
11.75114690
11.78988700
11.82994070
11.87091830
11.91010330
11.94692590
11.98681690
12.02603260
12.06442100
12.10392780
12.14544610
12.18205500
12.21953460
12.25837610
12.29992800
12.33784210
12.37647810
12.41480710
12.45063870
12.48792230
12.52406560
12.56189670
12.59895260
12.63724640
12.67636950
12.71484040
12.75292330
12.78935210
12.82740010
12.86439790
12.90067150
12.93910070
12.98285050
13.02063040
13.05884280
13.09695210
13.13445040
13.17529180
13.21099500
13.24686610
13.28672480
13.32502610
13.36299190
13.40263440
13.44183320
13.47895960
13.51924660
13.55637040
13.59270810
13.63187060
13.66911640
13.70918530
13.74599380
13.78376780
13.82159800
13.85890280
13.89777200
13.93565550
13.97525370
14.01388390
14.05431760
14.09260530
14.12970460
14.16800340
14.21110560
14.24785540
14.28504670
14.32188450
14.36007180
14.39907110
14.44197770
14.47889030
14.51967870
14.55687770
14.59376260
14.63100280
14.66936220
14.70975010
14.74591500
14.78430610
14.82371600
14.86112010
14.90037220
14.93749930
14.98011790
15.01573230
15.05207760
15.09008870
15.12637880
15.18265890
15.22439040
15.25605110
15.29412790
15.33116820
15.37555770
15.42236550
15.45494050
15.49277740
15.53093630
15.56765320
15.60916460
15.65574600
15.68877450
15.72506480
15.76102600
15.80093820
15.83623430
15.87517620
15.91200710
15.95087270
15.98811130
16.02618620
16.06653510
16.10306380
16.14314860
16.18091810
16.21686720
16.25614660
16.29569700
16.33479170
16.37495500
16.41293310
16.45140110
16.48986550
16.52876530
16.56719660
16.61067340
16.64897350
16.68803050
16.72746570
16.76924960
16.80953430
16.84596510
16.88312950
16.91994820
16.96027930
16.99863920
17.04217860
17.07835530
17.11509590
17.15310290
17.19055530
17.22859590
17.26908350
17.31095090
17.34961790
17.38785500
17.42387550
17.45993960
17.50325490
17.54325530
17.57758980
17.61474810
17.65214330
17.69189130
17.72981180
17.76688360
17.80283680
17.84437770
17.88381010
17.92265200
17.96091980
18.00329090
18.04324590
18.07949200
18.11479360
18.15576630
18.19371060
18.23535530
18.27563850
18.31378880
18.35115410
18.38969360
18.42882790
18.47653940
18.51292420
18.55116410
18.58826230
18.62772290
18.66723770
18.71089140
18.75265580
18.79171040
18.82983770
18.86794720
18.90958770
18.94685000
18.98285260
19.01990280
19.05587120
19.09601870
19.13805400
19.17747750
19.21603100
19.25602550
19.29526140
19.33506810
19.38079650
19.41796540
19.45612500
19.49600430
19.53592640
19.57534580
19.62077180
19.65634880
19.69461150
19.73552450
19.77758300
19.81518360
19.85197290
19.88996410
19.92715920
19.96563730
20.00963760
20.04720900
20.08376410
20.12293620
20.16248950
20.20931160
20.24820980
20.28990460
20.32882920
20.36760920
20.41419930
20.45139700
20.48861180
20.52786600
20.56758630
20.60891030
20.64504310
20.68262960
20.71971110
20.75742320
20.79495470
20.83377480
20.87554990
20.91433310
20.95151250
20.98957350
21.02788850
21.06719250
21.10938840
21.14648360
21.18226960
21.21949740
21.25551700
21.29357600
21.33001390
21.36779910
21.40993360
21.44761270
21.48373340
21.52078290
21.55867510
21.60076920
21.64253540
21.68283470
21.72250470
21.76173460
21.80048370
21.84205620
21.87888720
21.91627800
21.95528480
21.99252560
22.03332260
22.07525630
22.11196590
22.14862000
22.18419400
22.22274560
22.25838480
22.29953330
22.34193160
22.38121390
22.41863030
22.45560530
22.49375590
22.53626750
22.57496000
22.61277140
22.64980000
22.68778560
22.72541780
22.76532790
22.80170630
22.84450890
22.88240920
22.91950950
22.95774980
22.99878420
23.03697250
23.07487970
23.11293380
23.15016500
23.18753110
23.22555710
23.26284680
23.30174820
23.33857020
23.37629090
23.41351890
23.44858020
23.48368190
23.52295140
23.55846610
23.59806520
23.63760920
23.68075450
23.71681590
23.75654340
23.79676210
23.83561670
23.87170970
23.91204760
23.94975430
23.98567560
24.02292230
24.06122070
24.09968730
24.13963100
24.18055910
24.21955390
24.25842970
24.29806950
24.33736920
24.37760880
24.41404140
24.45067100
24.48674460
24.52421040
24.56330890
24.60095310
24.64288720
24.68275420
24.71913120
24.75616220
24.79232480
24.83183290
24.86890070
24.91018230
24.94830790
24.98377800
25.02117970
25.05898260
25.09973750
25.13832130
25.18127190
25.21797900
25.25556170
25.29380630
25.33133350
25.36895770
25.40695910
25.44652230
25.48317490
25.52047750
25.55820760
25.59683490
25.63486090
25.68187800
25.72007190
25.75534900
25.79157460
25.83010800
25.86735460
25.90932530
25.94692460
25.98408960
26.02071520
26.05969660
26.09893840
26.14026690
26.18017830
26.22143870
26.25287610
26.29022540
26.32971550
26.36789660
26.40135130
26.43953440
26.48204260
26.52075890
26.55846190
26.59667650
26.63601380
26.68012320
26.71714220
26.75372090
26.78958290
26.82663720
26.86421080
26.90483580
26.94250010
26.98190540
27.02062900
27.05822030
27.09553060
27.13440730
27.17202180
27.21378380
27.24981950
27.28603770
27.32758290
27.36753930
27.40627700
27.44805900
27.48596280
27.52260380
27.56067080
27.60087450
27.64278160
27.68180000
27.71896010
27.75526260
27.79180550
27.82897700
27.86693580
27.90954180
27.94659010
27.98534490
28.02424060
28.06173220
28.10057610
28.14341890
28.17972990
28.21203680
28.25065070
28.28833520
28.32458380
28.36548680
28.40374760
28.44233620
28.48090370
28.51948620
28.55737720
28.59550460
28.63285910
28.67521070
28.71152610
28.75067310
28.78649810
28.82441810
28.86038450
28.89866440
28.93460910
28.97485860
29.01053970
29.04639590
29.08545310
29.12211790
29.16010330
29.19713630
29.24303930
29.28250690
29.31953800
29.35720640
29.39396060
29.43248090
29.46861210
29.50899720
29.54692360
29.58431610
29.62073210
29.65704040
29.69413170
29.73626240
29.77769490
29.81557850
29.85302350
29.88932230
29.92646860
29.96431640
30.00294010
30.04204490
30.08116490
30.11882770
30.15693340
30.19615980
30.23564470
30.27712970
30.31449520
30.35321070
30.39047430
30.42678230
30.46557420
30.50258810
30.54260110
30.58109170
30.61842050
30.65444220
30.69005880
30.72815750
30.76811960
30.80893180
30.84529110
30.88347480
30.91937940
30.95880370
30.99546940
31.03446190
31.07198110
31.11529250
31.15509450
31.19312210
31.23245100
31.26894190
31.30909850
31.34507790
31.38135740
31.41883540
31.45627310
31.49626380
31.53479790
31.57521440
31.61195800
31.65257370
31.68879330
31.72840530
31.76647060
31.80932370
31.84601120
31.88203480
31.92000230
31.95615300
31.99331550
32.03353870
32.07495660
32.11143770
32.14836290
32.18687790
32.22521750
32.26783030
32.30896980
32.34511150
32.38404640
32.42283630
32.45870780
32.49637190
32.53348250
32.57684690
32.61512260
32.65486610
32.69540100
32.73489270
32.77643270
32.81271770
32.84933700
32.88770630
32.92449030
32.96255260
32.99969940
33.03963910
33.08398070
33.12285060
33.16042570
33.19761090
33.24351510
33.28145000
33.31968600
33.35894730
33.39670730
33.43532800
33.47505730
33.51643860
33.55345520
33.59032190
33.62857190
33.66844850
33.70851740
33.74886490
33.78419700
33.82265390
33.85920830
33.90013530
33.94379060
33.98343090
34.02087580
34.05736180
34.09329990
34.12931650
34.16672360
34.21347960
34.25215720
34.28964360
34.32860840
34.36699270
34.40922130
34.44628400
34.48334290
34.52221600
34.56022590
34.59717470
34.63346980
34.67565340
34.71162160
34.74863930
34.78436780
34.82561740
34.86132060
34.90128940
34.94293750
34.98034580
35.01874820
35.05552350
35.09246520
35.12837750
35.16715420
35.21080720
35.24819970
35.28755770
35.32597270
35.36375890
35.40941100
35.44533400
35.48323410
35.52036990
35.55989660
35.59719290
35.63461970
35.67582240
35.71330390
35.75003910
35.78714380
35.82691550
35.86338600
35.90460680
35.94470610
35.98213960
36.01872210
36.05567830
36.09235210
36.12825150
36.16542750
36.20931820
36.24546610
36.28137870
36.31942570
36.35840870
36.39746950
36.44226290
36.48223260
36.51846640
36.55561030
36.59540140
36.63084560
36.67588120
36.71348290
36.75194210
36.78975590
36.82686390
36.86465000
36.90269740
36.94327160
36.98026620
37.01619390
37.05214020
37.08942560
37.12827110
37.16753030
37.20879430
37.24603920
37.28471660
37.32037960
37.35694360
37.39642040
37.43656370
37.47738870
37.51424240
37.55006110
37.58824720
37.62674030
37.66545720
37.70889260
37.74471180
37.78036130
37.82234750
37.85955310
37.89721520
37.94448630
37.98271430
38.01917870
38.05768590
38.09563920
38.13594970
38.17557090
38.21291340
38.25068370
38.28790640
38.32465390
38.36147950
38.39980980
38.44244600
38.47831180
38.51656030
38.55356370
38.59288960
38.63151950
38.67056660
38.71073660
38.75367840
38.79201080
38.82940900
38.86854810
38.90601750
38.94616370
38.98680180
39.02145120
39.06036100
39.09988700
39.13754150
39.17708570
39.21562260
39.25324200
39.28947940
39.32661850
39.36378800
39.40347780
39.44622490
39.48142980
39.51937910
39.55579500
39.59430940
39.63507120
39.67638770
39.71296170
39.75198420
39.78936040
39.82547130
39.86168880
39.90251800
39.94580710
39.98145640
40.01742950
40.05344900
40.09083070
40.12880940
40.16825790
40.21067710
40.24712240
40.28773080
40.32383890
40.36204760
40.39842910
40.43747200
40.47760130
40.51566150
40.55487080
40.59381430
40.63127280
40.66839950
40.70396590
40.74442020
40.78145910
40.82105600
40.85583270
40.89416850
40.93443020
40.97778340
41.01480240
41.05209040
41.08972630
41.12859130
41.16820870
41.20805600
41.24645020
41.28533990
41.31998860
41.35472710
41.39015750
41.42830080
41.46939360
41.50725930
41.54463560
41.58016640
41.61906630
41.65516370
41.69376800
41.73398270
41.77755460
41.81604850
41.85078990
41.88720120
41.92501540
41.96224170
42.00174130
42.04384740
42.07991840
42.11633950
42.15303460
42.19106540
42.22918720
42.26847190
42.31201440
42.34862880
42.38490660
42.42106360
42.45888000
42.49957190
42.54396270
42.58288040
42.61828910
42.65949930
42.69841780
42.73714070
42.77456090
42.81786180
42.85566870
42.89305470
42.93370340
42.97158410
43.01301210
43.05044490
43.08791780
43.12608960
43.16390120
43.20340930
43.24462870
43.28100540
43.31645120
43.35478320
43.39361200
43.43365610
43.47119840
43.50797930
43.54832990
43.58499880
43.62081260
43.65896160
43.69502490
43.73646960
43.77852820
43.81543490
43.85183630
43.88944080
43.92723390
43.96524600
44.00446750
44.04535510
44.08467990
44.12126400
44.15917680
44.19968080
44.23807050
44.27930880
44.31775290
44.35528330
44.39117410
44.42990540
44.46950860
44.51279820
44.54798140
44.58378410
44.62022290
44.65598250
44.69090320
44.72804040
44.76696700
44.80494640
44.84626700
44.88295580
44.91862020
44.95898280
44.99496180
45.03435880
45.07173540
45.11419000
45.15054370
45.18716720
45.22407950
45.26161880
45.30087990
45.34300220
45.38134330
45.42097290
45.45704310
45.49500520
45.53343680
45.57157070
45.61662000
45.65330940
45.69111530
45.72917340
45.76872060
45.80821490
45.84881230
45.88602590
45.92301400
45.96007270
45.99685550
46.03606540
46.08261060
46.11840390
46.15615410
46.19388950
46.23253460
46.27270280
46.31404320
46.35274850
46.38993430
46.42736260
46.46311810
46.50206100
46.54097010
46.58190780
46.61776110
46.65481330
46.68999810
46.72906730
46.76877860
46.81191200
46.84997990
46.88731820
46.92538880
46.96298720
47.00093120
47.04632790
47.08993010
47.12384600
47.16132260
47.20146460
47.24037690
47.27926500
47.32402230
47.35708710
47.39688750
47.43692290
47.47842650
47.52167610
47.55312970
47.58915460
47.62560270
47.66209850
47.69806940
47.74065950
47.78213030
47.82047580
47.85782110
47.89542870
47.93183140
47.96922880
48.00714320
48.05268180
48.08799270
48.12261900
48.15740050
48.19495720
48.23005160
48.26847910
48.30789680
48.34762700
48.38568450
48.42402910
48.46042880
48.49592600
48.53403060
48.57406870
48.61541890
48.65363500
48.68807890
48.72479400
48.76085420
48.79973630
48.83690970
48.87424590
48.91288190
48.95416050
48.99128330
49.02907730
49.06402350
49.10573890
49.14413690
49.18197740
49.21954200
49.25660130
49.29406510
49.33302100
49.36973110
49.40913230
49.44527880
49.48524650
49.52257570
49.56120780
49.59930480
49.64361130
49.68124410
49.71919100
49.75779610
49.79738060
49.83649870
49.87549230
49.91426630
49.95963770
49.99212090
50.02892700
50.06690390
50.10591210
50.14504720
50.18781240
50.21874900
50.25593000
50.29213010
50.33114790
50.36767700
50.39949480
50.44240600
50.48214170
50.52020570
50.55677670
50.59189320
50.62781580
50.66733930
50.70665420
50.74369800
50.78197570
50.81978890
50.85704310
50.89229260
50.92914010
50.96999250
51.00440110
51.04601210
51.08165770
51.11891180
51.15416640
51.19103830
51.22789560
51.26857500
51.30875290
51.34592020
51.38403680
51.42410170
51.46106830
51.49595090
51.53300110
51.57034620
51.60988270
51.64752400
51.68616100
51.72376000
51.76270890
51.80175820
51.84233020
51.88058800
51.91692770
51.95511820
51.99416520
52.03075940
52.06935810
52.10895130
52.14593560
52.18290700
52.21901770
52.25841120
52.29703710
52.33733030
52.37624950
52.41285920
52.45098610
52.49040690
52.52871780
52.56584940
52.61013030
52.64730310
52.68386400
52.71886530
52.75837520
52.79708930
52.83465120
52.87533780
52.91175680
52.94909980
52.98871320
53.02525900
53.06374940
53.09896240
53.13619570
53.17751310
53.21804750
53.25444950
53.29257160
53.33111120
53.36763090
53.40991750
53.44822080
53.49046270
53.53057110
53.57556140
53.61355550
53.65012400
53.68806900
53.72658810
53.76737460
53.80422290
53.84246870
53.88065180
53.92029200
53.96175190
54.00007860
54.04190750
54.07819720
54.11462650
54.15416640
54.19268450
54.23369870
54.27574360
54.31210110
54.35094090
54.39369010
54.43198620
54.47694630
54.51442530
54.55412660
54.59244130
54.62996520
54.67543310
54.71424090
54.75405740
54.79329920
54.83558360
54.87520880
54.91624800
54.95242170
54.99078940
55.02949700
