0.04265950
0.11348070
0.15865440
0.20116680
0.24123830
0.27987870
0.32178840
0.36236160
0.39954800
0.44390870
0.47844200
0.51477170
0.55418660
0.59553460
0.63343510
0.66986210
0.70889140
0.74846340
0.78937810
0.82874580
0.86486940
0.89892640
0.94052780
0.97872620
1.01942050
1.05781980
1.09952190
1.13831500
1.17687600
1.21491260
1.25132890
1.28996540
1.32946050
1.36430500
1.40102740
1.43725090
1.47685600
1.51365430
1.55465000
1.59615300
1.63253250
1.66745800
1.70673490
1.74326790
1.78165310
1.81940810
1.85710080
1.89596380
1.93408070
1.97045000
2.00933820
2.04649170
2.09051850
2.13108380
2.16667380
2.20416920
2.24366390
2.28228010
2.32164370
2.36256040
2.39968830
2.43404120
2.47268250
2.51015030
2.54596000
2.58699740
2.63091270
2.66592460
2.70125930
2.73783360
2.77649130
2.81462330
2.85330710
2.89122770
2.92996870
2.96682280
3.00425040
3.03995980
3.07903210
3.11636190
3.15613440
3.19737930
3.23328670
3.27025990
3.31003640
3.34652330
3.38658510
3.42298020
3.46238740
3.49851490
3.53443190
3.57182040
3.60715720
3.64700510
3.68542850
3.76361070
3.80029150
3.83950190
3.87579050
3.91093490
3.94627630
3.98491740
4.06346340
4.10123990
4.13625810
4.17237290
4.20966210
4.24535100
4.28492900
4.32219890
4.36357860
4.40251320
4.43885460
4.47747900
4.51462300
4.55157690
4.63055730
4.66767410
4.70272090
4.74021400
4.77755220
4.81592590
4.85613270
4.89669960
4.93174350
4.97174360
5.00948350
5.04786170
5.09008370
5.13120380
5.16736930
5.20568790
5.24460170
5.28234780
5.32076900
5.36275830
5.39889610
5.43842380
5.47516170
5.51206010
5.54765520
5.58677730
5.62603140
5.66671200
5.70429050
5.74166130
5.77977610
5.81949110
5.89584410
5.93577570
5.97223700
6.00911780
6.04450460
6.08057070
6.11838550
6.19672760
6.23512300
6.27263320
6.31054120
6.34709520
6.38233330
6.41923460
6.45558240
6.49633070
6.52893350
6.57557700
6.61167860
6.64909310
6.68731390
6.72373750
6.76272460
6.80010970
6.83450410
6.86902040
6.90589670
6.94187190
6.97895420
7.01452840
7.05167890
7.09619640
7.13199250
7.16935300
7.20566080
7.24243090
7.27879150
7.31919770
7.35601360
7.39550290
7.43152840
7.47103240
7.50704310
7.54270710
7.57962860
7.61974690
7.65856950
7.69832680
7.73927540
7.77855030
7.81662630
7.88904960
7.93006270
7.96549810
8.00248630
8.03839970
8.07360340
8.10920090
8.14893420
8.18790780
8.22960350
8.26576300
8.30054220
8.33430230
8.37267890
8.40879290
8.44522090
8.48167810
8.52022360
8.55843880
8.59767090
8.63363730
8.66948000
8.70413170
8.73956630
8.77387670
8.81216760
8.84797410
8.88516550
8.96221620
8.99885750
9.03643500
9.07351420
9.10953530
9.14590670
9.18355920
9.22431520
9.26722380
9.30422380
9.34223210
9.37801110
9.41430760
9.48576880
9.52120090
9.56224720
9.59973010
9.63976730
9.67349030
9.70939300
9.74828300
9.78763240
9.82985690
9.86805010
9.93764140
9.97498070
10.01172680
10.04965270
10.08822960
10.12704360
10.16580520
10.20219430
10.23924560
10.27460880
10.31202520
10.35156050
10.39010340
10.42641620
10.46776880
10.50518100
10.54265050
10.58060740
10.62180650
10.66060650
10.70068970
10.73724910
10.77392300
10.81153980
10.85205020
10.89059200
10.92826060
10.96903500
11.00444770
11.04092650
11.07844300
11.11623200
11.15590410
11.19424180
11.23299840
11.26936150
11.30554020
11.34044770
11.37985080
11.41908580
11.45547230
11.49226870
11.53612980
11.57305570
11.60936160
11.64586780
11.68357960
11.72029510
11.75886670
11.80359130
11.83864600
11.87440260
11.91084030
11.94655690
11.98964500
12.02794880
12.06757800
12.10442250
12.14178330
12.17896960
12.21967620
12.25780410
12.29898080
12.33746900
12.37346920
12.40846180
12.44417660
12.48065020
12.51962060
12.59529170
12.63352370
12.67233840
12.71045190
12.74534770
12.78324310
12.82047940
12.85758710
12.89553670
12.93356940
12.97402230
13.01003200
13.04804400
13.08386280
13.12343050
13.16455290
13.20644690
13.24866750
13.29082430
13.33834300
13.37769140
13.41899150
13.46584330
13.50772100
13.54850490
13.58821110
13.63096950
13.67145970
13.71160570
13.74760530
13.79073740
13.83253580
13.87395320
13.91531440
13.95627160
13.99774420
14.03483470
14.07254710
14.10932860
14.14749960
14.18465070
14.22204860
14.26156650
14.30113730
14.34134930
14.37978390
14.41673680
14.45651630
14.49509820
14.54016000
14.57626630
14.61188840
14.65229100
14.69761010
14.73696390
14.77339380
14.81220290
14.85142750
14.88835890
14.92399770
14.96049850
14.99669300
15.03874060
15.07450560
15.11074070
15.14832460
15.18864030
15.22804190
15.27298110
15.31047080
15.34790720
15.38638900
15.42546680
15.46380040
15.50436910
15.54204850
15.58115890
15.61890030
15.69573930
15.73360540
15.77085800
15.80921330
15.84856770
15.88911440
15.92546100
15.96250520
15.99805460
16.03304830
16.07009580
16.10789000
16.18120400
16.25694290
16.29738430
16.33484670
16.37335670
16.41083390
16.45192360
16.49133400
16.56549860
16.60847090
16.64304910
16.68028440
16.71846200
16.75614700
16.79915740
16.83833100
16.87474950
16.90923890
16.94538020
16.98286270
17.01749060
17.05727550
17.09471940
17.13077520
17.17075340
17.20637360
17.24240590
17.27745230
17.31218370
17.34825930
17.38727810
17.42498330
17.46231650
17.49847570
17.53597320
17.57291340
17.60987550
17.64778990
17.68703450
17.72426670
17.76196960
17.79703300
17.83178440
17.86677270
17.90296060
17.93999690
17.97604850
18.01096620
18.03955220
18.04676250
18.09588560
18.13227340
18.17019190
18.20652710
18.24101610
18.27872180
18.31298200
18.34968590
18.38812110
18.42907280
18.46531770
18.50287100
18.54033840
18.57598770
18.61251370
18.65043450
18.68795100
18.76216460
18.79782620
18.83385550
18.87112570
18.90811660
18.94362050
18.98035530
19.01878750
19.05608840
19.09456240
19.13045530
19.16806160
19.20469460
19.24106460
19.27718880
19.31801510
19.35767760
19.39556020
19.43256120
19.46882270
19.50480010
19.54214760
19.58358730
19.62039150
19.65686780
19.69488090
19.73078940
19.76757010
19.80426610
19.84083280
19.87587190
19.91199960
19.94862490
20.02521490
20.06283520
20.10461770
20.14600140
20.18380590
20.22022370
20.25835350
20.29638230
20.33164430
20.36772160
20.40511190
20.44103490
20.47812910
20.51517520
20.55473860
20.59592720
20.63151370
20.66887820
20.70712990
20.74427640
20.78089180
20.81896490
20.85895240
20.89633990
20.93241880
20.96729010
21.00224410
21.03739250
21.07264070
21.10912400
21.14505320
21.17968300
21.21840650
21.28934740
21.33042710
21.36832640
21.40461980
21.44169360
21.47864330
21.51927950
21.55848550
21.59607660
21.63190190
21.66890770
21.70540050
21.74213750
21.77772730
21.81343050
21.85162160
21.93070110
21.96547450
22.00205970
22.03745750
22.07418420
22.10988830
22.14979780
22.18761500
22.22974740
22.26781400
22.30399450
22.34103850
22.38447030
22.42339840
22.46221880
22.49642710
22.53252750
22.56765070
22.60416290
22.64329580
22.67895050
22.71517060
22.75166690
22.83157690
22.85989260
22.90772990
22.94400270
22.98022070
23.01890620
23.09116230
23.12991460
23.16456070
23.20168540
23.23978030
23.27556320
23.31191910
23.34861350
23.38650340
23.42287480
23.49539430
23.53163210
23.56741410
23.60365950
23.64261330
23.67911560
23.71361220
23.75220880
23.83157630
23.86612960
23.90242050
23.93877270
23.97528270
24.01182030
24.04890030
24.08820310
24.12289480
24.16300430
24.19785750
24.23434490
24.26968670
24.30653320
24.34338080
24.37992350
24.41718670
24.49685780
24.53161580
24.56792230
24.60418400
24.63947390
24.67706050
24.71268710
24.74910700
24.82025840
24.85724720
24.89540780
24.93059240
24.96655020
25.00246840
25.04066140
25.07914530
25.11921060
25.15591310
25.19671560
25.23282050
25.26959760
25.30783250
25.34582020
25.38340670
25.41926210
25.45559010
25.49497470
25.53060190
25.56729020
25.60198030
25.63836370
25.67337730
25.70944980
25.74622650
25.78546370
25.82139880
25.86199680
25.89787400
25.93404160
25.97062470
26.00763520
26.04373340
26.07987950
26.11748460
26.15538860
26.19608290
26.23280320
26.27069150
26.30793060
26.34673030
26.38474760
26.42211130
26.46236810
26.49831190
26.53412760
26.57317010
26.61028310
26.64652920
26.68489590
26.72356380
26.76305500
26.79790690
26.83546170
26.87262440
26.90891950
26.94360990
26.98033010
27.01742990
27.05433440
27.09554580
27.13143660
27.16651710
27.20061320
27.23541310
27.27212700
27.30953090
27.34629700
27.38455000
27.42134860
27.46268090
27.50453290
27.54012200
27.57943780
27.61640570
27.65375080
27.68907910
27.72617740
27.76491100
27.80190900
27.83747210
27.87249340
27.90757550
27.94408520
27.98348350
28.01999910
28.05694620
28.09396710
28.13563290
28.17491220
28.21143320
28.24850790
28.28575220
28.32466130
28.36360920
28.40121170
28.43810960
28.47343480
28.50957340
28.54590600
28.58251060
28.62018910
28.69531910
28.73314690
28.77059210
28.80638490
28.84136740
28.87646050
28.91256060
28.94937840
28.98785140
29.02351760
29.06305140
29.10182390
29.14007460
29.17469840
29.21074710
29.24903470
29.28619700
29.32121530
29.36277540
29.40050080
29.43699660
29.47355890
29.51392500
29.55269350
29.59493110
29.62982670
29.66568480
29.70090780
29.73807440
29.77443290
29.80943720
29.84345160
29.87929110
29.91789450
29.95271320
29.98950370
30.02879280
30.06495580
30.10196080
30.13764000
30.17235170
30.20898870
30.24445640
30.27928850
30.31862010
30.35737590
30.39609800
30.43462700
30.47180030
30.50946810
30.54743040
30.58681310
30.62251010
30.66300890
30.70041140
30.73709060
30.77159220
30.80568000
30.84183550
30.87676460
30.91318150
30.95083310
30.98861630
31.02546920
31.06233290
31.10096250
31.13644780
31.17192060
31.20718700
31.24343020
31.28009550
31.31777940
31.35793190
31.39649780
31.43602420
31.47393550
31.51241060
31.58955950
31.63029060
31.66970410
31.70509740
31.74117620
31.78101050
31.82061000
31.85580010
31.89026550
31.92748150
31.96420550
32.00554050
32.03805090
32.07299190
32.11023800
32.14874520
32.18492070
32.22376390
32.26026290
32.29672840
32.33754380
32.37263370
32.40738720
32.44406060
32.48276780
32.51916420
32.55520510
32.59270790
32.63030650
32.66907600
32.70841940
32.74475750
32.78055730
32.81783320
32.85339840
32.88635240
32.92298420
32.96168750
32.99850960
33.03466700
33.06999630
33.10474000
33.14069980
33.17768210
33.21651560
33.25779160
33.29555010
33.33064150
33.36616250
33.40422280
33.43955310
33.47595760
33.51225010
33.54912550
33.58770870
33.62340610
33.66176060
33.69904090
33.73727670
33.77257120
33.80831560
33.84286820
33.87765820
33.91356780
33.95098050
33.98814990
34.02470370
34.06463960
34.10000110
34.13672060
34.17258550
34.20871140
34.24444890
34.27956070
34.31543300
34.35222360
34.39128290
34.42856520
34.46850280
34.50479640
34.54067130
34.57813230
34.61563460
34.65073800
34.68761810
34.72503540
34.76407060
34.80228380
34.83734370
34.87124270
34.90722090
34.94298290
34.97975980
35.05375310
35.08937340
35.12850740
35.16353330
35.20028130
35.23681850
35.27174890
35.30838810
35.34630220
35.38392780
35.42205270
35.46324720
35.50013610
35.53930680
35.57507470
35.61383490
35.68154500
35.71689480
35.75515420
35.79496910
35.82281770
35.87074100
35.90725980
35.94365140
35.97925800
36.01731170
36.05853580
36.09970570
36.14167410
36.17311590
36.21058810
36.24648890
36.28411260
36.32175280
36.36379110
36.39989540
36.43747980
36.47548680
36.51449920
36.55155430
36.58924000
36.62915880
36.66577190
36.70465550
36.74157660
36.77779670
36.81224230
36.84864780
36.88611420
36.96336330
36.99892860
37.03301560
37.06978570
37.10626850
37.14313590
37.18072840
37.21923570
37.25629830
37.29481270
37.33101840
37.36582690
37.40150990
37.43692190
37.47200720
37.50676090
37.54102810
37.58069850
37.61853210
37.65629220
37.72969390
37.76843040
37.80526220
37.83941840
37.87623730
37.91233070
37.95368490
37.99061490
38.02890300
38.06459670
38.10013660
38.13529700
38.17131470
38.20821690
38.24289960
38.27880960
38.31502900
38.35329830
38.42945410
38.46623620
38.50260920
38.53985370
38.57565080
38.61162940
38.64859710
38.68440330
38.75040630
38.79610670
38.83081020
38.86650800
38.90318140
38.93985610
38.97544920
39.00996820
39.04672890
39.08349750
39.12026690
39.15701210
39.19655280
39.23102460
39.26765310
39.31033760
39.34365500
39.37886270
39.42002550
39.46329280
39.50542470
39.53808850
39.57487790
39.61217110
39.64698120
39.68637590
39.72294310
39.79637650
39.83342050
39.86955930
39.90810800
39.94570900
39.98355900
40.05554990
40.09611150
40.13204780
40.16753160
40.20439920
40.24192010
40.28112650
40.31773100
40.35460120
40.42933710
40.46522220
40.49945720
40.53572440
40.57474270
40.61322410
40.65279710
40.69762820
40.73590860
40.76451570
40.80042760
40.83405770
40.87055010
40.90562950
40.94481550
40.98227640
41.02124860
41.09774710
41.13501260
41.17458160
41.21383830
41.25615740
41.29714480
41.33335430
41.37134710
41.40750730
41.44566010
41.48396520
41.52216440
41.59992510
41.63843490
41.67547800
41.71322530
41.75087920
41.78901310
41.86376070
41.89893300
41.93684090
41.97294240
42.00883530
42.04761930
42.09090690
42.13199260
42.17042220
42.20811200
42.24846710
42.28670240
42.36398850
42.40780720
42.44297210
42.48140540
42.52169220
42.59958130
42.63600900
42.67359710
42.71335780
42.75105490
42.78980840
42.83145220
42.86639730
42.90237220
42.93853350
42.97620000
43.01243290
43.04926840
43.08869580
43.12761850
43.16575590
43.20295170
43.23668140
43.27254510
43.31010520
43.34930590
43.38982790
43.43246810
43.47262700
43.50799800
43.55039690
43.58827090
43.63249770
43.66923790
43.70584830
43.74178330
43.77930980
43.81642550
43.85511100
43.89743540
43.93376900
43.97272650
44.01011170
44.04656090
44.08364550
44.12308240
44.16329500
44.19852340
44.23375000
44.26993260
44.30681270
44.34524390
44.38222330
44.42200100
44.45915890
44.49795960
44.53548410
44.57187180
44.60761170
44.64378920
44.68490770
44.72374850
44.76479380
44.80143680
44.83870170
44.87634470
44.91414600
44.94872360
44.98712830
45.02340710
45.06304820
45.09981760
45.13717490
45.17144240
45.20785410
45.24464760
45.28160600
45.31895420
45.35651650
45.39587150
45.43289800
45.47278100
45.50928760
45.54398140
45.57835810
45.61341270
45.65046230
45.68881660
45.72923200
45.76374770
45.80059980
45.83523340
45.87048380
45.90652380
45.94254660
45.97911490
46.01474360
46.05181990
46.09046270
46.12938620
46.16617690
46.20137560
46.23786040
46.27434750
46.31143530
46.34865180
46.38501290
46.46249350
46.50018980
46.53624600
46.57152530
46.60897060
46.64554440
46.68170810
46.71763830
46.78822240
46.85906100
46.89857160
46.93444010
46.97021350
47.00584630
47.04445390
47.08187130
47.12135200
47.15854500
47.19505420
47.23721780
47.27360170
47.30970110
47.34479120
47.38341720
47.42038090
47.45961820
47.50065380
47.53703340
47.57255090
47.60804860
47.64376950
47.68018280
47.71781660
47.75420900
47.79119070
47.82948190
47.86928190
47.90470600
47.94141640
47.97802210
48.01594430
48.05227320
48.08761010
48.12559520
48.16156870
48.20286550
48.23851720
48.27328840
48.30928200
48.34389530
48.38294670
48.41962680
48.45996820
48.49708060
48.53415210
48.56227770
48.60726220
48.64450930
48.68097830
48.71936300
48.76004160
48.79997820
48.83808630
48.87456580
48.90605700
48.94301120
48.97772730
49.01513410
49.05418480
49.09461580
49.12935430
49.16692790
49.20506360
49.24062520
49.27703470
49.31484910
49.35309390
49.42993530
49.46699010
49.50250660
49.53865550
49.57571690
49.61411250
49.65337290
49.69109910
49.72928470
49.76491050
49.80326920
49.83952910
49.87618030
49.91252470
49.94728370
49.98529560
50.06300280
50.09936560
50.13423550
50.17253170
50.20744680
50.24400870
50.28056260
50.31879290
50.39098200
50.42880260
50.46700560
50.50239790
50.53925210
50.57343160
50.61018550
50.64641310
50.68382210
50.72465520
50.76198410
50.80217620
50.83841300
50.87515430
50.90947680
50.94530660
50.98145380
51.01871890
51.05680280
51.09419240
51.13073030
51.17027500
51.20543870
51.24090610
51.27791780
51.31485100
51.35053090
51.39039230
51.42639510
51.46945140
51.50651610
51.54141440
51.57771810
51.61315310
51.65174910
51.68921460
51.73115910
51.76709820
51.80257280
51.83752580
51.87357910
51.91185990
51.94947790
51.98674930
52.06275430
52.10052740
52.13780360
52.17393210
52.20987690
52.24612490
52.28477380
52.32150100
52.36192120
52.39967090
52.43719570
52.47399410
52.51119790
52.54692010
52.58336060
52.62168560
52.66320630
52.69891430
52.73431980
52.76966980
52.80598200
52.84542040
52.88160460
52.91945960
52.95549420
52.99524660
53.03020300
53.06552380
53.10215090
53.13906700
53.17574240
53.21320430
53.25303580
53.29516460
53.33164670
53.36878560
53.40860960
53.44494690
53.47959270
53.51696020
53.55420990
53.59350080
53.63126780
53.66760160
53.70247000
53.74183170
53.77912510
53.81949850
53.85629710
53.89510460
53.93127740
53.97024960
54.00645490
54.04072180
54.07597670
54.11028370
54.14450030
54.18135020
54.21868330
54.25620740
54.29348720
54.33006880
54.36425050
54.40416830
54.43944310
54.47434820
54.50934950
54.54380420
54.58029570
54.62051040
54.70174550
54.74305880
54.77553940
54.81206330
54.84787450
54.88535090
54.92851620
54.96620400
55.00927410
55.04073020
55.07739330
55.11420840
55.15469060
55.22726680
55.26261930
55.30622990
55.34111810
55.37803050
55.41347700
55.44961260
55.48616000
55.52886010
55.56521210
55.60070510
55.63584010
55.67151920
55.70919820
55.74591190
55.78364330
55.85134070
55.88927150
55.92986230
55.96940680
56.00822350
56.04491660
56.07995670
56.11539410
56.15554280
56.19829090
56.23267960
56.26132660
56.30768220
56.34564730
56.38209600
56.41995600
56.46215170
56.50267150
56.54186070
56.57623290
56.61226730
56.64806180
56.68976020
56.72994360
56.77389960
56.80936600
56.84535070
56.88503200
56.92104210
56.96285030
56.99865880
57.04073360
57.07235160
57.10668970
57.14242190
57.17736520
57.21451560
57.25158910
57.29214570
57.33032250
57.36646310
57.40345460
57.44136510
57.47675250
57.51259670
57.54777580
57.58587950
57.62265900
57.66290600
57.69808640
57.73389550
57.77095240
57.80802350
57.84385750
57.88098480
57.91763320
57.95509120
58.02961760
58.06601370
58.10312020
58.13900320
58.17516410
58.21198720
58.24775170
58.28661180
58.32930750
58.36380270
58.39949110
58.43494460
58.47009610
58.50527330
58.54037270
58.57472310
58.60942560
58.64623340
58.68669710
58.72477190
58.76259220
58.79765630
58.83246260
58.86907630
58.90874930
58.94418250
58.97828130
59.01416610
59.04952780
59.08901580
59.13011590
59.16719410
59.20341960
59.23929930
59.27665010
59.31397950
59.35062200
59.42346260
59.46236520
59.49817610
59.53593290
59.57294090
59.60862550
59.64646010
59.68203160
59.72113040
59.76208140
59.79603010
59.83212720
59.86719310
59.90366460
59.94076620
59.97961800
60.01977000
60.09968720
60.13575520
60.17130970
60.20756330
60.24466980
60.28410210
60.36221900
60.39758850
60.43563620
60.47239890
60.50892190
60.54381230
60.57939290
60.61432230
60.65313170
60.73004100
60.76519320
60.80017890
60.83604520
60.87326780
60.91092040
60.94616850
60.98307790
61.01957990
61.06307210
61.09760960
61.12575070
61.17174550
61.20720140
61.24465840
61.28257680
61.32170580
61.36217420
61.39806560
61.43254170
61.46820580
61.50376230
61.53885710
61.57306170
61.60810440
61.64441690
61.68053640
61.71688480
61.75572500
61.79576700
61.83514550
61.87095360
61.90783420
61.94509730
61.98224120
62.01902070
62.05567830
62.09711890
62.13267950
62.16768670
62.20534660
62.24044660
62.27901380
62.31371680
62.35242200
62.38792620
62.46214560
62.49774410
62.53403440
62.56915780
62.60392900
62.64013450
62.67490740
62.71056400
62.74634970
62.78417100
62.85593600
62.89522250
62.93017130
62.96582160
63.00087990
63.03601790
63.07506660
63.10995580
63.14799140
63.18551790
63.26305350
63.29962960
63.33399830
63.36846440
63.40760170
63.44213540
63.47855430
63.51600790
63.55235160
63.59098000
63.63098490
63.66684460
63.70151780
63.73815620
63.77348750
63.80994140
63.84716020
63.88397530
63.96206420
63.99833700
64.03413080
64.06897390
64.10523030
64.14010390
64.17505280
64.21093500
64.24947820
64.28477000
64.32049800
64.39627200
64.43190250
64.46766150
64.50547180
64.54061750
64.57579550
64.61379680
64.65339280
64.69114710
64.73039520
64.76716810
64.80214080
64.84225460
64.87791000
64.91599150
64.95261490
65.02988280
65.06545990
65.10230270
65.13922850
65.17481400
65.20994820
65.24489800
65.28680560
65.32301760
65.36297270
65.39873840
65.43475860
65.47578550
65.51055740
65.54604030
65.58209910
65.62087980
65.65865260
65.69612960
65.73684350
65.77536140
65.81595560
65.85580490
65.89498550
65.93265090
65.96782930
66.00626640
66.04189690
66.07679560
66.11203550
66.15013870
66.18838580
66.22560500
66.26223690
66.30026880
66.33629890
66.37410170
66.41147800
66.44769710
66.48638250
66.56212510
66.60036600
66.63759600
66.67331050
66.70806800
66.74442200
66.78473890
66.82117020
66.85944700
66.89298810
66.92870390
66.97000300
67.00507070
67.04000540
67.07612880
67.11220460
67.14835170
67.18546490
67.22272150
67.26278060
67.29905600
67.33424520
67.37079650
67.40638620
67.44226940
67.47737270
67.51494640
67.55270270
67.59126970
67.63197580
67.66853160
67.70455410
67.73961680
67.77778580
67.81319600
67.85130110
67.88836110
67.92337260
67.96235540
67.99877670
68.03666220
68.07125280
68.10616850
68.14135890
68.17614210
68.21114910
68.24718220
68.28487170
68.32165060
68.36165610
68.39994970
68.43754880
68.47457770
68.51035130
68.54586200
68.57999130
68.61915030
68.69657000
68.73387450
68.77050890
68.80462330
68.84158140
68.87971220
68.91707440
68.98893310
69.02923460
69.06640720
69.10458550
69.14162190
69.17878880
69.21396910
69.25479060
69.29507090
69.33057980
69.36837260
69.40436370
69.44149910
69.47874330
69.51402360
69.55224360
69.62911380
69.66608950
69.70392300
69.74145000
69.77756050
69.81576460
69.85474790
69.92770380
69.96948870
70.00500930
70.04409000
70.08147690
70.11773040
70.15495000
70.19505480
70.23138050
70.26705150
70.30663210
70.34337210
70.37968240
70.41642390
70.45205410
70.49194420
70.53011570
70.57353570
70.60810080
70.64420150
70.68090140
70.71978630
70.75645120
70.79528550
70.83009840
70.86624980
70.90652560
70.94245860
70.97920260
71.05060890
71.09978250
71.13706520
71.17512930
71.21083670
71.25059420
71.32218090
71.39521490
71.43274390
71.46959390
71.50536900
71.54184140
71.57948650
71.61768840
71.69627930
71.73194250
71.76715550
71.80619760
71.84175020
71.87747800
71.91381730
71.95088830
71.98838160
72.02878720
72.06459320
72.10155980
72.13716040
72.17362100
72.20948460
72.24472770
72.28192690
72.31943110
72.35614970
72.39477300
72.43102320
72.47111920
72.50738200
72.54196800
72.57831800
72.61326230
72.65320490
72.69540840
72.73199270
72.76586150
72.80091030
72.83707370
72.87356590
72.90870190
72.94425110
72.98183740
73.01887430
73.05477910
73.09773390
73.13442190
73.17049470
73.20732860
73.24616260
73.32073710
73.36242420
73.39768640
73.43548950
73.47407880
73.50898170
73.54443690
73.58221840
73.61989220
73.65759850
73.69702730
73.73259560
73.76956390
73.80494560
73.84377580
73.88081020
73.91877380
73.95576990
73.99592680
74.03991990
74.07377220
74.10916860
74.15066560
74.18846240
74.22914420
74.26578920
74.30231050
74.33929750
74.37597730
74.41249720
74.45186490
74.48823870
74.52955350
74.56597850
74.60229230
74.63873460
74.67782030
74.71568060
74.75310620
74.79121040
74.83047000
74.86540750
74.89745030
74.92531430
74.97366720
75.00924470
75.04473450
75.08580840
75.16317990
75.19889220
75.23474460
75.27209920
75.30687660
75.34730860
75.38759840
75.46248950
75.49883750
75.53437190
75.57138420
75.61121600
75.64704420
75.68694200
75.76220550
75.79760720
75.83289380
75.86960440
75.90722730
75.94379120
75.97962070
76.01869880
76.05487450
76.09807800
76.13501290
76.17043310
76.20558250
76.24383130
76.28241550
76.32333960
76.36213720
76.39760980
76.43395810
76.47176620
76.50969270
76.54532050
76.58089310
76.62071020
76.65886890
76.69569630
76.73073050
76.76610880
76.80151770
76.83836950
76.87672360
76.91365800
76.95187470
77.02142460
77.05457610
77.09534440
77.13077100
77.16674150
77.20280440
77.23786690
77.27260650
77.30890650
77.34568660
77.38344900
77.42210760
77.46308060
77.49846350
77.53292150
77.56742800
77.60295350
77.63805430
77.67455110
77.71082760
77.74642100
77.78463360
77.81983420
77.85775830
77.89555100
77.93111100
77.96566380
78.00178570
78.03031320
78.07636210
78.11125130
78.14993720
78.18711670
78.22967620
78.26392500
78.30032890
78.33623700
78.37139130
78.40827680
78.44444050
78.48049570
78.51989080
78.60050760
78.63653850
78.67440110
78.71181850
78.74886400
78.78783380
78.86275240
78.89808140
78.93493380
78.97049660
79.00536440
79.04180280
79.07667150
79.11322160
79.15278520
79.19196460
79.23028470
79.26620700
79.30180380
79.33884950
79.37324080
79.41114060
79.44767440
79.48413310
79.52070750
79.56296840
79.59963800
79.63690630
79.67296410
79.70932860
79.74497010
79.78099340
79.81837070
79.89525160
79.93090850
79.96516940
80.00284690
80.03902160
80.07416990
80.10924320
80.14989580
80.18882420
80.22671060
80.26268700
80.30020960
80.33563390
80.37186130
80.40662290
80.44317940
80.48014230
80.51875530
80.55689990
80.59651510
80.63219910
80.66873330
80.70640700
80.74201260
80.77765690
80.81738170
80.85189890
80.89502110
80.93160010
80.96717710
81.00340520
81.04020920
81.07605470
81.11252870
81.15128010
81.18872650
81.22390240
81.26133920
81.30032710
81.33915820
81.37649150
81.41279240
81.44899040
81.51846900
81.58884310
81.62553490
81.66486310
81.69938120
81.73327980
81.77049240
81.80769250
81.84435010
81.88261190
81.91879940
81.95670330
81.99880320
82.03382990
82.07212030
82.10700300
82.14228470
82.17783460
82.21697850
82.25806780
82.29763920
82.33492900
82.37082460
82.40616190
82.44240130
82.47959430
82.51457690
82.55291460
82.59104980
82.63303740
82.67101120
82.70962460
82.74652010
82.78334610
82.82044520
82.85781160
82.89881480
82.93328400
82.96971770
83.00607990
83.04252330
83.08046530
83.12018980
83.15949540
83.19965560
83.23431360
83.27118850
83.30798520
83.34368510
83.37898310
83.41887300
83.45771690
83.49391290
83.53622410
83.57426530
83.61021970
83.64686380
83.68692150
83.72477970
83.76510940
83.80592940
83.83856640
83.87787020
83.91378390
83.94992070
83.98595090
84.02691980
84.06560770
84.10148580
84.13702520
84.17195680
84.20737580
84.24336640
84.27910300
84.31619700
84.35156130
84.38864020
84.42907230
84.46899550
84.50664160
84.54531880
84.58269070
84.62123760
84.66315930
84.70210210
84.73761900
84.77696790
84.81783470
84.85482490
84.88833270
84.92921940
84.96792170
85.00414720
85.03849170
85.07338380
85.10851390
85.14392130
85.17898180
85.21759920
85.25763960
85.29573680
85.33183820
85.37242390
85.41109270
85.44934930
85.48751890
85.56161560
85.60397750
85.64115540
85.67897600
85.75400620
85.79113810
85.83042080
85.86915000
85.90648280
85.94521950
85.98088130
86.01823900
86.05505650
86.09344360
86.13102640
86.16550970
86.20092630
86.23937350
86.27756330
86.31366750
86.35064580
86.42316090
86.46211900
86.49798150
86.52574250
86.57192080
86.60826550
86.64323940
86.67904850
86.72003780
86.75742570
86.79477660
86.82237480
86.86788400
86.90353100
86.94034610
86.97654050
87.01212090
87.04710880
87.08685120
87.12945080
87.16780590
87.20308830
87.23990100
87.27645530
87.31761950
87.35451440
87.39479770
87.42997490
87.47216220
87.50393750
87.53966470
87.57472660
87.61107360
87.64717320
87.68595060
87.75620710
87.79192590
87.82677590
87.86161910
87.90011170
87.92940290
87.97640070
88.01093340
88.04741570
88.08361790
88.12179560
88.16184900
88.19797890
88.23382550
88.26882520
88.30383390
88.33941830
88.37354590
88.41189120
88.44929860
88.48740060
88.52850780
88.56530560
88.60066020
88.63590640
88.67403780
88.71045290
88.74901220
88.78653780
88.82233860
88.86336420
88.89036670
88.93847540
88.97582620
89.01081430
89.04556070
89.08149420
89.11634330
89.15584720
89.19156980
89.22713330
89.26829100
89.31029060
89.34195760
89.37949690
89.41445310
89.45059890
89.48581330
89.52431780
89.55933560
89.59732600
89.63838120
89.67400590
89.71130470
89.75054560
89.82529920
89.86217150
89.89913310
89.93564610
89.97418960
90.01203800
90.04853860
90.08651970
90.12944950
90.16566530
90.20272380
90.23848390
90.28535410
90.32276200
90.36158270
90.39712460
90.43306860
90.46745220
90.50381640
90.53955310
90.57569480
90.61154870
90.64979010
90.68824180
90.72961610
90.76584440
90.80713880
90.84388290
90.87984680
90.91815290
90.95799320
90.99601440
91.03125240
91.06653230
91.10306370
91.14303850
91.17950700
91.22004310
91.25762380
91.29717210
91.33360520
91.37104580
91.41057600
91.44723540
91.48731690
91.56233080
91.60001080
91.63863660
91.67458990
91.71097180
91.74772270
91.78629390
91.82928810
91.86633310
91.90343330
91.94093340
91.97932480
92.01757150
92.05495400
92.09525900
92.13245960
92.16853420
92.20710520
92.24206530
92.27757130
92.31388890
92.38868190
92.42885880
92.46427720
92.50117320
92.53781080
92.57632740
92.61879990
92.65717340
92.69511680
92.73144900
92.76870580
92.80511050
92.84100130
92.87798390
92.91576860
92.95351330
92.99503090
93.03097860
93.06843100
93.10793220
93.14500230
93.18343120
93.21974830
93.25638120
93.29575900
93.33186770
93.36838700
93.40454220
93.44373010
93.47972470
93.51930440
93.55771920
93.59680400
93.63328800
93.66987890
93.70580420
93.74480290
93.77915410
93.81591840
93.85291300
93.92946750
93.96605940
94.00235860
94.03747300
94.07371140
94.11189340
94.14992090
94.18709360
94.26260930
94.29836500
94.33512870
94.37046950
94.40732720
94.44343780
94.48232200
94.55623190
94.59675430
94.63239040
94.66812310
94.70381790
94.74011980
94.77720480
94.81271110
94.84785910
94.88493860
94.96188160
94.99735850
95.03290470
95.06839750
95.10466770
95.14333000
95.17788050
95.21794940
95.26210980
95.29814380
95.33361150
95.36909550
95.40591280
95.44266100
95.48034920
95.52139690
95.55789000
95.59503490
95.62232450
95.66894810
95.70439560
95.74237730
95.77827850
95.81314940
95.85101200
95.89618230
95.93769390
95.97432210
96.01131530
96.04777070
96.08437810
96.12242890
96.16326680
96.20141310
96.23815070
96.27473530
96.31054020
96.34627960
96.38484990
96.42409480
96.46348770
96.49931640
96.53728410
96.57610270
96.61469220
96.65417040
96.69551820
96.73307220
96.77030250
96.80686260
96.84483840
96.88265660
96.92366380
96.96180270
96.99757250
97.03372250
97.06947290
97.10552170
97.14234700
97.18063360
97.21633620
97.25293340
97.29000020
97.32859600
97.36510790
97.39939520
97.43320340
