0.08613380
0.18637430
0.23015170
0.28969010
0.32609120
0.36419140
0.40266820
0.44148040
0.48713880
0.52552920
0.56194410
0.60025870
0.64071840
0.67703930
0.72000220
0.75872240
0.79508390
0.83140310
0.86856830
0.90888520
0.94667760
0.98816360
1.02451480
1.06203170
1.09934970
1.13532290
1.17683190
1.22004930
1.25959830
1.29842430
1.33728670
1.37527660
1.41450790
1.45121700
1.48772040
1.52446690
1.56245280
1.59810650
1.63854040
1.67696510
1.72155930
1.76016680
1.79697640
1.83438600
1.87181160
1.91092930
1.94902190
1.99330180
2.02420440
2.06000700
2.09714230
2.13519120
2.17326310
2.21244060
2.25093430
2.28606090
2.32294250
2.35976130
2.39806620
2.43516670
2.47408220
2.51311250
2.54987850
2.59303950
2.62429740
2.66035680
2.69722780
2.73315270
2.76916000
2.80572250
2.84350210
2.88155230
2.91686950
2.96142450
2.99456570
3.02516300
3.06135100
3.09828510
3.13318200
3.17043180
3.20872260
3.24137150
3.28219110
3.32808490
3.36178970
3.39824070
3.43716020
3.47401040
3.50614110
3.54769330
3.58598230
3.62430540
3.66213760
3.69901920
3.73607530
3.77445140
3.81363790
3.86131140
3.89721980
3.93612740
3.97345840
4.01470440
4.05177720
4.08794890
4.12422700
4.16072280
4.19798200
4.23416040
4.27233130
4.30756300
4.34589680
4.38259020
4.41994290
4.45595750
4.49509100
4.53219070
4.56884790
4.60846880
4.64748880
4.68190230
4.71679460
4.75299180
4.79155940
4.82911050
4.86498190
4.90327180
4.93995830
4.97312040
5.01170190
5.05084830
5.08857310
5.12524840
5.16143270
5.19637290
5.23497210
5.27538330
5.31572440
5.35104200
5.38701540
5.42424360
5.46210270
5.49945870
5.53925900
5.58098710
5.62120620
5.65608390
5.69415710
5.73239930
5.77129730
5.81389060
5.84911680
5.88604660
5.92217060
5.95856440
5.99967130
6.03737820
6.07498470
6.11408270
6.15311080
6.18879310
6.22483390
6.26124280
6.29731200
6.33447480
6.37309130
6.41414250
6.44973600
6.48641450
6.52234890
6.55999070
6.59761460
6.63693670
6.68165910
6.72033490
6.75584620
6.79187240
6.82929810
6.86716660
6.90620680
6.94786920
6.98417080
7.01924210
7.05614920
7.09231320
7.13019280
7.16680530
7.20417220
7.24126090
7.28067040
7.31543580
7.35107820
7.38603660
7.42312800
7.45929150
7.49984060
7.53943390
7.58134520
7.62165630
7.65614890
7.69314990
7.73119670
7.76737740
7.80660030
7.84759130
7.88413490
7.92219100
7.96229870
8.00202630
8.04096830
8.08032160
8.11826910
8.15411330
8.19011300
8.22837960
8.26529130
8.30814460
8.34802910
8.38266550
8.42028960
8.45802940
8.49824180
8.53597700
8.57408950
8.61659010
8.65198300
8.68884270
8.72512920
8.76326060
8.80209800
8.83949670
8.88183040
8.91809600
8.95637580
8.99126260
9.02891760
9.06825880
9.10538450
9.14120800
9.18352670
9.21967030
9.25712170
9.29320540
9.33142620
9.37253330
9.41413300
9.45178880
9.48787450
9.52311640
9.55909260
9.59628080
9.63203340
9.66922010
9.71395620
9.75008410
9.78790290
9.82486190
9.86094250
9.90017020
9.93622490
9.97500570
10.01358500
10.04867460
10.08590030
10.12315260
10.15993970
10.19591580
10.23295160
10.27346880
10.31396490
10.35026040
10.38537590
10.42188260
10.45785840
10.49388850
10.53213220
10.57003490
10.61293070
10.64924600
10.68534030
10.72201480
10.75920780
10.79753130
10.83774340
10.88009690
10.91618200
10.95345060
10.99102620
11.02510140
11.06118750
11.09809710
11.13728390
11.18078130
11.21737960
11.25296050
11.29018660
11.32531820
11.36329250
11.40287160
11.44087850
11.48020200
11.51827930
11.55731850
11.59441280
11.63239020
11.67136300
11.71362290
11.75145070
11.78594820
11.82272990
11.85786820
11.89693150
11.93545800
11.97245540
12.01311740
12.05143880
12.08872400
12.12653940
12.16187110
12.19797120
12.23501290
12.27337340
12.31379060
12.35053690
12.38610810
12.42193540
12.45887720
12.49829280
12.53500380
12.57330120
12.61111650
12.65078810
12.68790720
12.72508510
12.76108310
12.79830260
12.83607590
12.87574850
12.91455510
12.95327050
12.99212140
13.03216890
13.06978670
13.10725780
13.15197750
13.18777080
13.22313140
13.26021820
13.29826730
13.33777650
13.37453860
13.41534960
13.45200120
13.48721960
13.52427220
13.55930850
13.59420790
13.63019560
13.66836330
13.70651470
13.74447070
13.78376200
13.81924300
13.85788550
13.89592560
13.93351310
13.97177710
14.00820620
14.05061260
14.08758330
14.12311140
14.16013400
14.19508800
14.23119580
14.26970200
14.30891620
14.34991760
14.39389820
14.42534330
14.46138070
14.49702230
14.53523170
14.57417350
14.61062810
14.65704730
14.69332610
14.72911840
14.76620560
14.80448380
14.84221890
14.88890170
14.92478260
14.96132190
14.99586300
15.03088260
15.07088680
15.10709110
15.14794920
15.18312180
15.22215520
15.25891950
15.29517260
15.33186330
15.37047450
15.40917840
15.45172900
15.48780080
15.52437420
15.56086040
15.59936930
15.63912600
15.67719310
15.71906980
15.75608520
15.79267350
15.82897530
15.86522060
15.90213220
15.93825300
15.97780900
16.02144200
16.05688190
16.09331020
16.13586820
16.17428540
16.21113940
16.25468540
16.28949710
16.32428550
16.36230920
16.40029180
16.43901570
16.47959690
16.51930310
16.55362430
16.58945920
16.62728980
16.66666040
16.70571360
16.74363780
16.78104300
16.82383940
16.86069030
16.89792210
16.93311040
16.97141010
17.00919140
17.05459730
17.09034880
17.12711320
17.16764130
17.20553170
17.24512220
17.28758820
17.32596370
17.36108830
17.39512880
17.43108790
17.46709000
17.50663820
17.54423210
17.58522470
17.62169920
17.65803200
17.69484110
17.73014220
17.76920790
17.80694310
17.84723490
17.89313840
17.92424620
17.96311020
18.00151050
18.03877180
18.07446260
18.11192910
18.15340440
18.19851140
18.22944560
18.26518780
18.30447150
18.34164750
18.38063180
18.42380040
18.46088850
18.49887700
18.53907690
18.58087600
18.61706020
18.65324170
18.69135320
18.72797360
18.76593260
18.81317320
18.85030990
18.89088340
18.92885200
18.96595540
19.00319330
19.04000450
19.07660840
19.11529630
19.15101680
19.18812630
19.22445210
19.26190620
19.29887680
19.33755430
19.37574740
19.41450110
19.45203440
19.49048960
19.52622100
19.56386980
19.60030460
19.63881590
19.68101090
19.71696520
19.75204340
19.79033590
19.82611120
19.86325080
19.90341780
19.94153820
19.98374190
20.02699070
20.05997280
20.09830400
20.13545430
20.17199470
20.21356750
20.25226250
20.29004340
20.32676290
20.36402020
20.40316540
20.44023710
20.47740380
20.51558420
20.55746130
20.59482180
20.63219080
20.66827270
20.70525370
20.74782630
20.78444040
20.82177590
20.85967460
20.89854780
20.94095770
20.98113710
21.01981490
21.05745830
21.09465240
21.12934060
21.16734520
21.20527300
21.24645850
21.28820000
21.32611850
21.36218050
21.39702900
21.43610270
21.47390230
21.51164020
21.55413640
21.59045950
21.62824660
21.66630010
21.70335130
21.74368830
21.78129750
21.82046530
21.86552180
21.89725090
21.93937580
21.98183080
22.02133720
22.06272190
22.10118160
22.13918740
22.18073120
22.21832610
22.25479340
22.29372020
22.33308710
22.37382690
22.41355840
22.44928840
22.48604720
22.52346770
22.56312110
22.59987400
22.63743630
22.68143720
22.72047300
22.75834550
22.79737400
22.83633900
22.87445050
22.91410310
22.95107690
22.98716720
23.02782020
23.06550400
23.10322840
23.14136340
23.18117760
23.21755180
23.25623650
23.29319340
23.33018040
23.36832420
23.40587670
23.44743180
23.48403370
23.52102770
23.55864420
23.59528770
23.63295800
23.67286470
23.71530580
23.75337510
23.79228460
23.83208250
23.87257170
23.91372440
23.95180920
23.98788930
24.02614140
24.06397900
24.10188480
24.13789880
24.18059250
24.21714600
24.25503330
24.29115690
24.32758590
24.36506260
24.40529580
24.44892300
24.48702650
24.52593700
24.56409470
24.60362120
24.64095010
24.67328610
24.71443150
24.75026100
24.78587240
24.82098590
24.85894030
24.89675530
24.93667540
24.97494220
25.01539350
25.05181460
25.09183360
25.13045420
25.16924440
25.21503030
25.25368650
25.29888160
25.34150660
25.38554810
25.42412110
25.46473450
25.50628210
25.54838040
25.58592740
25.62090490
25.65587580
25.69308150
25.73219250
25.77576470
25.82126610
25.85784010
25.89854050
25.93625140
25.97513670
26.01468260
26.05339740
26.09927060
26.13218720
26.17096300
26.21474260
26.25166680
26.28948320
26.32655750
26.36449060
26.40362030
26.44105390
26.48072440
26.51718310
26.55312620
26.58914340
26.62921030
26.66497220
26.70189450
26.74068040
26.78073400
26.81783840
26.85702450
26.89202180
26.92971670
26.96978460
27.01379020
27.05327810
27.09051270
27.12742460
27.16482790
27.20446280
27.24901370
27.28625430
27.32434650
27.36039740
27.40035200
27.43969090
27.48179960
27.51933570
27.55528880
27.59330210
27.62968530
27.66742890
27.70667300
27.74874140
27.78575150
27.82243280
27.85945120
27.89854270
27.93856460
27.98079400
28.01861850
28.05606910
28.09202340
28.13117090
28.17133220
28.21514740
28.25123100
28.28784750
28.32281110
28.35983810
28.39940720
28.44017680
28.48047000
28.51749330
28.55312820
28.59118490
28.62628630
28.66300850
28.69908740
28.73705020
28.78252960
28.81823930
28.85222490
28.88994950
28.92587650
28.96189030
28.99878760
29.03740580
29.08084660
29.11945700
29.15651490
29.19387480
29.22787950
29.26598800
29.30481250
29.34154930
29.38063000
29.41818460
29.45433830
29.49325590
29.53116440
29.56928450
29.60729550
29.64805430
29.68293940
29.72098910
29.75509230
29.79225400
29.83039910
29.87154970
29.90830860
29.95141360
29.98911020
30.02765160
30.06328920
30.10388600
30.13916600
30.17728900
30.21676050
30.25312220
30.28911420
30.32488710
30.36121580
30.40347530
30.44120550
30.47722550
30.51502090
30.55203170
30.58730780
30.62384380
30.66016760
30.69816010
30.73548450
30.77657670
30.81589530
30.85312590
30.88911790
30.92652680
30.96672110
31.00433920
31.04013950
31.07958720
31.12486750
31.15615430
31.19214120
31.22813310
31.26592390
31.30723350
31.34719670
31.38521180
31.42023550
31.45611590
31.49110960
31.52819940
31.56498200
31.60489830
31.64822870
31.68519180
31.72281730
31.75988480
31.79794910
31.83654140
31.88020260
31.91774820
31.95427560
31.99164710
32.02730460
32.06382500
32.10116580
32.13710470
32.17353360
32.21151370
32.25138180
32.29045810
32.32797870
32.36544800
32.40646650
32.45427240
32.49414420
32.54524890
32.58534480
32.62192380
32.66088220
32.69962630
32.74125590
32.78131200
32.81946060
32.85500200
32.89076670
32.92792380
32.96784580
33.00848330
33.04908340
33.09357770
33.12470030
33.16278700
33.20125640
33.24181460
33.28188040
33.31929820
33.35551000
33.39343190
33.42955080
33.46762550
33.50550780
33.54164200
33.58115660
33.61992520
33.65557230
33.69452330
33.73380380
33.77254850
33.81485240
33.85876000
33.89190670
33.92764670
33.96354100
34.00192670
34.03998390
34.08277450
34.11990660
34.15672580
34.19486710
34.23333300
34.27083080
34.30971720
34.34798970
34.39031590
34.42872950
34.46475510
34.50042150
34.54223830
34.58173650
34.62055180
34.65683450
34.69347550
34.72869940
34.76583140
34.80435180
34.84194170
34.88103050
34.91756400
34.95355900
34.99180840
35.02751290
35.06732910
35.10901100
35.14790340
35.18355380
35.22064510
35.25856510
35.29778990
35.33785010
35.37674620
35.41629370
35.45759440
35.49340350
35.52938330
35.56740170
35.60715390
35.64147910
35.68711000
35.72269510
35.75875060
35.79753420
35.83237580
35.86766580
35.90667260
35.94766150
35.98558060
36.02276970
36.05962160
36.09750690
36.13355440
36.17294940
36.21416530
36.24978420
36.28938060
36.32777440
36.37003660
36.41332620
36.45277790
36.49171730
36.53071770
36.56754260
36.60836230
36.64803650
36.68281730
36.71982960
36.78365360
36.81555290
36.85404380
36.91655500
36.95442090
36.98455130
37.02062510
37.05881380
37.09493580
37.13144380
37.16776340
37.20739060
37.24730070
37.28264310
37.32110360
37.35714100
37.39434600
37.43151870
37.46751740
37.50485200
37.54833340
37.58457460
37.62173920
37.65825660
37.69699590
37.73385980
37.77429470
37.81336310
37.85163500
37.88938410
37.92611440
37.96276580
38.00076300
38.04054700
38.08107840
38.12166420
38.15910020
38.19700650
38.23909310
38.28023180
38.31669600
38.35361630
38.39107300
38.42576840
38.46176060
38.50058730
38.53762570
38.58107530
38.61853550
38.65461300
38.69522680
38.73224170
38.76878630
38.80536180
38.83736430
38.87568890
38.91778090
38.95929500
38.99646860
39.03338810
39.07172310
39.11494710
39.15234660
39.19653860
39.23007260
39.26653940
39.30440390
39.33737300
39.37264440
39.41221400
39.45168190
39.49464390
39.52490030
39.56107190
39.59862940
39.63860450
39.67591410
39.71768430
39.75568480
39.79443750
39.83406840
39.87073890
39.90989430
39.94899420
39.98426930
40.02923600
40.06064280
40.09786230
40.13638230
40.17330710
40.21367510
40.24975180
40.28657090
40.32231740
40.36092810
40.39863470
40.43721190
40.47407890
40.51406950
40.55029590
40.58762220
40.62547860
40.66078010
40.69583270
40.73189260
40.76962780
40.80895650
40.84833260
40.88363130
40.92064290
40.95917950
41.00021310
41.03767190
41.07577480
41.11397130
41.14967770
41.18556960
41.22231600
41.25856300
41.29571290
41.32993860
41.36644720
41.40761350
41.44793140
41.48545590
41.52386210
41.56090200
41.59715190
41.63452320
41.67286680
41.71378300
41.74894950
41.78552620
41.82158510
41.85963030
41.89703040
41.93306830
41.97086580
42.01342450
42.05054020
42.09489490
42.12482030
42.16180350
42.19696060
42.23352370
42.27202700
42.31092720
42.34939590
42.38638220
42.42133600
42.45738320
42.49384580
42.53119900
42.56737360
42.60507440
42.64720430
42.68421120
42.72073410
42.75965390
42.79812390
42.83929020
42.87942360
42.91789750
42.95375760
42.98866360
43.02956100
43.06498580
43.10075880
43.14002700
43.18150620
43.22096740
43.26090390
43.29844590
43.33732070
43.37472890
43.41541330
43.45087340
43.48734030
43.52368680
43.56245380
43.59954170
43.63661940
43.68377790
43.72161530
43.75871210
43.79471320
43.83451490
43.87539440
43.91671290
43.95582990
43.99483320
44.04263920
44.08211840
44.11769260
44.15465040
44.19168260
44.23067750
44.26873900
44.30572180
44.34736550
44.39141730
44.42265400
44.45973140
44.49705310
44.53556220
44.57403230
44.61562770
44.65281610
44.68972030
44.72695070
44.76762220
44.80577040
44.84832320
44.88761950
44.92576630
44.96476370
44.99796140
45.03682900
45.08081950
45.11783600
45.15341890
45.19047000
45.22886250
45.26668370
45.30568880
45.34732130
45.38769240
45.42394930
45.46098460
45.49811960
45.53950780
45.58104910
45.61876200
45.65537940
45.69348040
45.73142380
45.76718990
45.80569640
45.84942030
45.88488200
45.91970150
45.95472310
45.99377350
46.03208320
46.07187860
46.11068730
46.15003760
46.18670390
46.22368650
46.26091250
46.29810300
46.33375920
46.37093800
46.41019880
46.45397210
46.48972370
46.52767290
46.56811460
46.60615280
46.64990330
46.68504280
46.72365720
46.75987410
46.79926960
46.83680230
46.87586120
46.92131480
46.95869630
46.99511690
47.03289640
47.07075700
47.10811830
47.15156530
47.18896400
47.22566200
47.26267410
47.30032660
47.33872500
47.38088060
47.41804160
47.45470410
47.49386850
47.53138840
47.56798270
47.60478280
47.64182730
47.68582720
47.72269520
47.75865880
47.79475550
47.83261070
47.87141930
47.91354790
47.95173510
47.98952420
48.02471400
48.06126600
48.09759570
48.13361640
48.17299340
48.21415580
48.25083210
48.28873410
48.32654540
48.36574590
48.40107070
48.43881900
48.48061990
48.51886190
48.55569690
48.59249190
48.62776750
48.66474070
48.70160950
48.74888620
48.78476580
48.82142080
48.85845880
48.89750150
48.93908170
48.98018190
49.01867600
49.05450800
49.09022120
49.12491530
49.16054000
49.19658080
49.23459310
49.27412990
49.31378900
49.34874480
49.38564180
49.42099200
49.45746610
49.49480050
49.52976900
49.56661880
49.60415570
49.64936140
49.68772440
49.72495300
49.76051360
49.79845870
49.83779300
49.87497990
49.91174180
49.95163550
49.98782960
50.02616210
50.06342510
50.10191750
50.13803860
50.17696070
50.21276460
50.25498080
50.29077510
50.32655650
50.36508550
50.40236440
50.43836540
50.48092970
50.51590760
50.55415170
50.59197700
50.62868580
50.66474930
50.70074490
50.73840450
50.77487460
50.81686880
50.85373440
50.88900270
50.92480260
50.96170280
51.00097760
51.03948500
51.07897960
51.12362790
51.16073960
51.19466260
51.22868590
51.26470760
51.30455260
51.34132010
51.38232580
51.42550420
51.45976570
51.50101550
51.53918780
51.57493020
51.61396080
51.65327200
51.68676680
51.72379240
51.75979700
51.79826340
51.83857830
51.88154300
51.91810850
51.95490300
51.99258670
52.02986270
52.06610790
52.10300430
52.13994850
52.18142920
52.21782550
52.25400740
52.28987750
52.32592670
52.36577150
52.40506360
52.44110810
52.48068180
52.51654230
52.55492700
52.59268520
52.62678600
52.66273850
52.69970100
52.73846170
52.77725780
52.81579940
52.85274570
52.88897100
52.92391480
52.95998280
52.99814880
53.03482390
53.07230970
53.11070770
53.15023100
53.18768090
53.22434180
53.26164670
53.29863580
53.33760140
53.38038410
53.41700210
53.45285310
53.49027400
53.52913820
53.56682760
53.60691950
53.64914650
53.68608000
53.72461570
53.76410520
53.80006750
53.84069250
53.88099080
53.91665270
53.95263840
53.98975410
54.02798000
54.06376900
54.10063260
54.13701090
54.18114480
54.21707320
54.25484910
54.30698080
54.34797450
54.38460660
54.42178730
54.45834840
54.49457540
54.53195490
54.56762560
54.60837380
54.65410910
54.68990930
54.72751800
54.76450980
54.80305470
54.84065500
54.88019750
54.91685670
54.95562670
54.99228680
55.02773030
55.06239100
55.09960980
55.13674300
55.17630290
55.21421130
55.25175090
55.28886490
55.32647510
55.36339550
55.39994780
55.43686000
55.47428410
55.51333560
55.55056980
55.59088260
55.62868990
55.66373000
55.70055620
55.73940760
55.78122950
55.81639560
55.85071960
55.88793010
55.92498930
55.96018060
55.99797640
56.03567780
56.07505670
56.11069630
56.15454510
56.19013190
56.22689370
56.26389940
56.30710520
56.34373580
56.38265790
56.41861590
56.45767310
56.49288620
56.53199560
56.56871060
56.60774960
56.64612830
56.68399620
56.71877480
56.75429270
56.79036950
56.82631740
56.86597000
56.90513620
56.94472680
56.98211630
57.02333040
57.06066620
57.09780410
57.13448860
57.17070690
57.21407310
57.25169450
57.28779890
57.32361580
57.36116470
57.39887380
57.43836820
57.48035470
57.51751410
57.55357740
57.58882590
57.62584620
57.66199150
57.70049240
57.73689790
57.77564200
57.82008230
57.86465300
57.89865240
57.93775240
57.97488920
58.01430230
58.05601930
58.09262790
58.12800460
58.16481310
58.20185920
58.24018940
58.28157400
58.32016650
58.35707040
58.39415000
58.43291620
58.47185370
58.50804880
58.54799200
58.59101870
58.62449260
58.66264450
58.69787300
58.73719240
58.78096340
58.82373870
58.85618940
58.89441140
58.93172510
58.96737030
59.00637420
59.04438730
59.07811520
59.11796490
59.15554730
59.19537470
59.23464090
59.27478470
59.31464580
59.35055740
59.38571520
59.42285210
59.46143020
59.49969390
59.53773310
59.58077810
59.61766600
59.65577060
59.69471120
59.73198260
59.77195320
59.81417100
59.84952540
59.88461950
59.92082070
59.95801980
59.99641600
60.03357910
60.07104950
60.11296060
60.15087780
60.18685020
60.22393160
60.26198720
60.29929470
60.33804250
60.38081100
60.41685730
60.45469930
60.49354590
60.53351870
60.57186210
60.61522790
60.65303300
60.69076980
60.73020360
60.76695140
60.80614740
60.84816480
60.88569910
60.92169870
60.96152190
60.99740670
61.03665780
61.07367570
61.11519010
61.15232360
61.18850270
61.22495670
61.26319820
61.29995490
61.33901420
61.38038040
61.41772300
61.45269360
61.49238700
61.53179740
61.56847780
61.60593500
61.64780900
61.68300900
61.72067960
61.75772520
61.79382570
61.83224500
61.86800290
61.90685340
61.94711200
61.98375840
62.02293430
62.06225740
62.09869860
62.13687860
62.17386910
62.21391520
62.25039190
62.28494450
62.32239400
62.35997510
62.39899340
62.43911420
62.48187450
62.51749820
62.55194570
62.58774440
62.62376600
62.65887250
62.69675890
62.73292640
62.76916930
62.80687860
62.84876070
62.88304530
62.91866620
62.95649060
62.99708430
63.03383650
63.07302340
63.11561280
63.15200360
63.18878180
63.22574930
63.26380320
63.30293660
63.34013900
63.38197650
63.41675740
63.45383360
63.49047310
63.52916730
63.56490160
63.60190070
63.64120250
63.68028220
63.71968260
63.75761870
63.79384650
63.83178520
63.87134290
63.91379170
63.95035840
63.98602110
64.02193320
64.05907880
64.09686400
64.13388390
64.17235380
64.21411280
64.25120020
64.28787710
64.32472720
64.36412060
64.40303500
64.44083070
64.48061880
64.51699600
64.55473970
64.59079280
64.62777500
64.66550500
64.70494250
64.74805090
64.78407400
64.82169700
64.85975660
64.90005820
64.93589210
64.97465490
65.01317960
65.04931860
65.08664980
65.12465050
65.16065950
65.19769910
65.23667720
65.27487550
65.31396250
65.35053480
65.38577930
65.42260100
65.46043170
65.49669850
65.53483890
65.57286140
65.61329690
65.65135890
65.68846840
65.72540390
65.76349520
65.80403210
65.84772820
65.88643310
65.92348550
65.96047590
65.99762830
66.03610760
66.07296430
66.11443670
66.15011750
66.18859860
66.22439080
66.26150390
66.30177050
66.33997890
66.38020280
66.41772910
66.45407910
66.49176920
66.52786890
66.56457410
66.60419330
66.64868340
66.68599150
66.72362750
66.76049340
66.79758160
66.83465050
66.87400440
66.91397340
66.95281860
66.99167970
67.02878010
67.06481230
67.10411120
67.14079750
67.18104150
67.21552570
67.25277710
67.28969100
67.32501680
67.36289780
67.40322780
67.44091230
67.48047270
67.51573420
67.55191960
67.58860970
67.62759480
67.66495690
67.70445160
67.74688530
67.79045420
67.82240050
67.86247550
67.90326220
67.94090320
67.98046300
68.01909750
68.05369110
68.08880710
68.12495240
68.16072100
68.19798710
68.24010670
68.28057000
68.31683040
68.35406150
68.39069190
68.42772600
68.46683540
68.50708710
68.54746550
68.58458380
68.62256070
68.65764640
68.69246370
68.72844000
68.76545050
68.80430940
68.84800040
68.88570780
68.92295560
68.95950980
68.99590940
69.03354440
69.07282960
69.11374840
69.15277500
69.18870260
69.22651510
69.26361210
69.30223920
69.34131160
69.38246080
69.42060530
69.45958230
69.49701800
69.53348570
69.57008040
69.60672860
69.64378170
69.68407910
69.72179570
69.75891640
69.79580710
69.83516820
69.87335100
69.90999510
69.94598640
69.98768030
70.02311390
70.05965980
70.09773750
70.13776670
70.17739780
70.22003200
70.25585850
70.29281900
70.32970530
70.36590460
70.40436710
70.44106990
70.47821610
70.52049880
70.55592700
70.59253230
70.62987210
70.66779530
70.70502020
70.74338450
70.77995350
70.81860330
70.85625610
70.89300270
70.93081620
70.96866090
71.00736290
71.05282290
71.08945150
71.12501650
71.16088100
71.19586100
71.23193220
71.26914000
71.30807630
71.35163850
71.39389460
71.42612280
71.46078380
71.49993660
71.53674550
71.57501410
71.61470580
71.65687040
71.69578870
71.73183500
71.77026480
71.80830990
71.84595780
71.88537730
71.92298260
71.95996890
71.99725210
72.03470060
72.07166770
72.10864240
72.15243330
72.18773120
72.22388100
72.25885960
72.29385160
72.33084740
72.36855740
72.41343210
72.44892590
72.48474930
72.52124590
72.55793740
72.59580660
72.63291530
72.67048230
72.70933390
72.75164620
72.78813570
72.82281900
72.86280570
72.90098780
72.93867550
72.98022260
73.01804560
73.05583300
73.09357800
73.12888300
73.16492950
73.20096290
73.23922330
73.28118950
73.32005640
73.35712500
73.39596710
73.43321630
73.47010600
73.50688950
73.54580030
73.58205260
73.62618580
73.66200180
73.69816160
73.73412180
73.77370130
73.81453150
73.85575900
73.89310640
73.93221280
73.96949950
74.00610390
74.04144780
74.08050530
74.12298850
74.15956290
74.19610250
74.23408550
74.27304350
74.31321310
74.35902300
74.39059040
74.42585610
74.46100670
74.49724830
74.53379690
74.56944730
74.60588910
74.64286540
74.68302430
74.72084200
74.75860750
74.79574460
74.83279900
74.86990490
74.91331970
74.94795070
74.98371270
75.01670480
75.05481400
75.08959460
75.12708170
75.16390570
75.20475930
75.24778710
75.28481810
75.32166320
75.35883310
75.39893140
75.43813560
75.47644600
75.51386460
75.55485980
75.59434560
75.63056960
75.66674180
75.70484620
75.74127950
75.78126840
75.81636950
75.84975410
75.88469020
75.92176060
75.95905200
75.99948620
76.03882220
76.08110970
76.11976330
76.15658120
76.19160940
76.22815970
76.26596820
76.30799330
76.34893620
76.38564420
76.42180340
76.45843880
76.49614350
76.53382370
76.57104000
76.60812110
76.64750170
76.68455230
76.72280450
76.75994910
76.79812600
76.83361530
76.87218540
76.91386790
76.94987550
76.98665140
77.02637110
77.06309840
77.09952860
77.13555770
77.17376500
77.21403100
77.25032930
77.28775970
77.32575510
77.36227490
77.40184930
77.44095700
77.48051260
77.51676680
77.55244860
77.59118460
77.62920340
77.66538670
77.70481470
77.74924070
77.78475600
77.82173400
77.86122390
77.90248710
77.94265410
77.98111790
78.01984190
78.05656860
78.09461640
78.12982030
78.16663990
78.20480200
78.24882910
78.28477200
78.32036660
78.35760310
78.39611950
78.43478940
78.47298280
78.51391040
78.55036760
78.58565710
78.62556990
78.66192270
78.70077030
78.73904390
78.78311810
78.81856090
78.85483350
78.89240000
78.93158200
78.97055380
79.00803130
79.04800660
79.08417920
79.12231980
79.16113630
79.19966980
79.24050990
79.28356070
79.31900440
79.35728080
79.39629400
79.43556710
79.47235100
79.51417090
79.55076800
79.58775050
79.62375200
79.65905320
79.69729630
79.73563890
79.77378150
79.81008860
79.84850400
79.88571900
79.92384600
79.96116900
79.99837130
80.03461510
80.07301100
80.10876190
80.14976270
80.18704100
80.22475960
80.26393140
80.30298940
80.34869640
80.38392160
80.41878200
80.45575140
80.49406530
80.53134610
80.56879750
80.60919540
80.64928320
80.68786510
80.72476330
80.76183420
80.79806310
80.83689650
80.87410350
80.91412830
80.95174330
80.98876450
81.02380260
81.06112570
81.09880250
81.13772110
81.18282850
81.21947560
81.25585790
81.29173740
81.32782800
81.36655070
81.40564020
81.44796600
81.48559020
81.52386300
81.56082330
81.59905610
81.63684680
81.67283350
81.71423910
81.75079740
81.78741800
81.82272800
81.85848180
81.89864960
81.93663860
81.98036900
82.01716360
82.05460180
82.09088880
82.12673890
82.16374320
82.20086620
82.23994410
82.28119350
82.31609930
82.35312020
82.39045030
82.43210950
82.46985450
82.50722130
82.54816030
82.58680440
82.62380650
82.66072700
82.69765670
82.73455540
82.77496520
82.81526370
82.85104670
82.88846760
82.92545270
82.96302400
82.99907250
83.03792230
83.08056710
83.11989030
83.15645220
83.19160530
83.22853860
83.26692750
83.30537620
83.34750190
83.38529890
83.42151280
83.45857250
83.51516130
83.55320320
83.58723760
83.62281390
83.65857730
83.69754260
83.73469740
83.77424740
83.81382400
83.85649180
83.88870950
83.92673030
83.96363030
84.00200460
84.04025510
84.08055420
84.11764800
84.15471330
84.19178990
84.22761480
84.26682800
84.30752620
84.35032740
84.38744510
84.42458780
84.46107880
84.49812140
84.53582120
84.57220750
84.61462570
84.65287240
84.68894100
84.72812250
84.76554460
84.80321800
84.83998040
84.88110110
84.92149970
84.95482380
84.99595890
85.03371950
85.07027390
85.11449230
85.15319230
85.19153580
85.22752400
85.26454770
85.30318800
85.34909220
85.38581390
85.42071640
85.45749020
85.49278890
85.52907240
85.56576490
85.60301530
85.64097510
85.67960760
85.71974530
85.75603050
85.79155590
85.82747650
85.86359280
85.90113720
85.93932920
85.98004420
86.01706630
86.05415970
86.09307340
86.13162160
86.17085130
86.21489480
86.25452360
86.28952160
86.32472890
86.36456060
86.40421250
86.43978710
86.48016120
86.51672400
86.55406680
86.59169770
86.62827590
86.66355680
86.69858460
86.73748300
86.77698870
86.82112440
86.85372410
86.89060740
86.92771620
86.96397500
87.00405690
87.04803350
87.08862760
87.12499340
87.16097040
87.19906870
87.23886660
87.27914600
87.31941940
87.35804610
87.39400400
87.43269640
87.47364840
87.51482450
87.55437970
87.59249130
87.62975840
87.66686190
87.70499330
87.74392680
87.78390840
87.82305360
87.86068200
87.89784560
87.93889970
87.98064580
88.01780380
88.05573730
88.09421920
88.13076680
88.16666720
88.20799350
88.24864630
88.28538650
88.32180580
88.35795140
88.39649880
88.43488320
88.47353320
88.51409170
88.55208300
88.59153440
88.62768270
88.66486020
88.70652060
88.74980210
88.78796220
88.82573010
88.86491660
88.90296260
88.94083710
88.97807270
89.01098310
89.04674610
89.08720230
89.12605830
89.16178790
89.19777260
89.23598230
89.27772780
89.32009770
89.35876780
89.39687940
89.43555240
89.47329690
89.51109280
89.54799940
89.59063950
89.62871280
89.66685580
89.70605060
89.74858110
89.78704350
89.82440800
89.86518810
89.90806680
89.94858440
89.98848160
90.02484620
90.06238580
90.09827240
90.13490740
90.17303960
90.21451520
90.25317690
90.29147350
90.32909650
90.36517780
90.40566480
90.44219960
90.48059290
