0.04759450
0.11434650
0.15651410
0.20276630
0.24065310
0.28718040
0.32157300
0.36135130
0.40284630
0.44148190
0.47832300
0.51537020
0.55370290
0.59183190
0.62933710
0.66888700
0.70666010
0.74247360
0.77815470
0.81308060
0.85000230
0.88610540
0.92473170
0.96133190
1.00396150
1.03976420
1.08212970
1.12406100
1.16204800
1.20008020
1.24391670
1.27903300
1.31506900
1.35210920
1.38811610
1.42844200
1.46368110
1.50264930
1.53968170
1.57542630
1.61376950
1.65040440
1.68657180
1.72327970
1.76158420
1.80351840
1.84137000
1.87782030
1.91571450
1.95318280
1.99275140
2.02678380
2.06192440
2.09830960
2.13427000
2.17773330
2.21381410
2.24953260
2.28653690
2.32471230
2.36391180
2.40222720
2.44168100
2.47908770
2.51657030
2.55298290
2.59021690
2.62608320
2.66455580
2.70945370
2.74635250
2.78212310
2.81725610
2.85276400
2.89027820
2.92882950
2.97037940
3.00646080
3.04256260
3.07865730
3.11453870
3.15062640
3.18836110
3.22573100
3.26318510
3.30466880
3.34351670
3.38093290
3.41973080
3.45685160
3.49547370
3.53617120
3.57489390
3.61339200
3.65157010
3.68659800
3.72742220
3.76473140
3.80401390
3.84140760
3.87941240
3.91622230
3.95403820
3.99144270
4.02815150
4.06164300
4.09649910
4.13417130
4.17774520
4.21452600
4.25016540
4.28503850
4.32154160
4.36283790
4.40402570
4.43806890
4.47326590
4.51046020
4.54765430
4.58770710
4.62416180
4.66179140
4.70284550
4.74031510
4.77849510
4.81952840
4.85718410
4.89384560
4.93505180
4.97141980
5.00633410
5.04480440
5.08169820
5.11989920
5.15849840
5.19480430
5.23604170
5.27450480
5.31424280
5.35086960
5.38657230
5.42474150
5.46213620
5.50225410
5.53649540
5.57557940
5.61380500
5.65149130
5.68743430
5.72439540
5.76446630
5.80516060
5.84131520
5.87722460
5.91339380
5.95032660
5.98433960
6.01717390
6.05386370
6.09039340
6.12751060
6.16914260
6.20565090
6.24131000
6.28030660
6.31555620
6.35211420
6.38909900
6.42456750
6.46051810
6.49649550
6.53546450
6.57142440
6.60634340
6.64443150
6.67954840
6.71531550
6.75145930
6.78904470
6.82636290
6.86317170
6.89857310
6.93540830
6.97241850
7.01064360
7.04702210
7.08289200
7.11911340
7.15416320
7.19119090
7.22735300
7.26409170
7.30320800
7.33940190
7.37427290
7.41150580
7.44681760
7.48520040
7.52138910
7.55841570
7.59550410
7.63619270
7.67111130
7.70675000
7.74228180
7.77737260
7.81532640
7.85335900
7.89123680
7.92661780
7.96256270
8.00227890
8.03842340
8.07540090
8.11492640
8.14948760
8.18514600
8.21946420
8.25822330
8.29464950
8.33670340
8.37417100
8.40991280
8.44892460
8.48438090
8.52045690
8.55709540
8.59333670
8.63513120
8.67107650
8.70848840
8.74425930
8.78036870
8.81645060
8.85339810
8.89137910
8.92757020
8.96248420
9.00320210
9.03931740
9.07438190
9.11086210
9.14868340
9.18652980
9.22677560
9.26396880
9.30309700
9.33957450
9.37551480
9.41378370
9.45165680
9.48760180
9.52572920
9.56188400
9.60239340
9.63887450
9.67546290
9.71273620
9.75195190
9.78783230
9.82529550
9.86145620
9.90244520
9.93635590
9.97122560
10.00830390
10.04454150
10.08078900
10.11739360
10.15236590
10.18818190
10.22623210
10.26340750
10.30439760
10.33933230
10.37407760
10.40797020
10.44429120
10.48046590
10.51788760
10.55513690
10.59111780
10.62744070
10.66925750
10.70432910
10.73920500
10.77532860
10.80934950
10.84635430
10.88567280
10.92570000
10.96333890
11.00336250
11.03933150
11.07519680
11.11277330
11.14965610
11.18589770
11.22535060
11.26243860
11.30456150
11.33942660
11.37533750
11.41136880
11.44986380
11.48935290
11.52733780
11.56140950
11.60229810
11.63952380
11.67734650
11.71343700
11.75252630
11.79129100
11.82983200
11.86962610
11.90565500
11.94012580
11.97533860
12.01221560
12.04767510
12.08463600
12.12143920
12.15943590
12.19436180
12.23226900
12.27254130
12.30830370
12.34329160
12.37833200
12.41756110
12.45337390
12.49238430
12.52845430
12.56986280
12.60622960
12.64597140
12.68314890
12.71958660
12.75614280
12.79743050
12.83662360
12.87147670
12.90615620
12.94148770
12.97833780
13.01580030
13.05164830
13.08682730
13.12157810
13.15860260
13.19327900
13.23541270
13.27229700
13.30753390
13.34233890
13.37735750
13.41309660
13.44969530
13.48696550
13.52456460
13.56044940
13.59643210
13.63858060
13.67401030
13.71035860
13.74531350
13.78045950
13.81535750
13.85228920
13.88982980
13.92710020
13.96347580
14.00510340
14.04149300
14.07715600
14.11236190
14.14781860
14.18645840
14.22537250
14.26268990
14.30399060
14.33865510
14.37268090
14.40797540
14.44430660
14.48043740
14.51851980
14.55443520
14.59361380
14.63036420
14.66536060
14.70430020
14.74054780
14.77543500
14.81032930
14.84641150
14.88140250
14.92171490
14.96154400
14.99740700
15.03894830
15.07659360
15.11152690
15.14648920
15.18216620
15.21855180
15.25577130
15.29403450
15.33249940
15.37245900
15.40686090
15.44264230
15.47769550
15.51373950
15.55021260
15.58703180
15.62397040
15.66493490
15.70523180
15.74357680
15.77846640
15.81434750
15.85043470
15.88771560
15.92365740
15.96138390
16.00199930
16.03758030
16.07257780
16.10623770
16.14039460
16.17627550
16.21141320
16.24736320
16.28448760
16.32160090
16.35771150
16.39402770
16.43485650
16.47020860
16.50635500
16.54123220
16.57519840
16.61346520
16.64900050
16.68509020
16.72331620
16.76053340
16.80223870
16.83851570
16.87540790
16.91163960
16.94720710
16.98249030
17.01640710
17.05277160
17.08980070
17.12732170
17.17105810
17.20682280
17.24285380
17.28024410
17.31512620
17.35005750
17.38513750
17.42148840
17.45830000
17.49472420
17.53582430
17.57284720
17.60861120
17.64694060
17.68158740
17.72065750
17.75819920
17.79698890
17.83822170
17.87388510
17.91105170
17.94532060
17.98143460
18.01849470
18.05311230
18.08923040
18.12469870
18.15944740
18.19576120
18.23654270
18.27215140
18.30634010
18.34126700
18.37535200
18.40928110
18.44509650
18.47959150
18.51435810
18.54932190
18.58445210
18.62031380
18.65644590
18.69216710
18.72809140
18.76552760
18.80287920
18.83872680
18.87469130
18.91075700
18.94672200
18.98428190
19.02135540
19.05724720
19.09360620
19.12947270
19.16923380
19.21141290
19.24242460
19.27728860
19.31240910
19.34747410
19.38153170
19.41706900
19.45345040
19.49166850
19.52982320
19.56667760
19.60783970
19.64350800
19.67900810
19.71509040
19.75030520
19.78639680
19.82326980
19.85883340
19.89934210
19.93970410
19.98289920
20.01468140
20.05059040
20.08462850
20.11936750
20.15549510
20.19369000
20.23298700
20.27465930
20.31257830
20.35058410
20.38675060
20.42610540
20.46198390
20.49864190
20.54150570
20.57816460
20.61291000
20.64949690
20.68740230
20.72570540
20.76190080
20.80225280
20.84188240
20.87791830
20.91243770
20.94873590
20.98465120
21.02240290
21.05999620
21.10040590
21.14218430
21.17828710
21.21419950
21.24926770
21.28472820
21.32035370
21.35848620
21.39731700
21.43943100
21.48402640
21.51348880
21.54934840
21.58431200
21.62126640
21.65842200
21.69567600
21.73157750
21.76942660
21.81149340
21.84639650
21.88044720
21.91507390
21.95042680
21.98634030
22.02093390
22.05604690
22.09134500
22.13105290
22.16932920
22.20534980
22.24032080
22.27648470
22.31301150
22.34868580
22.38342200
22.42002700
22.45540510
22.49367630
22.53545820
22.57340870
22.60936540
22.64524380
22.68067510
22.71715260
22.75245120
22.78739170
22.82421260
22.86051400
22.89570030
22.93551980
22.97702060
23.00833270
23.04442470
23.08064970
23.11809110
23.15413710
23.19267090
23.22904060
23.26926580
23.30526500
23.34273580
23.37783210
23.41232090
23.44637240
23.48051280
23.51552800
23.55105500
23.59025710
23.62920960
23.66948740
23.70615290
23.74196790
23.77727180
23.81131120
23.84540290
23.88068670
23.91420130
23.94844070
23.98344580
24.01808950
24.05423650
24.08927620
24.13002000
24.17020120
24.20660240
24.24196820
24.27606630
24.31806640
24.34777750
24.38346830
24.41704400
24.45269710
24.48805690
24.52305920
24.56115700
24.59866860
24.63565140
24.67019560
24.70524590
24.74229200
24.77938660
24.81495030
24.84973360
24.88652190
24.92006320
24.95441690
24.99017100
25.02640690
25.06340250
25.10268000
25.13642050
25.17116130
25.20811290
25.24558370
25.28052600
25.32209750
25.35814790
25.39356730
25.43048830
25.47018390
25.50553920
25.54151140
25.57742280
25.61584290
25.65073900
25.68556490
25.71971350
25.75675390
25.79155540
25.82780910
25.86984570
25.90654910
25.94261220
25.97986830
26.01536980
26.04670690
26.08287410
26.11960600
26.15690300
26.19347240
26.22975850
26.27048500
26.31280350
26.34610000
26.38072950
26.41574920
26.45130990
26.48597880
26.52059180
26.55595060
26.59170250
26.62780240
26.66960340
26.70554250
26.74359930
26.77966700
26.81607150
26.84995650
26.88470010
26.91966780
26.95379120
26.99064140
27.02731680
27.06941120
27.10503900
27.13982430
27.17447990
27.21067900
27.25072860
27.28863350
27.32465710
27.36198950
27.40322200
27.43738650
27.47241980
27.50705160
27.54179890
27.57682150
27.61207560
27.64790610
27.68782840
27.72632400
27.76170960
27.80262310
27.83790850
27.88099730
27.91087680
27.94461200
27.97859800
28.01158270
28.04562760
28.08179550
28.11790740
28.15205980
28.18793670
28.22343000
28.25954240
28.29126570
28.32692630
28.36215170
28.40273520
28.43770020
28.47574430
28.51072320
28.54551030
28.58060560
28.61582620
28.64997900
28.68631670
28.72008780
28.75570330
28.79203950
28.82796350
28.86286390
28.90292080
28.93683480
28.97209060
29.00678710
29.04100310
29.07589560
29.11083170
29.14697360
29.18077280
29.21722150
29.25468820
29.29179540
29.32694430
29.37022080
29.40834770
29.44265910
29.47762460
29.51291940
29.54998370
29.58690060
29.62177230
29.65283040
29.68997590
29.72844320
29.77022040
29.80587090
29.84059700
29.87489800
29.91023890
29.94459540
29.98293270
30.02011260
30.05802250
30.09647180
30.13216240
30.16996020
30.20484890
30.24156690
30.27749470
30.31252180
30.34652170
30.38158380
30.41799390
30.45420200
30.49009400
30.52603760
30.56107110
30.59586210
30.63676620
30.68257390
30.71360790
30.74862290
30.78265740
30.81896130
30.85481540
30.89247050
30.92792560
30.96987750
31.00568950
31.04121930
31.07698230
31.11330710
31.14827730
31.18293570
31.21933950
31.25525330
31.29369180
31.33082160
31.37060830
31.40660100
31.44229250
31.47916540
31.51494270
31.55155270
31.58735530
31.62412340
31.66042250
31.69657010
31.73628600
31.77248990
31.80614080
31.84118220
31.87591530
31.90990150
31.94556020
31.98286910
32.01928180
32.05505120
32.09305560
32.12882580
32.16296370
32.20528820
32.24551740
32.27560550
32.30969190
32.34395850
32.37994170
32.42020850
32.45679110
32.49284570
32.52898290
32.56382340
32.60491640
32.64015790
32.67552020
32.70994740
32.74404260
32.77993220
32.81487920
32.85282700
32.88827080
32.92525700
32.96189170
32.99584780
33.03076430
33.06758170
33.10553480
33.14025490
33.17451220
33.20858120
33.24416980
33.28008280
33.31487610
33.35103350
33.38690780
33.42221540
33.45850260
33.49477020
33.52989060
33.56498160
33.59976050
33.64005750
33.67519670
33.71144070
33.74584940
33.78089360
33.81494290
33.85101810
33.88704300
33.92517890
33.96287520
33.99784600
34.02996790
34.06584030
34.10630770
34.14299380
34.17850410
34.21307740
34.24786050
34.28297330
34.31981930
34.35597190
34.39207920
34.42728230
34.46584720
34.50550210
34.54020780
34.57487240
34.60922840
34.64437240
34.67868470
34.71289270
34.74690280
34.78082450
34.81392110
34.84661440
34.88209590
34.91570820
34.95080170
34.98599370
35.02119960
35.05580260
35.09003610
35.12506400
35.16098490
35.20252040
35.23830200
35.27281900
35.30710860
35.33968880
35.37574300
35.41169190
35.44653910
35.48508750
35.52108310
35.55798480
35.59408580
35.62887800
35.66385000
35.69888010
35.73744940
35.77632410
35.81165920
35.84763930
35.88158280
35.91589460
35.94957360
35.98366920
36.01904820
36.05572530
36.09236990
36.12819250
36.16967680
36.20404080
36.24019080
36.27773830
36.31257120
36.34561230
36.37977640
36.41571400
36.45072440
36.48599000
36.52309000
36.55789200
36.58772200
36.62425020
36.65921320
36.69606820
36.73035640
36.76633990
36.80875630
36.84600690
36.88234160
36.92023300
36.96010720
36.99621420
37.03697480
37.10474570
37.14189890
37.17284510
37.20777030
37.24295680
37.27964500
37.31479430
37.34991890
37.38400790
37.42011010
37.45456650
37.49121860
37.52702560
37.56319690
37.60625710
37.64218750
37.67664010
37.71069560
37.74511550
37.77991310
37.81535010
37.84995640
37.88596360
37.92155610
37.95790250
37.99640180
38.03355630
38.07442230
38.10877510
38.14195160
38.17575590
38.21094390
38.24594150
38.28029260
38.31564590
38.35093950
38.38593120
38.42157010
38.45898030
38.50249850
38.53683330
38.57092350
38.63998840
38.67818320
38.70581540
38.74001030
38.77573140
38.81037350
38.84399060
38.87899220
38.91557550
38.94997370
38.98387180
39.01996900
39.05783670
39.09568260
39.13073210
39.17058120
39.20681530
39.24390830
39.27781120
39.31191150
39.34947730
39.38292880
39.41654270
39.45096900
39.48490810
39.52108770
39.55707950
39.59327690
39.62840240
39.66296510
39.69889400
39.73514150
39.77623420
39.81333660
39.84848290
39.88281730
39.91660930
39.95020930
39.98392710
40.01768250
40.05287740
40.08783850
40.12506510
40.16106950
40.20002300
40.23537200
40.27626560
40.31003670
40.34521740
40.37901410
40.41174820
40.44531860
40.48035790
40.51515100
40.54993690
40.58470960
40.62088860
40.65618170
40.69336560
40.72802570
40.76653010
40.80221970
40.84434380
40.87769060
40.91276220
40.94723580
40.98292070
41.01829340
41.05289790
41.08796530
41.12293970
41.15911010
41.19696860
41.23314400
41.27036380
41.30979570
41.35278680
41.38148160
41.41651530
41.45105930
41.48494320
41.51894180
41.55392580
41.58886970
41.62291930
41.65914520
41.69699730
41.74728400
41.77591680
41.81112820
41.84744370
41.88352980
41.91875060
41.95330350
41.98801930
42.01894070
42.05303160
42.08803880
42.12319470
42.15867190
42.19727420
42.23233250
42.27201590
42.31067260
42.34785590
42.38238070
42.41818110
42.45317810
42.48720080
42.52220680
42.55558640
42.59064110
42.62726130
42.66216870
42.69509160
42.72984600
42.76927600
42.80288390
42.83802310
42.87286840
42.90869930
42.94359120
42.97907430
43.01387160
43.04788210
43.08188600
43.11628150
43.15286490
43.18967580
43.22524130
43.26146030
43.29586950
43.32898930
43.36169740
43.39650890
43.43593180
43.47073330
43.50796470
43.54278080
43.57896990
43.61623100
43.65367890
43.69014110
43.72418080
43.76118040
43.79695230
43.83335970
43.86993150
43.91358250
43.94796730
43.98067620
44.01610830
44.05139440
44.08666050
44.12278390
44.15493800
44.18965690
44.22623970
44.26212430
44.29641910
44.33686970
44.37003580
44.40496620
44.44076110
44.47683510
44.51370920
44.54845110
44.58301500
44.61174580
44.64724370
44.67986080
44.71386560
44.74783880
44.78396360
44.81923770
44.85979530
44.89604430
44.93641440
44.97002410
45.00506390
45.03990920
45.07571940
45.11267750
45.14633780
45.18095190
45.21673560
45.25292020
45.28864070
45.32732010
45.36225150
45.40335310
45.43776350
45.47287730
45.50878150
45.54630140
45.58139310
45.61641220
45.65009600
45.68318890
45.71988430
45.75995390
45.79580890
45.83761370
45.87192120
45.90683880
45.94154450
45.97681340
46.01336020
46.04674180
46.08062080
46.11717690
46.15194950
46.18802410
46.22473340
46.26108640
46.30374360
46.34781980
46.37672180
46.41185000
46.44829570
46.48551360
46.52109830
46.55757140
46.59390900
46.62984690
46.66931410
46.70347080
46.73922120
46.77559170
46.80859790
46.84360380
46.87970510
46.91473110
46.95030590
46.98560040
47.02205030
47.06015630
47.09615620
47.13682840
47.17409510
47.21083140
47.24483410
47.28091510
47.31845100
47.35632000
47.39644900
47.43470240
47.47070180
47.50803190
47.54523220
47.58166140
47.61886820
47.65435150
47.69219060
47.73044970
47.76987830
47.80572510
47.84114350
47.87714380
47.91428520
47.95262040
47.98929780
48.02758010
48.07034380
48.10851080
48.14453920
48.18063140
48.21579700
48.25204990
48.28771840
48.32641080
48.36303070
48.40413330
48.44267840
48.47859580
48.51469760
48.54995900
48.58703030
48.62373290
48.66201110
48.70318200
48.73989840
48.77493620
48.81183630
48.84954970
48.88603690
48.92095780
48.95985760
48.99779080
49.03846930
49.07509190
49.11007630
49.14586970
49.18401520
49.21983200
49.25662240
49.29745490
49.33739080
49.37195770
49.40567560
49.44088880
49.47770590
49.51270160
49.55199830
49.58680750
49.62207510
49.65887400
49.69606840
49.73666490
49.77307660
49.80759480
49.84354450
49.87650900
49.91162250
49.94755840
49.98607760
50.01831030
50.05317660
50.09405640
50.13070860
50.17517530
50.21081740
50.24449180
50.28054680
50.31555960
50.35063300
50.38811980
50.42472980
50.46127870
50.49577390
50.53664880
50.57299100
50.61283930
50.64801710
50.68364680
50.71889770
50.75379360
50.79181560
50.82959670
50.87058840
50.90573600
50.94157240
50.97675070
51.01257660
51.04857610
51.08580610
51.12084320
51.15577510
51.19213830
51.22725800
51.26957510
51.30601330
51.34069230
51.37573880
51.41058120
51.44765800
51.48611850
51.52116660
51.55684380
51.59497440
51.63669700
51.67462550
51.70869030
51.74353910
51.77865760
51.81358500
51.84865800
51.88590110
51.92418210
51.96276490
52.00258300
52.03788030
52.07311430
52.11064660
52.14711090
52.18258230
52.21662980
52.25162980
52.28777070
52.32511570
52.36237670
52.40257800
52.43675410
52.47189660
52.50679280
52.54268260
52.57661390
52.61165600
52.64717860
52.68059290
52.71566950
52.75060310
52.78773590
52.82761180
52.86307130
52.90265690
52.93800900
52.97366870
53.00998820
53.04686230
53.08311720
53.11722830
53.15161400
53.18558690
53.22390070
53.26109170
53.30265030
53.34462550
53.37583430
53.41357350
53.44879320
53.48916720
53.52703740
53.56284390
53.59783750
53.64209010
53.68077820
53.71721340
53.75199590
53.78977520
53.82482320
53.86631630
53.90553020
53.94124710
53.97919460
54.01468900
54.04694020
54.08271230
54.12084440
54.15689720
54.19613300
54.23579460
54.27610930
54.31228780
54.34805300
54.38293760
54.41852960
54.45463190
54.49191560
54.52928290
54.56970350
54.60704580
54.64208490
54.67655630
54.71298370
54.74798470
54.78524650
54.82686130
54.86666520
54.90725300
54.94405380
54.98012970
55.01768570
55.05743190
55.09291730
55.13002590
55.16885530
55.20758480
55.24488910
55.28046710
55.31607860
55.35294140
55.39020420
55.42898550
55.46868720
55.50835260
55.54424580
55.58138200
55.61594090
55.65095080
55.68631960
55.72210860
55.76148360
55.80164300
55.84173340
55.87671000
55.91254040
55.94991140
55.98480690
56.01694470
56.05286390
56.09276750
56.13365760
56.17394160
56.20890940
56.24320450
56.27920350
56.31485530
56.35307600
56.39115560
56.42994560
56.46897030
56.50493840
56.54086330
56.57607380
56.61378720
56.64860440
56.68460970
56.72002000
56.75673580
56.79493520
56.83666900
56.87751640
56.91797680
56.95574380
56.99650390
57.03928590
57.07592440
57.11227790
57.14814160
57.18566410
57.22306400
57.26249600
57.30287010
57.33902960
57.37525990
57.40970860
57.44638240
57.48171470
57.51879660
57.55775950
57.59757480
57.63757230
57.67281440
57.71090340
57.74746180
57.78607240
57.82073570
57.85953250
57.89541130
57.93716080
57.97307720
58.01119230
58.04812960
58.08693220
58.12522920
58.16356440
58.20253550
58.24002000
58.27830120
58.31470020
58.35017230
58.38706810
58.42604900
58.46397450
58.50269910
58.53941410
58.57423790
58.61393210
58.65338430
58.69299500
58.72894990
58.76401560
58.80312400
58.83908330
58.87499210
58.90982360
58.94508350
58.98090650
59.01755250
59.05658080
59.09716550
59.13757570
59.17285140
59.20967230
59.24608650
59.28176470
59.31791300
59.35267080
59.38666750
59.42264100
59.46025150
59.50267920
59.53905000
59.57383370
59.61215190
59.64782840
59.68329080
59.71882070
59.75396460
59.78993080
59.82786980
59.86639080
59.90211240
59.94301200
59.98018300
60.01537360
60.05070010
60.08854980
60.12464600
60.16376720
60.20220280
60.24614310
60.27610100
60.31455550
60.35166170
60.38780080
60.42577150
60.46367340
60.50593240
60.54182350
60.57993840
60.61616180
60.65268460
60.68797180
60.72384910
60.76008150
60.79791910
60.83472880
60.86931810
60.90938900
60.95357860
60.98310620
61.01854830
61.05493610
61.08968490
61.12607060
61.16308480
61.20108390
61.24112730
61.27993870
61.31668010
61.35161750
61.38596560
61.42069530
61.45556870
61.49387300
61.53057340
61.56880970
61.60960060
61.64579650
61.68282130
61.72212750
61.75690220
61.79114860
61.82761420
61.86201500
61.90246020
61.94673940
61.98576450
62.01611720
62.05191690
62.08691260
62.12452970
62.16293690
62.20234390
62.23778310
62.28337440
62.31390360
62.35007870
62.38565900
62.42060500
62.45496180
62.49094030
62.52769380
62.56938090
62.60676230
62.64371100
62.68119760
62.72091040
62.75674580
62.79240700
62.82851280
62.86986310
62.90757510
62.94300400
62.97824360
63.01627450
63.05431970
63.09267770
63.12968920
63.16956280
63.20601180
63.24027180
63.27644270
63.31600240
63.35132660
63.38635910
63.42425090
63.46255260
63.50360720
63.53903720
63.57546600
63.61172600
63.64751180
63.68415230
63.72145930
63.75851640
63.79366210
63.83060560
63.86955310
63.90610420
63.94925430
63.97858830
64.01436650
64.04729120
64.08467650
64.12016990
64.15881430
64.19634690
64.22770320
64.26412480
64.30276460
64.33829330
64.37511860
64.41140400
64.44718210
64.48346220
64.51837500
64.55507840
64.59421440
64.63688200
64.67228820
64.71418940
64.74607800
64.78657200
64.82511400
64.86277590
64.89973150
64.93617990
64.98235990
65.01318320
65.04701950
65.08453050
65.11949700
65.15765490
65.19255650
65.23173630
65.27219040
65.30910660
65.35131230
65.38115690
65.41640750
65.45144600
65.48641090
65.52131600
65.56176120
65.60382190
65.63853360
65.67628470
65.71325260
65.75072400
65.78456670
65.81883170
65.85360040
65.89200210
65.92826310
65.96084340
65.99634330
66.03673120
66.07217590
66.10709250
66.14414690
66.18007090
66.21868580
66.25711090
66.29262630
66.32906840
66.36359980
66.39938960
66.43609970
66.48209340
66.51313700
66.54706890
66.58330180
66.61961000
66.65660270
66.69430460
66.73655670
66.77336750
66.81015320
66.84557260
66.88043030
66.91620400
66.95247520
66.98816760
67.02920250
67.07056530
67.10685650
67.14213150
67.17709910
67.21315780
67.24923410
67.28465060
67.32210150
67.35931720
67.39632280
67.43521990
67.47431200
67.50904230
67.54304470
67.57725350
67.61211270
67.64703840
67.68315250
67.71989520
67.75726870
67.79453430
67.83653020
67.87207560
67.91033600
67.94613860
67.98450630
68.01947580
68.05668950
68.09491170
68.13053170
68.17281750
68.21221070
68.24955610
68.28565940
68.32248640
68.36144130
68.40269320
68.43939670
68.47608080
68.51110510
68.54704630
68.58310490
68.61826630
68.65364750
68.69056030
68.72792970
68.76932570
68.80555570
68.84279890
68.88663060
68.92339260
68.96102660
68.99660010
69.03751580
69.07228120
69.10774230
69.14274750
69.18174850
69.21785220
69.25996710
69.29764780
69.33764820
69.37682190
69.41275450
69.44965270
69.49078090
69.52721840
69.56326790
69.60241550
69.63771830
69.67264210
69.70814160
69.74455390
69.78263000
69.81947680
69.85740680
69.89683480
69.93801140
69.97149400
70.00527220
70.04224430
70.07710330
70.11342890
70.15116370
70.18626290
70.22444620
70.26049170
70.30350110
70.33736170
70.37257230
70.40630210
70.44052580
70.47913860
70.51438430
70.55222250
70.59180470
70.62798600
70.66989090
70.70547840
70.74038130
70.77548830
70.81012270
70.84708930
70.88210060
70.91814640
70.95360680
70.99248760
71.03045460
71.06936180
71.10631640
71.14138300
71.17716060
71.21223470
71.24858990
71.28207250
71.32122740
71.35911310
71.39574250
71.43590350
71.47335530
71.51031950
71.54722300
71.58242930
71.61712980
71.65319120
71.68933770
71.72748580
71.76495160
71.80388560
71.83924600
71.87346970
71.91328620
71.94827870
71.98307150
72.02045200
72.05868020
72.09528250
72.13666310
72.17146820
72.20666620
72.24242530
72.27909230
72.31307460
72.34908990
72.38515690
72.42182710
72.45802920
72.49361100
72.53042630
72.56891400
72.60458150
72.63990190
72.67498460
72.70903680
72.74557730
72.78151520
72.81744060
72.85555570
72.89245630
72.93069460
72.96625750
73.00416520
73.04220980
73.07750170
73.11412720
73.14847090
73.18406510
73.22245720
73.26282460
73.30673980
73.34165430
73.37679240
73.41328560
73.44935240
73.48705940
73.52343000
73.56067740
73.59642100
73.63354410
73.67734720
73.71314870
73.74958430
73.78440910
73.82046710
73.85921260
73.90611480
73.94038310
73.97535590
74.01112450
74.04670930
74.08146560
74.11848490
74.15342710
74.19156740
74.22942310
74.27024660
74.30656420
74.34166150
74.37759900
74.41349570
74.44934230
74.48547830
74.52243560
74.56125530
74.60334520
74.64143040
74.67684380
74.71413540
74.75013130
74.78608830
74.82312020
74.86204690
74.89791300
74.93611830
74.97232960
75.01047680
75.04727170
75.08354320
75.11821190
75.15328090
75.19028760
75.22889690
75.26989480
75.30643950
75.34224880
75.37636090
75.41125140
75.44762750
75.48634870
75.52426080
75.56210030
75.59716520
75.63667380
75.67447500
75.70848910
75.74356500
75.77849500
75.81521390
75.85343560
75.89209770
75.92901040
75.97074590
76.00512780
76.04123540
76.07981720
76.11444830
76.14943570
76.18401720
76.21810600
76.25339200
76.28808270
76.32775480
76.36463250
76.40347160
76.43901720
76.47536840
76.51042930
76.54564900
76.58064370
76.61835470
76.65449780
76.68910790
76.72874360
76.76987050
76.80549540
76.84127220
76.87949580
76.91431460
76.95125780
76.98948470
77.02668400
77.06269810
77.10237150
77.13980300
77.17633000
77.21350620
77.24964500
77.28631840
77.32531910
77.36913270
77.40460240
77.43900210
77.47430290
77.51150290
77.54626870
77.58141530
77.61640410
77.65346450
77.69024150
77.72876170
77.77058540
77.80933450
77.84638010
77.88174240
77.91765120
77.95507500
77.99142430
78.02843110
78.06478650
78.09750700
78.13710480
78.17894700
78.21361500
78.24784300
78.28446850
78.32049660
78.35649200
78.39170060
78.43180550
78.47041880
78.51347670
78.55041370
78.58847890
78.62351820
78.66046340
78.69876720
78.73533510
78.77319210
78.81085440
78.84557680
78.88047290
78.91818140
78.95388250
78.99040340
79.02853030
79.06922350
79.10577860
79.14130930
79.17844350
79.21328400
79.24976420
79.28593500
79.32774290
79.36955680
79.40469430
79.44134000
79.47882690
79.51572680
79.55357590
79.59149860
79.62758610
79.66596940
79.70468990
79.74889540
79.78773660
79.81883150
79.85482960
79.89392940
79.93380990
79.97030600
80.01351520
80.04529070
80.08002240
80.11607380
80.15080050
80.18670880
80.22067340
80.25566140
80.29038730
80.32885080
80.36919110
80.40535680
80.43999950
80.47621050
80.51564240
80.55170380
80.58814910
80.62422340
80.66175890
80.70217130
80.74105300
80.77746590
80.81538610
80.85135610
80.88746770
80.92674470
80.96331290
81.00192770
81.03645490
81.07232880
81.11087070
81.14748870
81.18268180
81.22238670
81.26017730
81.30342140
81.33880560
81.37341180
81.40935090
81.44781110
81.48637920
81.52458980
81.56073090
81.59663040
81.63714550
81.67436480
81.70900740
81.74928020
81.78559950
81.82356860
81.86052090
81.90355220
81.93801640
81.97323000
82.01042530
82.04692170
82.08380400
82.12116170
82.15941990
82.19534980
82.23819930
82.27291330
82.30699210
82.34444080
82.38042510
82.41632710
82.45176340
82.48737430
82.52421680
82.56169340
82.60313440
82.63831510
82.67434480
82.70906360
82.74521150
82.78246900
82.81858250
82.85821060
82.89562900
82.93651080
82.97130990
83.00733790
83.04631880
83.08355630
83.11943750
83.15635040
83.19227350
83.22950800
83.27216720
83.30756350
83.34136040
83.37744080
83.41450090
83.45162990
83.48708070
83.52640540
83.56274400
83.60342990
83.63734620
83.67338690
83.70899490
83.74442930
83.77934790
83.81536680
83.85248500
83.88959890
83.92672350
83.96287970
84.00323900
84.04220720
84.07251240
84.10722020
84.14532790
84.18244070
84.22042990
84.25817280
84.29356560
84.33053990
84.36992850
84.40740800
84.44301560
84.48287950
84.51899360
84.55470700
84.59239360
84.62934850
84.67050010
84.70599590
84.74449290
84.78152780
84.81881080
84.85511360
84.89238030
84.92858530
84.97003210
85.00489180
85.04154010
85.07724260
85.11410900
85.15054050
85.18600700
85.22581070
85.26398480
85.30319710
85.33907410
85.37580410
85.41263410
85.45117570
85.48933820
85.52975880
85.57033780
85.60856020
85.64324610
85.68127410
85.71839480
85.75349240
85.79382480
85.83662860
85.87065210
85.90561490
85.94103220
85.97748670
86.01342650
86.05286430
86.08831720
86.12738150
86.16347750
86.20455910
86.24612510
86.27741560
86.31240900
86.34749020
86.38534180
86.42258720
86.46054370
86.49642880
86.53753670
86.57361480
86.60943980
86.64480930
86.67936740
86.71508510
86.75257000
86.78846970
86.82774360
86.86381990
86.90353660
86.93925830
86.97292320
87.01149080
87.04712760
87.08459230
87.12047440
87.15674810
87.19536030
87.23472320
87.27377980
87.30843810
87.34405080
87.38048090
87.41641390
87.45580500
87.49433460
87.53038940
87.57153260
87.60686230
87.64360880
87.67902710
87.71448100
87.75056530
87.78632680
87.82340480
87.86371450
87.90437840
87.93940060
87.97589260
88.01252290
88.04347120
88.08134040
88.11896540
88.15554480
88.19172260
88.23285890
88.27165140
88.30718770
88.34304450
88.37812330
88.41409400
88.44919230
88.48520050
88.52435350
88.56262520
88.60213510
88.63862200
88.67452920
88.71016610
88.74608420
88.78207760
88.81812980
88.85438730
88.89232470
88.92935020
88.96887540
89.00829140
89.04244700
89.07831100
89.11220740
89.14709760
89.18218270
89.22058660
89.25778560
89.29459930
89.33608420
89.37159290
89.40653660
89.44117470
89.47536520
89.51150670
89.54547970
89.58136620
89.61539910
89.65230970
89.68824950
89.72657280
89.76955260
89.80539700
89.84411210
89.88045660
89.91653330
89.95213550
89.99051970
90.02797640
90.07021280
90.10733660
90.14812440
90.18310900
90.21812200
90.25461060
90.29154120
90.32846290
90.36953170
90.40456210
90.43915640
90.47370110
90.50848930
90.54455510
90.57960290
90.61573510
90.65161310
90.69102010
90.72797370
90.76390650
90.80262750
90.83890140
90.87504120
90.91294310
90.94867070
90.98666550
91.02720070
91.06339810
91.10303270
91.14112170
91.17646150
91.21423420
91.25062080
91.28550510
91.32575530
91.36241370
91.40202460
91.44237630
91.47745010
91.51342000
91.54837590
91.58538280
91.62484330
91.66443210
91.69942280
91.74231450
91.77766060
91.81433180
91.85142760
91.89050040
91.92982950
91.96930670
92.01327840
92.04703560
92.08314120
92.11813390
92.15407210
92.19323980
92.22809620
92.26343650
92.30222220
92.34247040
92.38046750
92.41827380
92.45331470
92.49048860
92.52863120
92.57026220
92.60942500
92.64521110
92.68024560
92.71626280
92.75347100
92.79298430
92.83027720
92.86937600
92.90738760
92.94725320
92.98622610
93.02120970
93.06321900
93.10352880
93.14060220
93.17766160
93.21338000
93.25258300
93.28838270
93.32703290
93.36357630
93.40276250
93.44117190
93.47827190
93.51345070
93.55044530
93.58529950
93.62015470
93.65881990
93.69586010
93.73699570
93.77364570
93.81104110
93.84663660
93.88144360
93.91649010
93.95303560
93.99147620
94.02434810
94.05636960
94.09378750
94.13344180
94.17486540
94.21033380
94.24695630
94.28364370
94.32168980
94.36015850
94.39864190
94.43864790
94.47556750
94.51277110
94.54861290
94.58821750
94.62692610
94.66381030
94.70329130
94.74138310
94.77714610
94.81372050
94.84893090
94.88451940
94.91944880
94.95427340
94.99332970
95.03135420
95.06997320
95.10857430
95.14665370
95.18837770
95.22670710
95.26278380
95.30261610
95.33785970
95.37571050
95.41162050
95.44643540
95.48256640
95.51820560
95.55423750
95.59116570
95.63034980
95.66985390
95.70712990
95.74350410
95.78068810
95.81652030
95.85352980
95.88963010
95.92659860
95.96967890
96.01849330
96.04956430
96.08557250
96.12182580
96.15887440
96.20101900
96.24004250
96.28075860
96.31779460
96.35294690
96.38974330
96.42576450
96.46756730
96.51144240
96.54796070
96.58277070
96.62086820
96.65781460
96.69810740
96.73545730
96.77323120
96.81330810
96.85055590
96.88556390
96.92161310
96.95705840
96.99683990
97.03695290
97.07748980
97.11331980
97.14991300
97.18415580
97.22087400
97.25648100
97.29347120
97.33122760
97.37723450
97.41371410
97.44863640
97.48466500
97.52053780
97.55744440
97.59571610
97.63362570
97.67151320
97.70716580
97.74406090
97.78811770
97.81856010
97.85445230
97.89173160
97.92607610
97.95842190
97.99552660
98.03334460
98.06972500
98.10961440
98.14425270
98.18130680
98.21858480
98.25490470
98.28949680
98.32637290
98.36525900
98.39868300
98.44001480
98.48612720
98.51728840
98.55408900
98.59012140
98.63115350
98.67063990
98.70699810
98.74439170
98.78285450
98.81789680
98.85611370
98.89342240
98.92837560
98.96984600
99.00468230
99.03953150
99.07753250
99.11657040
99.15513100
99.19169800
99.22846570
99.26938390
99.30539770
99.34225890
99.37995040
99.41648010
99.45245320
99.49048430
99.52877340
99.57018470
99.60742930
99.64334880
99.68063310
99.71827600
99.75547260
99.79237810
99.82855160
99.86355400
99.90303450
99.93800580
99.97518770
100.01149240
100.05062130
100.08743970
100.12658910
100.16237790
100.20249270
100.23887980
100.27344030
100.30957010
100.34556870
100.38146570
100.42146180
100.45855820
100.49541930
100.53671800
100.57222520
100.60814070
100.65169490
100.68159610
100.71836520
100.75528570
100.79245860
100.82862070
100.86995960
100.90613350
100.94206600
100.98452930
101.01589670
101.05040580
101.08621320
101.12349440
101.16082750
101.19723370
101.23072170
101.27036470
101.30685440
101.34420730
101.38260000
101.41834990
101.45260360
101.49082870
101.52866700
101.57017970
101.60475140
101.64047760
101.67550920
101.71044500
101.74993220
101.78796520
101.82695580
101.86437590
101.90356000
101.94067430
101.97974920
102.01391350
102.05065870
102.08934920
102.12782790
102.17020090
102.20905360
102.24607340
102.28485480
102.32031340
102.35822900
102.39282360
102.42907940
102.46090330
102.49641670
102.53724110
102.57411620
102.61028960
102.64707910
102.68221690
102.72096800
102.75720490
102.79260740
102.82858490
102.86990760
102.90627610
102.94118020
102.97711030
103.01313580
103.04922460
103.08737610
103.12686200
103.16913060
103.21313250
103.24414450
103.28153490
103.31735220
103.35238470
103.38824930
103.42627580
103.46968230
103.50540190
103.54309340
103.57811840
103.61310470
103.64809360
103.68325170
103.71862650
103.75519060
103.79022080
103.82768050
103.86330310
103.90271620
103.94821390
103.98128910
104.01728300
104.05348240
104.09333990
104.13148980
104.17027240
104.20847990
104.24514200
104.28015840
104.31720760
104.35346210
104.38934270
104.42746920
104.46944980
104.50470050
104.54024790
104.57520850
104.61032830
104.64607680
104.68112720
104.71735290
104.75562290
104.79142740
104.82749540
104.86981780
104.90531370
104.94208310
104.97955340
105.01667450
105.05357540
105.09272180
105.12781290
105.16969990
105.20533680
105.24149150
105.27927250
105.31557260
105.35050740
105.38657070
105.42529000
105.46284470
105.50265160
105.53889340
105.57427270
105.61116990
105.64626160
105.68112200
105.71750460
105.75663660
105.79445660
105.83700340
105.87247090
105.91156400
105.94511160
105.97942340
106.01551120
106.05123840
106.08633830
106.12349970
106.16072820
106.20243250
106.23798740
106.28239810
106.31410950
106.35008910
106.38517660
106.42190730
106.45900140
106.49569530
106.53628280
106.57144330
106.60725210
106.64545940
106.68007250
106.71610020
106.75216010
106.79051950
106.82915230
106.87011070
106.90538050
106.94160380
106.97962910
107.01667950
107.05424320
107.09183480
107.12966600
107.16655440
107.21041350
107.24764880
107.28272450
107.32104050
107.35897140
107.39808520
107.43389020
107.47147840
107.51498420
107.54591610
107.58067670
107.61689080
107.65406160
107.69279520
107.73046640
107.76452630
107.80545200
107.84109880
107.87567240
107.91028750
107.94610600
107.98236200
108.02035690
108.05348160
108.08932800
108.12578570
108.16308970
108.20784090
108.25104020
108.28246300
108.31743480
108.35473380
108.39233880
108.43047320
108.46547280
108.50245290
108.54140720
108.57773400
108.61346590
108.64947180
108.68504480
108.72150130
108.76177030
108.79943380
108.83952300
108.87640170
108.91246750
108.94813280
108.98606000
109.02335530
109.05967680
109.09748960
109.13327150
109.17625610
109.21348190
109.24943590
109.28449260
109.32588490
109.36664830
109.40694740
109.44132480
109.47663100
109.51245080
109.54899070
109.58444670
109.61943460
109.65656690
109.69549950
109.73521070
109.77570370
109.81274650
109.84949060
109.88649060
109.92731660
109.96678170
110.00467680
110.04345800
110.08020190
110.11549450
110.15245110
110.18809260
110.22647370
110.26559940
110.30736520
110.34374410
110.37847480
110.41346130
110.44919000
110.48957720
110.52589460
110.56181010
110.60065540
110.64345740
110.68342590
110.71915780
110.75772210
110.79610260
110.83652790
110.87336760
110.91025880
110.94550060
110.98209430
111.01843890
111.05531990
111.09403730
111.13053060
111.17003900
111.20659250
111.24227060
111.27727040
111.31369350
111.35034630
111.38815480
111.42557950
111.46183130
111.50302620
111.54512820
111.57726700
111.61352950
111.65127460
111.68612910
111.72250390
111.75973720
111.79481740
111.83637250
111.87278140
111.91007420
111.94551290
111.97953250
112.01724200
112.05417370
112.09366820
112.13219650
112.17016850
112.20648170
112.24255050
112.27943180
112.31611870
112.35320400
112.38811940
112.42625270
112.46282960
112.50261620
112.53845390
112.57543100
112.61217940
112.64924950
112.68411370
112.72015210
112.75727950
112.79652550
112.83752330
112.87336850
112.90945230
112.94684930
112.98154930
113.01987710
113.06216330
113.09869950
113.13226320
113.17529880
113.21240640
113.24773680
113.28377660
113.31970720
113.35921520
113.39845940
113.43554470
113.48068670
113.51990560
113.55247670
113.58851960
113.62447220
113.66116070
113.70052340
113.74314570
113.77826000
113.81458710
113.84822640
113.88411960
113.91849520
113.95415050
113.99251850
114.03627310
114.07348800
114.11054080
114.14526590
114.18367500
114.22043290
114.25730900
114.29480240
114.33599380
114.37152810
114.40850810
114.44329330
114.48049400
114.51571660
114.55182200
114.58753640
114.62347310
114.66271980
114.70316370
114.74664280
114.77708840
114.81395290
114.85139840
114.88745950
114.92353400
114.96025450
114.99779280
115.04285070
115.07945200
115.11468200
115.15221640
115.19172690
115.22837700
115.26758060
115.30463550
115.34422540
115.38065890
115.41563670
115.45115830
115.48761380
115.52353060
115.55915930
115.59880720
115.63654160
115.67764240
115.71360120
115.74999240
115.78685020
115.82630920
115.86596910
115.90344220
115.94843320
115.97964660
116.01480280
116.05400980
116.09132050
116.12892440
