0.04045840
0.10995120
0.15463420
0.19721410
0.23723470
0.27643190
0.31796560
0.35849950
0.39594380
0.44180980
0.47467220
0.51108080
0.54949080
0.59233730
0.63005610
0.66608120
0.70486210
0.74401960
0.78456650
0.82555480
0.86168040
0.89548660
0.93681780
0.97520450
1.01464740
1.05246570
1.09609700
1.13430490
1.17269740
1.21122590
1.24703950
1.28547240
1.32598290
1.36110350
1.39718840
1.43312840
1.47286020
1.50968020
1.55036990
1.59290980
1.62922780
1.66398270
1.70288420
1.73941020
1.77807800
1.81579980
1.85219480
1.89267390
1.93034410
1.96602180
2.00523440
2.04269070
2.08530200
2.12772960
2.16318400
2.20014090
2.23962210
2.27864250
2.31712200
2.35925070
2.39621120
2.43063590
2.46842900
2.50612160
2.54236230
2.58323450
2.62741880
2.66244520
2.69777480
2.73406980
2.77238600
2.81082600
2.84935370
2.88632060
2.92635260
2.96320330
3.00046570
3.03596020
3.07504820
3.11232590
3.15130350
3.19401120
3.22983600
3.26693770
3.30574470
3.34227720
3.38263740
3.41838600
3.45879300
3.49522420
3.53114050
3.56828310
3.60322170
3.64287520
3.68079990
3.71882510
3.75973980
3.79682940
3.83576290
3.87188110
3.90746260
3.94265070
3.98115870
4.01963240
4.06027220
4.09777550
4.13272110
4.16874780
4.20616280
4.24151580
4.28084700
4.31783610
4.35989710
4.39846870
4.43523090
4.47349650
4.51093480
4.54727590
4.58568440
4.62689610
4.66405200
4.69932760
4.73625850
4.77348900
4.81212750
4.85186330
4.89290540
4.92836860
4.96751160
5.00436630
5.04399720
5.08415990
5.12684740
5.16353910
5.20219710
5.24053880
5.27850400
5.31698950
5.35930460
5.39521830
5.43501640
5.47114540
5.50781010
5.54406000
5.58244650
5.62026670
5.66287850
5.70095160
5.73778930
5.77586410
5.81481100
5.85151850
5.89226370
5.93238670
5.96865910
6.00510830
6.04090240
6.07704600
6.11409020
6.15335340
6.19301060
6.23171590
6.26884860
6.30596350
6.34317450
6.37847220
6.41527550
6.45136260
6.49230160
6.54095930
6.57174760
6.60792880
6.64502850
6.68262390
6.71945010
6.75918300
6.79627320
6.83086160
6.86574300
6.90180160
6.93797330
6.97526160
7.01081790
7.04743990
7.09296120
7.12821010
7.16584380
7.20187660
7.23871770
7.27386160
7.31523880
7.35187860
7.39203390
7.42742710
7.46693110
7.50328380
7.53893010
7.57617370
7.61557070
7.65398910
7.69454450
7.73561230
7.77404790
7.81278980
7.84924340
7.88513590
7.92641040
7.96205580
7.99906600
8.03496010
8.06975580
8.10575360
8.14182790
8.18387240
8.22583170
8.26192220
8.29707730
8.33086040
8.36886430
8.40507550
8.44117380
8.47804660
8.51633430
8.55405150
8.59332630
8.63039830
8.66603110
8.70072580
8.73614720
8.77013450
8.80794560
8.84423570
8.88143630
8.91621200
8.95850720
8.99532870
9.03297280
9.06984320
9.10595350
9.14183750
9.17901980
9.21757340
9.26327950
9.30092420
9.33834330
9.37425230
9.41020370
9.44623680
9.48175090
9.51732470
9.55862720
9.59615980
9.63609540
9.66976380
9.70576770
9.74306270
9.78338500
9.82645930
9.86429360
9.90106300
9.93377650
9.97125700
10.00805710
10.04571670
10.08415820
10.12266390
10.16208710
10.19847860
10.23596690
10.27127880
10.30811130
10.34772140
10.38628850
10.42226850
10.46449860
10.50174480
10.53939120
10.57633980
10.61716610
10.65628430
10.69730200
10.73358640
10.77036130
10.80746840
10.84819560
10.88694090
10.92419820
10.96560660
11.00098030
11.03739060
11.07503540
11.11199120
11.15165130
11.19047770
11.22930650
11.26592390
11.30207780
11.33708470
11.37617210
11.41552200
11.45126080
11.48800600
11.53272640
11.56950060
11.60610910
11.64207180
11.67892160
11.71612530
11.75512690
11.80000140
11.83548900
11.87117120
11.90717450
11.94260790
11.98549460
12.02422720
12.06392650
12.10109860
12.13808340
12.17543450
12.21572840
12.25420700
12.29355540
12.33370680
12.37022260
12.40475420
12.44070600
12.47685420
12.51452810
12.55296530
12.59168380
12.62977410
12.66823580
12.70706070
12.74189370
12.77874610
12.81635440
12.85325290
12.89228590
12.92911770
12.96938690
13.00629590
13.04420030
13.07917130
13.11935660
13.16039640
13.20241000
13.24453650
13.28708350
13.33425260
13.37366330
13.41280990
13.46158110
13.50281210
13.54396770
13.58410310
13.62723420
13.66747790
13.70817610
13.74393380
13.78627480
13.82775310
13.86976440
13.91098680
13.95211830
13.99406660
14.03056470
14.06890780
14.10559310
14.14376280
14.18062200
14.21815300
14.25774130
14.29595310
14.33734790
14.37606660
14.41263280
14.45189380
14.48979870
14.53650280
14.57266920
14.60780840
14.64793040
14.69372510
14.73282220
14.76960440
14.80864690
14.84660740
14.88376170
14.91974670
14.95637940
14.99280670
15.03521310
15.07056610
15.10657070
15.14443340
15.18478350
15.22414200
15.26956210
15.30673930
15.34257690
15.38160370
15.42133280
15.46062580
15.50080170
15.53822280
15.57739410
15.61449350
15.65248520
15.69237050
15.72950220
15.76672810
15.80476140
15.84457060
15.88395070
15.92126310
15.95911230
15.99470560
16.02962550
16.06579660
16.10434320
16.14089690
16.17693340
16.21454830
16.25253370
16.29376420
16.33088350
16.36936730
16.40725950
16.44703940
16.48683870
16.52361450
16.56212730
16.60588730
16.63952180
16.67669320
16.71453830
16.75154630
16.79547750
16.83468410
16.87101650
16.90561200
16.94169860
16.97912360
17.01394960
17.05263910
17.09150710
17.12708400
17.16639770
17.20285150
17.23842850
17.27386520
17.30892360
17.34480680
17.38197370
17.42085850
17.45898000
17.49528370
17.53206620
17.56907650
17.60627810
17.64395470
17.68241640
17.72026540
17.75875640
17.79364960
17.82856450
17.86316930
17.89909270
17.93641540
17.97230930
18.00714780
18.06180340
18.09225550
18.12909180
18.16628700
18.20288060
18.23736570
18.27513800
18.30985300
18.34595490
18.38313280
18.42583250
18.46212500
18.49880680
18.53615240
18.57233490
18.60920670
18.64640980
18.68322080
18.71924410
18.75881150
18.79465230
18.83035630
18.86709230
18.90425120
18.94009770
18.97687630
19.01421950
19.05158940
19.09148760
19.12728280
19.16416860
19.20008860
19.23734660
19.27307890
19.31385550
19.35212700
19.39234470
19.42919080
19.46506020
19.50083320
19.53809060
19.57928140
19.61622980
19.65206710
19.69151160
19.72697800
19.76405530
19.80014460
19.83717410
19.87194540
19.90799640
19.94425910
19.98377750
20.02089780
20.05958670
20.09620410
20.13969140
20.17996710
20.21627110
20.25298510
20.29266720
20.32848270
20.36412610
20.40038330
20.43715980
20.47438430
20.51092680
20.55032400
20.59272010
20.62813180
20.66509450
20.70299210
20.74005930
20.77663050
20.81526500
20.85223450
20.89270070
20.92918210
20.96375870
20.99871870
21.03376420
21.06882770
21.10546810
21.14154750
21.17613720
21.21409620
21.25182160
21.28549350
21.32666800
21.36503970
21.40106140
21.43725440
21.47517200
21.51482330
21.55339460
21.59249280
21.62848930
21.66524580
21.70183150
21.73828180
21.77415430
21.81007190
21.84714050
21.88606520
21.92729890
21.96194110
21.99880070
22.03381320
22.06984550
22.10643370
22.14231540
22.18350910
22.22635550
22.26412210
22.29992900
22.33723450
22.38015700
22.41911930
22.45898770
22.49319590
22.52928130
22.56411170
22.60020120
22.63946360
22.67554780
22.71114780
22.74758590
22.78559640
22.82817250
22.87074340
22.90334770
22.94016200
22.97632100
23.01397160
23.05221960
23.08704900
23.12646950
23.16116940
23.19811270
23.23636410
23.27213850
23.30812780
23.34515770
23.38245580
23.41830310
23.45449290
23.49203460
23.52845090
23.56406900
23.59989970
23.63850380
23.67539180
23.71016930
23.74835800
23.78521890
23.82799380
23.86279220
23.89916170
23.93520330
23.97119060
24.00804140
24.04496170
24.08444290
24.11909070
24.15937710
24.19449490
24.23082200
24.26617390
24.30319290
24.33915780
24.37600570
24.41284740
24.45252260
24.49315130
24.52845000
24.56478960
24.60084500
24.63592640
24.67289200
24.70936890
24.74541980
24.78222240
24.81601630
24.85244460
24.89201140
24.92702800
24.96300020
24.99904840
25.03701930
25.07510850
25.11514100
25.15135610
25.19281260
25.22943810
25.26600170
25.30415590
25.34229900
25.37893480
25.41519320
25.45125400
25.49123790
25.52727320
25.56394430
25.59882160
25.63482760
25.66981130
25.70581400
25.74202640
25.78158660
25.81748260
25.85846560
25.89413390
25.93070290
25.96706190
26.00434820
26.03980630
26.07610570
26.11339890
26.15104500
26.19209020
26.22891760
26.26702000
26.30413390
26.34225290
26.38069610
26.41778780
26.45883060
26.49464740
26.53066210
26.56943600
26.60652790
26.64255690
26.67999330
26.71924880
26.75957600
26.79410940
26.83152190
26.86883380
26.90513470
26.94013310
26.97621470
27.01322880
27.05052040
27.09141520
27.12753790
27.16308290
27.19700120
27.23213740
27.26886680
27.30592570
27.34221590
27.38037350
27.41749530
27.45878580
27.50097280
27.53619050
27.57554340
27.61234320
27.64966080
27.68508970
27.72201100
27.76133050
27.79846890
27.83424050
27.86924300
27.90416250
27.94010470
27.97953030
28.01639650
28.05320410
28.08995500
28.13192020
28.17160860
28.20737340
28.24433450
28.28218480
28.32065940
28.35883140
28.39744180
28.43483350
28.46988140
28.50579840
28.54191810
28.57830140
28.61633840
28.65214110
28.69146550
28.72948050
28.76713250
28.80283970
28.83780820
28.87282860
28.90886980
28.94383980
28.98407160
29.01956340
29.05921680
29.09841140
29.13611390
29.17099010
29.20697760
29.24399100
29.28234600
29.31721860
29.35940730
29.39692010
29.43308180
29.47009590
29.50892980
29.54892680
29.59137990
29.62617630
29.66201990
29.69745340
29.73458080
29.77089000
29.80586360
29.83987390
29.87592180
29.91312220
29.94809170
29.98551500
30.02529570
30.06124570
30.09826650
30.13407720
30.16892480
30.20538590
30.24090680
30.27600040
30.31427370
30.35238920
30.39228010
30.43098060
30.46833570
30.50582250
30.54309740
30.58256420
30.61853270
30.65904360
30.69646530
30.73341830
30.76818810
30.80225620
30.83826060
30.87321130
30.90926230
30.94616650
30.98453260
31.02136240
31.05831160
31.09700070
31.13275700
31.16835020
31.20351230
31.24013950
31.27651600
31.31343400
31.35386520
31.39166180
31.43269780
31.46962920
31.50853450
31.54584200
31.58538880
31.62623780
31.66586670
31.70146930
31.73778180
31.77636180
31.81681570
31.85237950
31.88621300
31.92345030
31.96071760
32.00328030
32.03458290
32.06932090
32.10634730
32.14213060
32.18117920
32.21970380
32.25610030
32.29266920
32.33401580
32.36908670
32.40376030
32.44050580
32.47927380
32.51502600
32.55141200
32.58852880
32.62610450
32.66518530
32.70487600
32.74083710
32.77605550
32.81356800
32.84936360
32.88232390
32.91873370
32.95816210
32.99503570
33.03120600
33.06610240
33.10106100
33.13701480
33.17412240
33.21187260
33.25385240
33.29212270
33.32717050
33.36203140
33.40013060
33.43609930
33.47234930
33.50883310
33.54496340
33.58361290
33.61942560
33.65853170
33.69522680
33.73285390
33.76928290
33.80460890
33.83917310
33.87414750
33.91019340
33.94739350
33.98443010
34.02117110
34.06099870
34.09624070
34.13194600
34.16932250
34.20525010
34.24122710
34.27627540
34.31220600
34.34814700
34.38683870
34.42459250
34.46470720
34.50102020
34.53725840
34.57419610
34.61236330
34.64718580
34.68382980
34.72079320
34.76015420
34.79771410
34.83394660
34.86821970
34.90322460
34.93919060
34.97590330
35.01210490
35.04937200
35.08530960
35.12539950
35.16022090
35.19612310
35.23330210
35.26811810
35.30416210
35.34296780
35.37980100
35.41713230
35.45982210
35.49672900
35.53530540
35.57113050
35.61004710
35.64589640
35.67791050
35.71284080
35.75013510
35.79119550
35.83614510
35.86694880
35.90322250
35.94012130
35.97547630
36.01305430
36.05462060
36.09645700
36.13930170
36.16946700
36.20704920
36.24301860
36.28002070
36.31755350
36.36062120
36.39629530
36.43322250
36.47174010
36.51078400
36.54743370
36.58448780
36.62585880
36.66232850
36.70064820
36.73699970
36.77401380
36.80905610
36.84487790
36.88205300
36.91847260
36.95996200
36.99571590
37.02991170
37.06609230
37.10227760
37.13971660
37.17692080
37.21522980
37.25116840
37.29160760
37.32774350
37.36241900
37.39816810
37.43320270
37.46830500
37.50281190
37.53717060
37.57699290
37.61438790
37.65216750
37.68912810
37.72568040
37.76472240
37.80117280
37.83599410
37.87207220
37.90842500
37.94943060
37.98531850
38.02568530
38.06136090
38.09696160
38.13190530
38.16717850
38.20441960
38.23917130
38.27513460
38.31108800
38.34910130
38.38738650
38.42601540
38.46303160
38.49874870
38.53612540
38.57195160
38.60824850
38.64442410
38.68022400
38.71609780
38.74706290
38.79214750
38.82737810
38.86332780
38.89988190
38.93579370
38.97217450
39.00634720
39.04284500
39.07953160
39.11634780
39.15218750
39.19234590
39.22749900
39.26383930
39.30807620
39.34016480
39.37506730
39.41561470
39.45990890
39.50292380
39.53422720
39.57008860
39.60827800
39.64304900
39.68243080
39.71812730
39.75514440
39.79265380
39.83028130
39.86580120
39.90377470
39.94215400
39.97942390
40.01536790
40.05132810
40.09239260
40.12833870
40.16407060
40.20103800
40.23697250
40.27711720
40.31387370
40.35022060
40.38738470
40.42616460
40.46204650
40.49616900
40.53207400
40.57028860
40.60967160
40.64874670
40.69369550
40.73202730
40.79826900
40.83031560
40.86658860
40.90157260
40.94081260
40.97854550
41.01722360
41.05415130
41.09426880
41.13144610
41.17027040
41.20936160
41.25182700
41.29358150
41.33008590
41.36728200
41.40330320
41.44173810
41.47981130
41.51805020
41.55467960
41.59623310
41.63493440
41.67092480
41.70898210
41.74617590
41.78479700
41.82320740
41.86025030
41.89527950
41.93306070
41.96887180
42.00491050
42.04366350
42.08623270
42.12845170
42.16670500
42.20406690
42.24431210
42.28247520
42.32048310
42.36058220
42.40521460
42.43897280
42.47754350
42.51767800
42.55462710
42.59612050
42.63284920
42.66985120
42.70884670
42.74680360
42.78585310
42.82810180
42.86280200
42.89870920
42.93476810
42.97205110
43.00837330
43.04475450
43.08487430
43.12159540
43.16216720
43.19972770
43.23322390
43.26908780
43.30669440
43.34561980
43.38579780
43.42833900
43.46938430
43.50432430
43.54609820
43.58402220
43.62902730
43.66561090
43.70233170
43.73791720
43.77542960
43.81261320
43.85121920
43.89388630
43.93046700
43.96953640
44.00646610
44.04236860
44.08008580
44.11862480
44.16004240
44.19527700
44.23032910
44.26597790
44.30322270
44.34039190
44.37863410
44.41810120
44.45497260
44.49435460
44.53215260
44.56862910
44.60422230
44.64027710
44.68063750
44.71976510
44.76104120
44.79825570
44.83499620
44.87278180
44.91031230
44.94515610
44.98335330
45.01926670
45.05913140
45.09627410
45.13392290
45.16805720
45.20407740
45.24094670
45.27749370
45.31492650
45.35240220
45.39191770
45.42883310
45.46886610
45.50574450
45.54048210
45.57447220
45.60944370
45.64559510
45.68484210
45.72546860
45.76046140
45.79675140
45.83179380
45.86693130
45.90267430
45.93906880
45.97511840
46.01054210
46.04790320
46.08573510
46.12596730
46.16269090
46.19763160
46.23371620
46.27048250
46.30748770
46.34374280
46.38106910
46.41784800
46.45849360
46.49675020
46.53272290
46.56788990
46.60542270
46.64182680
46.67744320
46.71377850
46.74975200
46.78399840
46.81968570
46.85493760
46.89486220
46.93095090
46.96664320
47.00239810
47.04073830
47.07786110
47.11747040
47.15487120
47.19078540
47.23366030
47.27029140
47.30607280
47.34095300
47.37902940
47.41648690
47.45553360
47.49691090
47.53326480
47.56903620
47.60418130
47.63979370
47.67596460
47.71382720
47.75048800
47.78670480
47.82510610
47.86550220
47.90118470
47.93799240
47.97411680
48.01123770
48.04843310
48.08375040
48.12172160
48.15767040
48.19861390
48.23533690
48.27005790
48.30587140
48.34066730
48.37889140
48.41523690
48.45612670
48.49264140
48.53050710
48.57340390
48.60384080
48.64125350
48.67685320
48.71537090
48.75633500
48.79481550
48.83454440
48.87150050
48.90261230
48.93975740
48.97448320
49.01068750
49.05023500
49.09143600
49.12569580
49.16291630
49.20102880
49.23672010
49.27354850
49.31047390
49.34921640
49.38580850
49.42675610
49.46291410
49.49889290
49.53503730
49.57212980
49.61057620
49.64843210
49.68702600
49.72610360
49.76142080
49.79968800
49.83569340
49.87193520
49.90909250
49.94354880
49.98068080
50.01841160
50.05924950
50.09568080
50.13084980
50.16879510
50.20378530
50.24068280
50.27664790
50.31399160
50.35091300
50.38680340
50.42551620
50.46159950
50.49859560
50.53593560
50.57012180
50.60678580
50.64276600
50.67985220
50.72029400
50.75796650
50.79859780
50.83500830
50.87091580
50.90624450
50.94180050
50.97794270
51.01461410
51.05227350
51.09026050
51.12666780
51.16648360
51.20185990
51.23751580
51.27389510
51.31090670
51.34675730
51.38595590
51.42236340
51.46563550
51.50292500
51.53785540
51.57398210
51.60943670
51.64656090
51.68479410
51.72765700
51.76338600
51.79856790
51.83356720
51.86993400
51.90828970
51.94553760
51.98182510
52.01942330
52.05881650
52.09668640
52.13364810
52.16993090
52.20586660
52.24253900
52.28001880
52.31746090
52.35839850
52.39570880
52.43294610
52.47023730
52.50762210
52.54346200
52.57945100
52.61709540
52.65971250
52.69567450
52.73073430
52.76560800
52.80209840
52.84155730
52.87796610
52.91471090
52.95125210
52.99188220
53.02690280
53.06221190
53.09796120
53.13504790
53.17142760
53.20935580
53.24835900
53.29169750
53.32809330
53.36492680
53.40493780
53.44113750
53.47613470
53.51295300
53.55007980
53.58944820
53.62699030
53.66380760
53.69871450
53.73802430
53.77587860
53.81477120
53.85219160
53.89148860
53.92777510
53.96559000
54.00283680
54.03691900
54.07237740
54.10686430
54.14085530
54.17780500
54.21482920
54.25208300
54.28932230
54.32629970
54.36074890
54.39948000
54.43593520
54.47066360
54.50579600
54.54018990
54.57649190
54.61584960
54.65629740
54.69823500
54.74049940
54.77213430
54.80802960
54.84401450
54.88163400
54.92521030
54.96256030
55.00694310
55.03675590
55.07381980
55.11082460
55.14944170
55.18747340
55.22316750
55.25923890
55.30356700
55.33602260
55.37451990
55.40993700
55.44549830
55.48203280
55.52536570
55.56174460
55.59748750
55.63244970
55.66760310
55.70530920
55.74254710
55.77910790
55.81544020
55.84739770
55.88466070
55.92638110
55.96557900
56.00435540
56.04164370
56.07644320
56.11177780
56.15004780
56.19444660
56.22944010
56.27331670
56.30353900
56.34215570
56.37802550
56.41605460
56.45830760
56.49854170
56.53670460
56.57268500
56.60862350
56.64410820
56.68494920
56.72646070
56.77056150
56.80472130
56.84164120
56.88124580
56.91687510
56.95913260
56.99475640
57.03754250
57.06857340
57.10243570
57.13869950
57.17383010
57.21052880
57.24777130
57.28823460
57.32615690
57.36284370
57.39968120
57.43703890
57.47290500
57.50894230
57.54403630
57.58180650
57.61780780
57.65928760
57.69461690
57.73048090
57.76764460
57.80343610
57.83997020
57.87713920
57.91358560
57.95105910
57.98800420
58.02569100
58.06271040
58.09965670
58.13542340
58.17056290
58.20867760
58.24357720
58.28265270
58.32589330
58.36069170
58.39559770
58.43147300
58.46647870
58.50166010
58.53643340
58.57054470
58.60572820
58.64293170
58.68174740
58.71992200
58.75893700
58.79416900
58.82883290
58.86566050
58.90428150
58.94000280
58.97500260
59.01089420
59.04595710
59.08419570
59.12656620
59.16369630
59.19973620
59.23576380
59.27184500
59.31038080
59.34660150
59.38411540
59.41873240
59.45891940
59.49490390
59.53239070
59.56891400
59.60477710
59.64259670
59.67807940
59.71700890
59.75876140
59.79283750
59.82868210
59.86379330
59.89985610
59.93622920
59.97625460
60.01583300
60.05178200
60.09644640
60.13239310
60.16788300
60.20384310
60.24088220
60.27973060
60.31725610
60.35832650
60.39403720
60.43150700
60.46867470
60.50492070
60.53951990
60.57573040
60.61090510
60.64830470
60.68582430
60.72615880
60.76132780
60.79684080
60.83264220
60.86943630
60.90680640
60.94268370
60.97865440
61.01562520
61.05950510
61.09419660
61.13850480
61.16845700
61.20343970
61.24049530
61.27866490
61.31788980
61.35836260
61.39422740
61.42900290
61.46471310
61.49991020
61.53550060
61.56954630
61.60445290
61.64048150
61.67666290
61.71273240
61.75179790
61.79227150
61.83165670
61.86747150
61.90368020
61.94100870
61.97741340
62.01492970
62.05177790
62.09296030
62.12935170
62.16410800
62.20178990
62.23669470
62.27457810
62.30979300
62.34854730
62.38386000
62.41966020
62.45833020
62.49427010
62.53057760
62.56571330
62.60049680
62.63646570
62.67149160
62.70661180
62.74178480
62.78015230
62.81594920
62.85195130
62.89165700
62.92632810
62.96207900
62.99728700
63.03239920
63.07142120
63.10648230
63.14360170
63.18098000
63.21944390
63.25960350
63.29574280
63.33062920
63.36482750
63.40289550
63.43878950
63.47461080
63.51194540
63.54841410
63.58596460
63.62702420
63.66309750
63.69804260
63.73478530
63.76972610
63.80655830
63.84285370
63.87977080
63.91698720
63.95815460
63.99460930
64.03074990
64.06563060
64.10167340
64.13652430
64.17149750
64.20704480
64.24367980
64.28053000
64.31651700
64.35190570
64.39208180
64.42817390
64.46406580
64.50116430
64.53687800
64.57217700
64.60962970
64.64863300
64.68679550
64.72646130
64.76310620
64.79838780
64.83845460
64.87435350
64.91215850
64.94853900
64.98570790
65.02579450
65.06192480
65.09896410
65.13559090
65.17146560
65.20652630
65.24152680
65.28273620
65.31889460
65.35867310
65.39469350
65.43110810
65.47205020
65.50703070
65.54256340
65.57762150
65.61661010
65.65450380
65.69257820
65.73293790
65.77168980
65.81048310
65.85170900
65.89153540
65.92879440
65.96402080
66.00282260
66.03855950
66.07349240
66.10858340
66.14454880
66.18424890
66.22144200
66.25900630
66.29662840
66.33261030
66.37008420
66.40804980
66.44359520
66.48231820
66.52074460
66.55798630
66.59684530
66.63410210
66.66985470
66.70480160
66.74056970
66.78022410
66.81716890
66.85586250
66.88911030
66.92499650
66.96662530
67.00158890
67.03681630
67.07286010
67.10873020
67.14484850
67.18082310
67.21855890
67.25911840
67.29472770
67.33082210
67.36733080
67.40224680
67.43888020
67.47390230
67.51072440
67.54846730
67.58643880
67.62798220
67.66469640
67.70063500
67.73596690
67.77388870
67.80988040
67.84689950
67.88441940
67.91931160
67.95872070
67.99494540
68.03280960
68.06798480
68.10286860
68.13794070
68.17283130
68.20781240
68.24356830
68.27983820
68.31768730
68.35851410
68.39575890
68.43397090
68.47084470
68.50668850
68.54257090
68.57652510
68.61365840
68.65287360
68.69314620
68.72996830
68.76684230
68.80113660
68.83773970
68.87599390
68.91256200
68.94907320
68.98509510
69.02562440
69.06256660
69.10079450
69.13776410
69.17563100
69.21048870
69.25082270
69.29188770
69.32714760
69.36401940
69.40054570
69.43755100
69.47515820
69.51015200
69.54719840
69.58580210
69.62580320
69.66201390
69.70019120
69.73748850
69.77401220
69.81130340
69.85069680
69.88765070
69.92361930
69.96543280
70.00152030
70.04053340
70.07644800
70.11366510
70.14910410
70.19194430
70.22776960
70.26339090
70.30272850
70.34003020
70.37612550
70.41281270
70.44780990
70.48809160
70.52584440
70.57025560
70.60460360
70.64067400
70.67677830
70.71505040
70.75167780
70.79175180
70.82688580
70.86272860
70.90256770
70.93917050
70.97560300
71.01152440
71.04650700
71.09207920
71.13272710
71.17090000
71.20699390
71.24569130
71.28302430
71.31818700
71.35295610
71.39184790
71.42903640
71.46491220
71.50199760
71.53796060
71.57595800
71.61359440
71.65103220
71.69278900
71.72882230
71.76340840
71.80183220
71.83796580
71.87384360
71.90972620
71.94655530
71.98389750
72.02557250
72.06132760
72.09793720
72.13303120
72.16978140
72.20580110
72.24110470
72.27825960
72.31525120
72.35098410
72.39152940
72.42782700
72.46616010
72.50384770
72.53823070
72.57475410
72.60964850
72.64883760
72.69203990
72.72857030
72.76242650
72.79764680
72.83276880
72.86919760
72.90455000
72.94083840
72.97759360
73.01488180
73.04986020
73.09435800
73.13089350
73.16698280
73.20306390
73.24215230
73.27943910
73.31624420
73.35904020
73.39420860
73.43112370
73.47039600
73.50496360
73.54088810
73.57864030
73.61577140
73.65183440
73.69355820
73.72922620
73.76568880
73.80089460
73.84001460
73.87737120
73.91410840
73.95138090
73.99231890
74.03707150
74.06860240
74.10542380
74.14356100
74.18411700
74.22581600
74.26240490
74.29876770
74.33480160
74.37211060
74.40898110
74.44790390
74.48383840
74.52604490
74.56230420
74.59898250
74.63458000
74.67409840
74.71126860
74.74878990
74.78579950
74.82710650
74.86210400
74.89407230
74.93771130
74.96963390
75.00527260
75.04030500
75.08169210
75.12164370
75.15977170
75.19534050
75.23111260
75.26810160
75.30310820
75.34313760
75.38345760
75.41936590
75.45900410
75.49520180
75.53089350
75.56779020
75.60675350
75.64302420
75.68286770
75.72112240
75.75867820
75.79417170
75.82948080
75.86578230
75.90309560
75.93996760
75.97605470
76.01464660
76.05076310
76.09486100
76.13180200
76.16681220
76.20197250
76.23901670
76.27814740
76.31886530
76.35861070
76.39409660
76.43067070
76.46700700
76.50552280
76.54103270
76.57678590
76.61673500
76.65419800
76.69216090
76.72729960
76.76268780
76.79753110
76.83448020
76.87154590
76.91019800
76.94789330
76.98393870
77.01849810
77.05081160
77.09168430
77.12742130
77.16344170
77.19948880
77.23441840
77.26889930
77.30452590
77.34209100
77.37952200
77.41796560
77.45929530
77.49487980
77.52958910
77.56370270
77.59962760
77.63451810
77.67047610
77.70674210
77.74292650
77.78070760
77.81603870
77.85283290
77.89179250
77.92741640
77.96198680
77.99773570
78.04194310
78.07189780
78.10742840
78.14474650
78.18287350
78.22615550
78.26072080
78.29683720
78.33276760
78.36771840
78.40428760
78.44039920
78.47699800
78.51592790
78.55371620
78.59700090
78.63297880
78.67083780
78.70790880
78.74455370
78.78359070
78.81933370
78.85926420
78.89394630
78.93159260
78.96666530
79.00181390
79.03763210
79.07246470
79.10988430
79.14805400
79.18602390
79.22660240
79.26262770
79.29788410
79.33549690
79.36951330
79.40686760
79.44392650
79.47996400
79.51674760
79.55916430
79.59619660
79.63350300
79.66945980
79.70548470
79.74056010
79.77594120
79.81433340
79.85188140
79.89151370
79.92744440
79.96175510
79.99965520
80.03547610
80.07053970
80.10554340
80.14163410
80.18483150
80.22152750
80.25923140
80.29637330
80.33179950
80.36790520
80.40315160
80.43925290
80.47636450
80.51418710
80.55232850
80.59275970
80.62879350
80.66536700
80.70267240
80.73849600
80.77357760
80.81309930
80.84787270
80.89136760
80.92817190
80.96364650
80.99967850
81.03651670
81.07247450
81.10858900
81.14699180
81.18450740
81.21977410
81.25773900
81.29670170
81.33560080
81.37288490
81.40881620
81.44499740
81.48093360
81.51429780
81.55080200
81.58482460
81.62101360
81.66140930
81.69609500
81.72987220
81.76704340
81.80403380
81.84019810
81.87837790
81.91506920
81.95275890
81.99487830
82.03035740
82.06885290
82.10381180
82.13886690
82.17379860
82.21303110
82.25381590
82.29033990
82.33163160
82.36752870
82.40238660
82.43901810
82.47546250
82.51034080
82.54853510
82.58720040
82.62941280
82.66744390
82.70603700
82.74234540
82.77930620
82.81637190
82.85343280
82.89531150
82.92995330
82.96592100
83.00261710
83.03910840
83.07635840
83.11638220
83.15525790
83.19618470
83.23076820
83.26764590
83.30435740
83.34019570
83.37511000
83.41493360
83.45380270
83.48970910
83.53260060
83.57086450
83.60685160
83.64287670
83.68298620
83.72053980
83.76113280
83.80360360
83.83497590
83.87382610
83.90988450
83.94602760
83.98201100
84.02190040
84.06056270
84.09806740
84.13313860
84.16859010
84.20392100
84.23983010
84.27563220
84.31188680
84.34719490
84.38454990
84.42533960
84.46516920
84.50301070
84.54179080
84.57786750
84.61690430
84.65949540
84.69868850
84.73384720
84.77315540
84.81271020
84.85083700
84.88435110
84.92566340
84.96435180
85.00013380
85.03496530
85.07005650
85.10488110
85.14056400
85.17568660
85.21179200
85.25368340
85.29238960
85.32810180
85.36851150
85.40730670
85.44455530
85.48304460
85.52122160
85.55740430
85.60017730
85.63714020
85.67515300
85.71212880
85.75005410
85.78699630
85.82643590
85.86548970
85.90247590
85.94096550
85.97701230
86.01420960
86.05070210
86.08885610
86.12736350
86.16180210
86.19684710
86.23572470
86.27388250
86.31003380
86.34563400
86.38424520
86.41928990
86.45882300
86.49448440
86.53753740
86.56844250
86.60452510
86.63954010
86.67566010
86.71371950
86.75327200
86.79136680
86.83373760
86.86375790
86.89984240
86.93675300
86.97287250
87.00877290
87.04352350
87.08071400
87.12604160
87.16377460
87.19971060
87.23604470
87.27278420
87.31296340
87.35045020
87.39154290
87.42638480
87.46971250
87.49891340
87.53630930
87.57120220
87.60756570
87.64352350
87.68081060
87.71727060
87.75238560
87.78778040
87.82278810
87.85770850
87.89628310
87.94170640
87.97263080
88.00759920
88.04400980
88.08001980
88.11760340
88.15862030
88.19489320
88.22981040
88.26546010
88.29976420
88.33583870
88.36995100
88.40823420
88.44556530
88.48298840
88.52536870
88.56214550
88.59672440
88.63172180
88.66995250
88.70689340
88.74463790
88.78185430
88.81837200
88.85968720
88.90200260
88.93502040
88.97225580
89.00750170
89.04191300
89.07788010
89.11286990
89.15100330
89.18742970
89.22327450
89.26447680
89.30789110
89.33843020
89.37569530
89.41065330
89.44683940
89.48182950
89.52000350
89.55508290
89.59313630
89.63440980
89.67011830
89.70759160
89.74587790
89.78276990
89.82092990
89.85899000
89.89573880
89.93167910
89.97038720
90.00863120
90.04464160
90.08189200
90.12618520
90.16211690
90.19895430
90.23409620
90.27534970
90.31835270
90.35830200
90.39376390
90.42980830
90.46360550
90.49955310
90.53501390
90.57191390
90.60804020
90.64561640
90.68298830
90.72640910
90.76245070
90.80293380
90.84031740
90.87610060
90.91374500
90.95357740
90.99256780
91.02803910
91.06297050
91.09903640
91.13892290
91.17611450
91.21614050
91.25319570
91.29357450
91.33008510
91.36717520
91.40664110
91.44343980
91.48250080
91.52113110
91.55816420
91.59656460
91.63407280
91.67074730
91.70736870
91.74386100
91.78209580
91.82608490
91.86291620
91.89983650
91.93694880
91.97599750
92.01361960
92.05006800
92.09211440
92.12883840
92.16458620
92.20282340
92.23813820
92.27392890
92.30989850
92.34666480
92.38393520
92.42569580
92.46085690
92.49791130
92.53348660
92.57199460
92.61425190
92.65184090
92.69165090
92.72783100
92.76508040
92.80167300
92.83703960
92.87378080
92.91178500
92.94941970
92.99184130
93.02773240
93.06466140
93.10329380
93.14142070
93.17958220
93.21589390
93.25173740
93.29215940
93.32852400
93.36486860
93.40082620
93.43968100
93.47621740
93.51492330
93.55225480
93.59344830
93.62978350
93.66593950
93.70168260
93.74107260
93.77582860
93.81182030
93.84890420
93.88721280
93.92601630
93.96285560
93.99892290
94.03347100
94.06985900
94.10845190
94.14344960
94.18290150
94.21990290
94.25929490
94.29489600
94.33178360
94.36682020
94.40291660
94.43989190
94.47788180
94.51775940
94.55223000
94.59277910
94.62908690
94.66463630
94.69965460
94.73649070
94.77377960
94.80923430
94.84388050
94.88068080
94.91921370
94.95878630
94.99403350
95.02946440
95.06489860
95.10094280
95.13912630
95.17427670
95.21398100
95.25888920
95.29490720
95.33026470
95.36546480
95.40267870
95.43906830
95.47622110
95.51718580
95.55288740
95.59182520
95.63357600
95.66563070
95.70062360
95.73814170
95.77408110
95.80978290
95.84659800
95.89242430
95.92950640
95.97055500
96.00679770
96.04403470
96.08037610
96.11818090
96.15949970
96.19755420
96.23390450
96.27086550
96.30668020
96.34288130
96.38064210
96.41922820
96.45947510
96.49572610
96.53380240
96.57188050
96.61112230
96.65022450
96.69204250
96.72965790
96.76692280
96.80321060
96.84105570
96.87900970
96.91927490
96.95852210
96.99420120
97.03047720
97.06580780
97.10202260
97.13801440
97.17704310
97.21277880
97.24899130
97.28525050
97.32421710
97.36183740
97.39621000
97.42993590
