0.05058380
0.11785660
0.16046450
0.20626510
0.24454370
0.29024960
0.32559800
0.36551560
0.40693520
0.44518670
0.48179990
0.51871830
0.55777650
0.59567800
0.67242600
0.71030060
0.74587860
0.78180860
0.81672650
0.85357470
0.88992180
0.92897050
1.00815820
1.04364930
1.08652090
1.12760960
1.16619640
1.20436870
1.24787480
1.28240020
1.31835740
1.35544610
1.39381960
1.46771460
1.50629730
1.54313650
1.57892820
1.61752100
1.65417940
1.69021180
1.72739590
1.76633890
1.80727200
1.84542800
1.88167780
1.91939100
1.95742130
1.99695800
2.03048600
2.10216510
2.13841520
2.18141430
2.21736650
2.25319530
2.29060950
2.32908690
2.36846520
2.40628080
2.44527380
2.48273800
2.52093710
2.55720220
2.59430010
2.63009750
2.66887910
2.71465040
2.74995560
2.78564910
2.82103810
2.85608530
2.89613350
2.97382890
3.01057450
3.04649050
3.08282980
3.11818690
3.15419500
3.19217030
3.22962980
3.26702380
3.30884010
3.34706570
3.38472950
3.42339290
3.46256890
3.54010640
3.57873760
3.61728520
3.65518370
3.69062220
3.73183230
3.76906700
3.80755810
3.84526390
3.88324700
3.92036950
3.95729310
3.99602670
4.03156860
4.06541790
4.10089130
4.13816870
4.18149490
4.21776320
4.25371670
4.28866540
4.32723320
4.36685230
4.40732890
4.44164650
4.47727070
4.51440510
4.55216520
4.59107850
4.62878700
4.66568580
4.70652460
4.74443780
4.78265080
4.82382860
4.89805440
4.93849650
4.97475070
5.01066930
5.04865850
5.08547430
5.12386170
5.16337540
5.23928910
5.27871790
5.31821950
5.35481580
5.38999270
5.43000110
5.46626660
5.50542550
5.54323890
5.57982400
5.61754550
5.65545540
5.69092630
5.72839390
5.76882260
5.80846720
5.84478800
5.88159040
5.91724140
5.95392900
5.98801090
6.02122050
6.05725920
6.09482720
6.13156640
6.17263560
6.20904300
6.24512030
6.28427870
6.31926450
6.35541340
6.39301540
6.42894770
6.46451880
6.53862760
6.57482140
6.61023560
6.64837780
6.68345270
6.71936540
6.75489930
6.79298810
6.86721290
6.90276510
6.93891090
6.97608070
7.01431600
7.05072040
7.08654500
7.12257740
7.15797660
7.19534410
7.23245630
7.26870470
7.30637290
7.34274130
7.37801430
7.41522050
7.45108300
7.48909560
7.52492310
7.56259870
7.63953110
7.67461440
7.71004790
7.74558800
7.78141540
7.81936830
7.85661290
7.89554150
7.93122120
7.96729640
8.00569370
8.04150650
8.07988470
8.11877510
8.15320300
8.18846900
8.22356450
8.26267280
8.30035590
8.34027650
8.37743380
8.41394030
8.45286590
8.48796810
8.52434790
8.56092390
8.59807120
8.63842560
8.67445770
8.71165670
8.74783190
8.78414860
8.82028810
8.85712500
8.89542170
8.96719630
9.00650260
9.04251350
9.07776540
9.11497340
9.15257350
9.19039610
9.23161430
9.27048740
9.30681190
9.34309210
9.37957090
9.41802610
9.45528180
9.49163010
9.52973870
9.56696530
9.60583570
9.64256070
9.67905410
9.71655570
9.75557450
9.79194120
9.82923150
9.86666520
9.90587890
9.93982160
9.97453160
10.01280110
10.04973230
10.08522420
10.12119780
10.15592230
10.19211330
10.23020590
10.26901480
10.30794280
10.34262330
10.37734180
10.41119030
10.44800000
10.48519420
10.52177650
10.55865000
10.59520670
10.63171060
10.67252160
10.70750130
10.74259910
10.77848920
10.81262630
10.85017470
10.88940220
10.92978050
10.96816800
11.00677890
11.04260730
11.07883810
11.11661680
11.15336610
11.18932820
11.22967940
11.26831530
11.30786200
11.34252270
11.37863670
11.41525390
11.45379080
11.49352900
11.56568930
11.60563240
11.64371300
11.68073780
11.71741040
11.75596490
11.79522310
11.87324690
11.90892360
11.94334140
11.97970250
12.01583000
12.05219270
12.08820950
12.12497870
12.16325010
12.19844560
12.27579430
12.31162850
12.34646870
12.38201350
12.42129890
12.45703610
12.49627920
12.53270090
12.57346320
12.60991400
12.64985720
12.68750520
12.72367070
12.76007810
12.80301810
12.84000330
12.87492070
12.90975220
12.94467760
12.98233100
13.01999920
13.05547060
13.09065460
13.12533430
13.16278710
13.23916830
13.27561600
13.31129090
13.34556770
13.38091220
13.41749800
13.45421280
13.49071070
13.52859380
13.56445090
13.64227510
13.67757750
13.71392840
13.74853090
13.78369390
13.81969850
13.85609680
13.89476220
13.93115980
14.00860620
14.04510330
14.08077770
14.11557990
14.15180180
14.19008350
14.22927780
14.26698280
14.30717280
14.34189900
14.37617680
14.41144250
14.44758380
14.48464910
14.52243850
14.55792120
14.59767330
14.67072070
14.70777110
14.74385910
14.77890770
14.81402660
14.84973300
14.88529800
14.92554880
14.96540320
15.00153010
15.04404940
15.08029990
15.11525140
15.14975700
15.18573870
15.22210650
15.25991710
15.29825750
15.33703840
15.37605250
15.41086570
15.44611800
15.48159460
15.51740040
15.55432920
15.59108070
15.62796940
15.66857590
15.70913870
15.74676670
15.78176830
15.81768790
15.85464890
15.89152850
15.92765150
15.96538680
16.00614540
16.04131740
16.07590620
16.10968020
16.14385620
16.17969380
16.21486480
16.25121040
16.28861210
16.32564150
16.36167950
16.39785420
16.43890740
16.47342840
16.50993080
16.54470140
16.57850990
16.61687650
16.65253000
16.68918830
16.72750150
16.80617510
16.84211470
16.87887540
16.91497180
16.95114800
16.98623560
17.02007910
17.05692660
17.09463300
17.13241060
17.17462460
17.21039080
17.24640800
17.28411130
17.31852250
17.35350650
17.38912030
17.42685800
17.46260330
17.49883930
17.53999240
17.57680920
17.61200140
17.65024940
17.68539860
17.72469000
17.76259400
17.80133140
17.84211450
17.87741360
17.91433920
17.94852620
17.98522280
18.02186880
18.05704480
18.09372380
18.12871710
18.20058850
18.24065450
18.27552820
18.30983210
18.34503830
18.37885770
18.41290640
18.44829740
18.48311760
18.51827390
18.55300260
18.58783830
18.62490840
18.66096280
18.69627860
18.73246150
18.76983770
18.80735270
18.84234020
18.87873200
18.91486510
18.95052200
18.98796150
19.02596060
19.09758040
19.13385340
19.17280780
19.21373520
19.24588180
19.28101530
19.31598760
19.35100310
19.38498220
19.42129150
19.45750140
19.49578030
19.53387260
19.57112950
19.61154790
19.64727440
19.68230860
19.71870570
19.75355090
19.78999060
19.82726340
19.86318030
19.90330280
19.94371980
19.98479730
20.01900050
20.05387580
20.08789820
20.12315850
20.15917320
20.19780190
20.23735780
20.27833960
20.31604730
20.35434420
20.39122270
20.43041430
20.46613970
20.50293720
20.54582220
20.58200360
20.61715080
20.65388340
20.69183080
20.73005200
20.76647820
20.80651380
20.84557380
20.88142310
20.91579540
20.95260130
20.98907590
21.02668430
21.06451710
21.10430460
21.14608030
21.18170460
21.21819120
21.25388400
21.28823880
21.32397640
21.36291620
21.40164600
21.44326360
21.47200440
21.51675800
21.55259000
21.58776180
21.62527920
21.66297290
21.69972950
21.73564780
21.77334210
21.81525590
21.84986450
21.88388320
21.91866120
21.95361610
21.98968450
22.02389600
22.06057440
22.09714910
22.17300240
22.20861800
22.24436140
22.28054090
22.31663150
22.35207920
22.38717150
22.42389470
22.45896820
22.49822020
22.53911380
22.57718960
22.61351410
22.64883180
22.68402310
22.72109920
22.75578020
22.79108450
22.82903260
22.86451640
22.89969160
22.93899960
22.96597020
23.01239070
23.04823600
23.08410270
23.12183110
23.15793000
23.23313620
23.27249430
23.30936690
23.34651720
23.38154950
23.41599070
23.44986210
23.48445860
23.51918850
23.55473410
23.59542440
23.63314120
23.67281130
23.70939180
23.74587200
23.78125340
23.81497830
23.84910490
23.88429760
23.91743920
23.95197870
23.98704080
24.02180060
24.05804680
24.09287650
24.13417530
24.17353410
24.21000650
24.24568810
24.28035650
24.32059540
24.35172020
24.38679800
24.42058070
24.45637600
24.49226130
24.56526910
24.63892080
24.67332880
24.70859290
24.74692400
24.78294580
24.81838200
24.85322540
24.89042770
24.92334680
24.95785710
24.99481700
25.03080220
25.06762390
25.10594240
25.14015800
25.17438250
25.21201350
25.24971130
25.28428630
25.32611170
25.36284990
25.39804640
25.43500460
25.47336170
25.50909160
25.54489260
25.58146860
25.61952340
25.65434310
25.68897420
25.72323810
25.76051770
25.79588260
25.83260340
25.87342440
25.91006670
25.94701950
25.98360550
26.01917320
26.05065710
26.08677030
26.12301720
26.16184790
26.23407230
26.27367050
26.31615560
26.34993210
26.38472540
26.41919890
26.45466120
26.48925280
26.52364150
26.55967970
26.59508130
26.63243770
26.67325440
26.70876450
26.74718450
26.78391630
26.81971880
26.85366800
26.88840840
26.92291570
26.95818500
27.03227300
27.07294770
27.10822550
27.14297980
27.17850330
27.21492680
27.25449540
27.29322720
27.32859300
27.36673820
27.40664880
27.44071600
27.47578100
27.51050820
27.54499460
27.58047550
27.61641910
27.65182210
27.69217920
27.73036230
27.76618280
27.80640150
27.84171670
27.88346570
27.91451070
27.94829300
27.98261860
28.01541920
28.04966600
28.08551020
28.12164160
28.15579750
28.19134310
28.22774570
28.29524230
28.33114160
28.36689330
28.40629670
28.44234880
28.47893040
28.51439130
28.54927750
28.58476120
28.61931610
28.65358340
28.68961180
28.72394390
28.75975270
28.79587260
28.83207350
28.86773060
28.90630290
28.94025060
28.97556870
29.01024710
29.04454270
29.07917190
29.11483080
29.15102800
29.18484120
29.22125760
29.25885260
29.29569340
29.33087100
29.37390560
29.41190720
29.44590310
29.48113300
29.51667330
29.55398610
29.59108400
29.65668140
29.69443000
29.73273660
29.77345700
29.80965950
29.84397500
29.87872570
29.91379100
29.94832890
29.98695740
30.02400880
30.06205390
30.13763460
30.17316130
30.20815250
30.24481630
30.28101360
30.31589420
30.35019350
30.38565840
30.42189010
30.45783070
30.49408640
30.52989010
30.56514410
30.64037660
30.68581440
30.71739450
30.75281330
30.78658920
30.82269440
30.85869610
30.89626050
30.93197750
30.97385050
31.00936870
31.04468940
31.08078750
31.11750240
31.15262400
31.18710780
31.22291000
31.25930670
31.29849770
31.33557030
31.37431650
31.41025700
31.44569800
31.48275240
31.51953970
31.55538530
31.59094290
31.62852930
31.66451130
31.73983210
31.77569220
31.80947710
31.84449870
31.87913470
31.91355020
31.94914140
31.98759070
32.02295630
32.05837650
32.09692210
32.16660080
32.20851260
32.24763170
32.27880890
32.31331350
32.34747030
32.38367120
32.42412900
32.49667820
32.53310410
32.60863230
32.64365080
32.67868130
32.71352250
32.74763760
32.78313740
32.81857080
32.85704030
32.89204600
32.92933400
32.99972220
33.03478290
33.07240610
33.10897390
33.14349670
33.17773700
33.21218280
33.24751430
33.28332030
33.31866270
33.35502520
33.39099290
33.42603950
33.46243410
33.49866040
33.53357360
33.56912850
33.60434970
33.64352520
33.67839330
33.71465060
33.74933740
33.78431450
33.81879580
33.85510740
33.89118240
33.92952640
34.00166190
34.03363470
34.06973810
34.10982500
34.14624570
34.18194710
34.21621370
34.25131290
34.28666960
34.32403300
34.35943310
34.39618530
34.43125440
34.46967750
34.50889850
34.54358320
34.57821430
34.61303210
34.64773580
34.68220590
34.71610990
34.75028580
34.78421260
34.81715310
34.84996180
34.88583580
34.91920700
34.95475640
34.99018690
35.02517800
35.05978410
35.09436760
35.12919090
35.16476360
35.20625710
35.24177430
35.27651530
35.31066130
35.34336470
35.37914350
35.41506610
35.45023040
35.48906900
35.52518460
35.56207770
35.59803790
35.63290670
35.70286830
35.74216880
35.78050430
35.81513360
35.85116860
35.88536450
35.91969160
35.95311960
35.98736500
36.02310080
36.05985600
36.09641180
36.13212430
36.17395000
36.20822290
36.24353070
36.28147180
36.31603540
36.34890190
36.38303320
36.41893700
36.45463150
36.49062330
36.52788880
36.59195920
36.62822780
36.66378090
36.73449610
36.77113030
36.81248640
36.84959320
36.88606100
36.92570670
36.96423590
37.00054240
37.04152670
37.07143900
37.09173710
37.13053580
37.17678300
37.21162350
37.24678500
37.28360560
37.31854220
37.35367640
37.38818780
37.42396190
37.45907580
37.49539960
37.53127650
37.56762550
37.61008380
37.64601610
37.68029650
37.71448450
37.74846830
37.78335980
37.81883650
37.85346110
37.88976070
37.92583490
37.96163920
38.00037400
38.03881050
38.07807670
38.11207930
38.14565340
38.17932820
38.21465080
38.24966990
38.28412760
38.31900880
38.35467990
38.38956530
38.42584650
38.46276190
38.50649640
38.54061410
38.57468190
38.60432170
38.64206320
38.66647500
38.70919840
38.74422520
38.77958620
38.81374200
38.84808280
38.88241740
38.91914450
38.95342040
38.98751780
39.02374090
39.06240610
39.13494660
39.17420720
39.21110440
39.24764780
39.28166490
39.31541530
39.35311220
39.38654220
39.41991090
39.45417740
39.48810560
39.52473420
39.56144160
39.59735390
39.63254480
39.66688430
39.70297780
39.73887820
39.78034930
39.81671980
39.85177610
39.88652650
39.92004240
39.95377530
39.98731390
40.02107950
40.05611650
40.09162910
40.12944160
40.16503020
40.20424840
40.23922130
40.28030320
40.31395250
40.34858590
40.38226560
40.41511710
40.44851330
40.48395000
40.51894080
40.55360870
40.58812560
40.62439580
40.66003980
40.69708410
40.73233240
40.77060960
40.80612440
40.84809240
40.88121500
40.91611730
40.95079290
40.98661610
41.02160400
41.05620100
41.09135340
41.12669240
41.16281890
41.20103980
41.23739850
41.27433570
41.31384170
41.34056400
41.38498350
41.41984330
41.45436670
41.48852530
41.52229070
41.55721140
41.59222480
41.62653380
41.66283080
41.70087230
41.74946170
41.78022870
41.81510150
41.85100590
41.88721040
41.92222520
41.95695090
41.99139810
42.02228600
42.05659060
42.09155220
42.12670490
42.16291900
42.20108930
42.23716350
42.27629240
42.31531920
42.35147090
42.38617040
42.42160320
42.45658130
42.49096460
42.52566020
42.55963200
42.59556880
42.63161120
42.69899050
42.73378370
42.77273470
42.80599660
42.84163150
42.87638690
42.91246530
42.94778790
42.98289490
43.01775400
43.05196860
43.08600870
43.11997530
43.15638530
43.19411350
43.22984260
43.26571330
43.33247900
43.36581290
43.40071090
43.43951360
43.47447720
43.51160160
43.54659310
43.58286490
43.62046980
43.65710500
43.69332120
43.72910990
43.76526520
43.80123610
43.83772730
43.87409160
43.91756480
43.95176890
43.98492160
44.01981540
44.05501520
44.09047920
44.15854590
44.19352920
44.23068610
44.26632920
44.30055410
44.34022520
44.37324780
44.40842130
44.44455550
44.48118720
44.51744220
44.55217110
44.61593910
44.65116150
44.68344680
44.71767870
44.75148540
44.78770500
44.82274140
44.86434190
44.90147060
44.93961100
44.97316690
45.00823770
45.04362220
45.07968180
45.11644470
45.15007480
45.18498680
45.22077050
45.25638900
45.29346750
45.33201310
45.36686620
45.40682640
45.44126750
45.47681930
45.51293430
45.55119310
45.58532250
45.62038640
45.65378100
45.68685970
45.72349180
45.76449040
45.80122240
45.84098010
45.87510050
45.91019050
45.94534900
45.98079540
46.01738360
46.05109060
46.08457690
46.12097590
46.15529970
46.19193760
46.22862970
46.30702160
46.33462440
46.38041340
46.41596520
46.45272640
46.48948610
46.52472750
46.56203380
46.59817190
46.63525570
46.67287350
46.70708830
46.74295650
46.77905760
46.81206410
46.84715180
46.88413830
46.91852770
46.95430910
46.98945750
47.02606920
47.06448970
47.10060170
47.14060980
47.17777410
47.21446570
47.24867650
47.28542700
47.32227580
47.36077750
47.43895210
47.47454990
47.51169710
47.54966440
47.58599180
47.62223890
47.65847600
47.69594000
47.73485130
47.77327300
47.80954000
47.84475330
47.88105930
47.91866110
47.95640110
47.99388860
48.03147200
48.07405790
48.11227060
48.14848400
48.18482130
48.21967980
48.25556320
48.29206320
48.33098700
48.36851100
48.40765360
48.44617820
48.48197920
48.51955650
48.55477060
48.59058750
48.62803980
48.66731950
48.70689820
48.74315170
48.77863680
48.81593330
48.85371640
48.88986750
48.92467800
48.96362020
49.04196990
49.07842780
49.11371170
49.14957550
49.18786730
49.22345860
49.26108370
49.34117910
49.37550660
49.40895130
49.44420020
49.48120500
49.51630290
49.55558780
49.59051780
49.66282310
49.74019210
49.77636130
49.81115330
49.84691780
49.87984050
49.91507710
49.95238550
49.99036240
50.02193430
50.05731400
50.09792760
50.13562790
50.17856960
50.21423940
50.24790160
50.28433110
50.31960890
50.35466690
50.39252580
50.42870960
50.46529810
50.49997260
50.54049580
50.57640630
50.61631040
50.65222960
50.68799350
50.72246970
50.75712430
50.79676000
50.83487040
50.87417930
50.90951570
50.94485030
50.98062080
51.01603170
51.05288100
51.08941610
51.12458440
51.19595110
51.23129740
51.27324430
51.30945530
51.34412910
51.37913030
51.41412630
51.45172520
51.48969720
51.52503460
51.56124410
51.64060220
51.67776360
51.71216030
51.74669800
51.78226590
51.81723440
51.85228030
51.88970690
51.92844970
51.96676390
52.00669930
52.04161930
52.07658470
52.11461370
52.15062700
52.18619770
52.22043670
52.25566110
52.29173360
52.32980840
52.36633660
52.40596610
52.44030660
52.47567480
52.51069610
52.54615530
52.58064420
52.61575250
52.65070990
52.68434970
52.71911660
52.75431090
52.79201440
52.83151040
52.86707830
52.90627300
52.94162740
52.97717310
53.01376410
53.05077870
53.08635290
53.12115990
53.15544560
53.18982330
53.22818730
53.30656700
53.33339650
53.38262240
53.41712730
53.45210490
53.49331340
53.53088180
53.60162630
53.64568130
53.68417960
53.72061010
53.75606310
53.79367560
53.82912860
53.87028660
53.90887880
53.94495870
53.98312000
54.01901050
54.05052650
54.08677250
54.12488680
54.16118100
54.20132980
54.24147780
54.27978710
54.31602970
54.35170790
54.38666200
54.42223000
54.45895950
54.49616670
54.53345950
54.57371240
54.61035660
54.64638040
54.68017760
54.71642350
54.75156570
54.78963090
54.83152040
54.87070930
54.91088380
54.94773200
54.98366430
55.02199990
55.06132790
55.09723820
55.13404050
55.17328380
55.21142740
55.24846880
55.28405900
55.31959630
55.35714910
55.39428010
55.43311420
55.47289840
55.51190470
55.54798860
55.58481410
55.61936920
55.65431880
55.68999060
55.72605500
55.76561990
55.80586880
55.84532330
55.88039360
55.91573420
55.95313290
55.98830010
56.02050010
56.05653490
56.09767960
56.13771610
56.17737190
56.21264220
56.24666630
56.28316830
56.31816660
56.35730330
56.39537950
56.43454590
56.47233780
56.50894690
56.54481870
56.57969550
56.61728270
56.65228950
56.68790080
56.72418110
56.76208080
56.79915410
56.84093350
56.88133280
56.92181570
56.96039740
57.00085710
57.04313110
57.07991340
57.11582610
57.15213660
57.18920990
57.22813770
57.26665010
57.30659850
57.34266350
57.37943540
57.41364610
57.44980060
57.48545460
57.52205950
57.56254830
57.60213830
57.64111680
57.67659400
57.71465480
57.75137900
57.78981980
57.82514600
57.86393440
57.89949700
57.94101350
57.97694800
58.01487600
58.05203800
58.09015200
58.13092600
58.20588730
58.24414850
58.28217530
58.31874670
58.35409650
58.39099730
58.43014870
58.46837870
58.50680190
58.54324390
58.57841380
58.61752450
58.65725860
58.69732170
58.76839170
58.80644400
58.84268850
58.87882960
58.91366950
58.94911940
58.98470350
59.02106120
59.06037530
59.10096140
59.14096060
59.17639670
59.21360280
59.24972460
59.28576370
59.32130040
59.35604740
59.39013120
59.42650310
59.46501500
59.50594910
59.54219700
59.57775940
59.61558960
59.65168950
59.68673250
59.72230860
59.75718580
59.79374320
59.83182100
59.87067350
59.90616480
59.94710040
59.98350180
60.01862280
60.05423120
60.09221470
60.13072740
60.16787760
60.20530730
60.23337430
60.27986050
60.31829610
60.35540580
60.39195850
60.43119090
60.46861710
60.50925800
60.54573680
60.58348870
60.61947700
60.65614280
60.69165330
60.72859160
60.76462540
60.80226110
60.87299190
60.91389190
60.94146040
60.98645760
61.02221930
61.05820680
61.09309950
61.13019790
61.16688380
61.20512880
61.24502840
61.28345390
61.32032420
61.35511140
61.38952170
61.42403440
61.45973840
61.49760090
61.53565350
61.61352040
61.64948960
61.68672150
61.72544780
61.76054440
61.79527620
61.86638620
61.90611080
61.94903420
61.98816480
62.01951740
62.05557070
62.09051970
62.12798320
62.16703250
62.20574190
62.24109630
62.28565700
62.31818260
62.35363690
62.38905010
62.42424270
62.45817990
62.49441820
62.53189020
62.57286330
62.61055850
62.64803420
62.68508950
62.72457030
62.76147870
62.79655400
62.83301330
62.87309380
62.91159460
62.94692100
62.98208770
63.02028990
63.05749860
63.09742760
63.13430870
63.17276570
63.20922240
63.24380100
63.28199930
63.31995430
63.35480420
63.38971200
63.42839040
63.50692170
63.54223570
63.57878810
63.61612240
63.65171050
63.68785530
63.72576210
63.79806050
63.83507130
63.87324830
63.90963280
63.93794200
63.98272570
64.01819180
64.05139780
64.08791920
64.12406120
64.16273060
64.23170250
64.26826310
64.30601340
64.34203900
64.37875550
64.41500340
64.45134820
64.48714410
64.52202990
64.55945370
64.59946420
64.64040410
64.67562570
64.71746340
64.75020760
64.78994040
64.82879440
64.86690910
64.90412930
64.93933480
64.98533630
65.01726500
65.05132370
65.08797180
65.12305160
65.16187380
65.19596930
65.23598130
65.27566320
65.31296260
65.33997540
65.38527210
65.42033260
65.45492420
65.48973630
65.52501900
65.56659650
65.60715260
65.64185490
65.67961480
65.71771600
65.75412810
65.78793890
65.82215330
65.85704750
65.89581720
65.96466080
66.00023730
66.04012960
66.07594360
66.11055870
66.14755890
66.18461350
66.22303800
66.29648550
66.36764630
66.43984540
66.48533260
66.51691760
66.55115440
66.58700070
66.62328240
66.66038510
66.69773590
66.74061240
66.77718480
66.81421610
66.84915040
66.88435630
66.92040390
66.95603030
66.99226580
67.03463610
67.07392670
67.11036310
67.14521110
67.18065690
67.21681290
67.25384600
67.28863280
67.32600010
67.36333830
67.40085580
67.43956480
67.47765610
67.51227360
67.54627400
67.58078040
67.61568280
67.65109900
67.68815890
67.72366240
67.76140930
67.79858450
67.84031780
67.87565540
67.91459080
67.94976640
67.98850940
68.02302360
68.06122980
68.09917740
68.13550250
68.17597560
68.21591780
68.25349710
68.28978730
68.32679370
68.40600000
68.44264220
68.47928130
68.51453450
68.55066120
68.58719220
68.62198260
68.65726590
68.69447980
68.73182010
68.77289900
68.80911590
68.85271740
68.89026590
68.92790540
68.96502100
69.04128280
69.07580920
69.11127390
69.14622700
69.18572150
69.22375610
69.26421820
69.30331990
69.34135500
69.38099040
69.41639500
69.45389560
69.49485830
69.53164750
69.60579780
69.64158350
69.67586180
69.71160820
69.74861370
69.78654800
69.82345340
69.86139030
69.90151690
69.94134000
69.97500110
70.00945700
70.04557850
70.08090650
70.11722540
70.15533900
70.19008320
70.22803330
70.26496930
70.30729470
70.34140580
70.37598860
70.40991110
70.44413030
70.48244920
70.51772050
70.55745200
70.59576580
70.63207610
70.67339340
70.70903110
70.74411610
70.77873850
70.81379290
70.85080300
70.88568550
70.92255310
70.95775810
70.99649140
71.03474360
71.07341650
71.11033640
71.14524670
71.18075330
71.21587370
71.25204030
71.28542490
71.32562890
71.36312580
71.43997800
71.47718080
71.51401590
71.55124120
71.58571580
71.62110480
71.65724950
71.69307630
71.73164050
71.80782380
71.84267440
71.87707380
71.91673190
71.95208030
71.98662440
72.02500740
72.06261470
72.09958800
72.14084050
72.17524110
72.21028090
72.24618040
72.28269200
72.31671910
72.35258560
72.38898140
72.42607320
72.46222470
72.49747640
72.53475410
72.57220170
72.60898360
72.64346010
72.67823610
72.71270770
72.74893510
72.78486070
72.82136190
72.86005060
72.89657470
72.93469240
72.97030200
73.00930370
73.04559330
73.08108980
73.11749830
73.15181430
73.18745380
73.22626880
73.26657000
73.31018660
73.34531550
73.38053980
73.41651480
73.45341040
73.49090600
73.52764040
73.56410300
73.60033210
73.63749400
73.68079910
73.71641430
73.75317410
73.78766990
73.82505290
73.86361380
73.90987300
73.94359410
73.97885480
74.01477470
74.05025770
74.08493020
74.12191260
74.15752870
74.19558600
74.23357320
74.27433460
74.31035060
74.34521480
74.38165480
74.41694960
74.45316780
74.48919920
74.52698780
74.60720710
74.64559830
74.68046210
74.71773090
74.75358450
74.78950080
74.82882250
74.86600340
74.90220430
74.93958890
74.97621970
75.01466330
75.05110650
75.08712720
75.12169330
75.15683480
75.19526010
75.23337100
75.27315790
75.30979910
75.34572220
75.38035670
75.41467850
75.45107820
75.49040840
75.52882220
75.60131910
75.64088240
75.67803200
75.71257660
75.74783250
75.78247320
75.81871550
75.85666990
75.89688150
75.93324550
75.97380940
76.00861660
76.04544850
76.08336520
76.11766660
76.15272830
76.18729020
76.22204490
76.25673660
76.29200410
76.33200170
76.40682280
76.44281720
76.47881260
76.51435070
76.54911810
76.58453540
76.62215000
76.65784100
76.69304730
76.73314650
76.77293250
76.80876750
76.84540150
76.88312740
76.91872510
76.95514150
76.99382770
77.03083630
77.06676050
77.10573850
77.14330500
77.18004640
77.21711250
77.25331110
77.29506350
77.33200540
77.37222920
77.40808350
77.44246790
77.47820580
77.51490070
77.55030550
77.58490160
77.61972960
77.65711710
77.69489960
77.73321310
77.77417490
77.81321620
77.85015640
77.88536530
77.92155300
77.95870710
77.99659500
78.03254680
78.06839430
78.10179770
78.14167940
78.18233170
78.21686210
78.25147640
78.28823650
78.32409900
78.36010170
78.39606860
78.43589270
78.47432910
78.51723300
78.55422540
78.59179460
78.62699890
78.66443880
78.70305660
78.73983290
78.77684360
78.81472340
78.84921520
78.88437510
78.92188040
78.95724230
78.99517980
79.03301140
79.07267520
79.10965590
79.14541870
79.18225750
79.21699920
79.25364570
79.29488210
79.33282350
79.37282390
79.40793450
79.44554330
79.48274340
79.51995530
79.55703010
79.59525160
79.63235130
79.67102310
79.70864420
79.75134930
79.77593720
79.82228830
79.85850390
79.89844450
79.93796930
79.97430400
80.01568310
80.04934960
80.08395920
80.11985750
80.15506260
80.19033370
80.22450130
80.25912450
80.29464550
80.33329900
80.37244550
80.40863490
80.44371440
80.48093230
80.51967890
80.55555190
80.59192110
80.62806280
80.66672340
80.70588680
80.74470740
80.78154090
80.81932380
80.85514660
80.89134750
80.93106810
80.96727560
81.00525600
81.03984320
81.07657300
81.11504100
81.15141480
81.18641960
81.22580480
81.26452920
81.30660790
81.34204730
81.37660150
81.41309570
81.45211010
81.49061900
81.56469660
81.60110230
81.64071610
81.67754500
81.71244070
81.75340670
81.78919910
81.82710230
81.86493670
81.90677770
81.94138580
81.97673240
82.01428110
82.05184750
82.08761150
82.12506280
82.16319740
82.20040030
82.24149170
82.27604240
82.31046420
82.34799370
82.38484700
82.42020530
82.45507710
82.49179930
82.52829850
82.60645900
82.64198890
82.67746730
82.71238190
82.74885680
82.78649280
82.82264260
82.86255160
82.89992100
82.93966280
82.97453410
83.01139520
83.05152760
83.08725480
83.12285000
83.16121140
83.23451620
83.27557400
83.31099010
83.34479590
83.38158350
83.41860730
83.45538200
83.49099010
83.53033370
83.56736840
83.60672510
83.64123090
83.67637840
83.71222350
83.74768350
83.78280930
83.81985680
83.85618730
83.89410590
83.93083770
83.96770950
84.00654690
84.03094190
84.07600890
84.11078030
84.14917000
84.18682010
84.22436960
84.29766370
84.33564770
84.37398540
84.41083400
84.44624890
84.48736970
84.52244290
84.55844800
84.59619910
84.67365120
84.70929860
84.74779640
84.78565200
84.82269740
84.85907810
84.89632380
84.93264510
84.97346700
85.00817270
85.04509160
85.08112190
85.11819880
85.15417430
85.18993620
85.22974240
85.30658890
85.34249920
85.37959060
85.41649990
85.45507490
85.49333060
85.53439160
85.57500070
85.61198880
85.64675740
85.68547460
85.72208980
85.75795650
85.79770050
85.83969570
85.87385290
85.90925270
85.94433860
85.98124190
86.01738400
86.05633110
86.09245520
86.13129080
86.16817380
86.20814040
86.23405730
86.28095140
86.31584660
86.35142610
86.38942510
86.42695360
86.46448140
86.50038590
86.54106640
86.57704350
86.61327890
86.64834830
86.68292980
86.71860620
86.75639620
86.79280830
86.83234070
86.86798840
86.90696570
86.94283370
86.97621710
87.01516710
87.05120840
87.08850360
87.12432270
87.16047170
87.19949790
87.23955980
87.27726280
87.31208730
87.34776830
87.38402760
87.42172550
87.45990490
87.49821740
87.53461580
87.57504430
87.61049820
87.64710630
87.68250660
87.71786200
87.75450330
87.79011860
87.82749160
87.86787710
87.90808650
87.94297090
87.97947380
88.01574330
88.04734640
88.08514230
88.12292020
88.15911280
88.19522460
88.23739620
88.27490210
88.31069670
88.34615910
88.38164440
88.41776120
88.45356200
88.48986260
88.52873110
88.60581690
88.64243560
88.67786360
88.71389650
88.74959420
88.78571740
88.82219540
88.85862370
88.89628930
88.93348200
88.97267470
89.01177130
89.04587700
89.08239690
89.11597100
89.15074120
89.18587610
89.22485000
89.26204990
89.29855150
89.34012160
89.37506420
89.40999520
89.44450020
89.47867390
89.51485180
89.54902260
89.58476490
89.61884740
89.65663360
89.69248150
89.73042790
89.77321510
89.80928920
89.84785690
89.88427040
89.92035650
89.95672860
89.99429350
90.03271150
90.07392180
90.11119640
90.15186970
90.18650950
90.22197330
90.25852820
90.29555660
90.33264160
90.37362700
90.40795820
90.44256140
90.47713310
90.51207460
90.54799160
90.58305320
90.61920840
90.65578740
90.69535260
90.73201980
90.76805170
90.80683700
90.84280870
90.87857460
90.91673800
90.95253350
90.99109730
91.03153800
91.06741580
91.10682900
91.14468160
91.18013890
91.21844940
91.25397850
91.29251600
91.32965790
91.36651060
91.40561410
91.44571230
91.48105900
91.51673900
91.55184630
91.58959050
91.62929180
91.66835410
91.70344170
91.74576830
91.78146660
91.81760460
91.85537700
91.89453080
91.93436800
91.97475560
92.01709320
92.05080090
92.08646180
92.12187300
92.15868060
92.19706470
92.23194520
92.26757440
92.30775900
92.34634870
92.38435710
92.42161740
92.45689460
92.49540270
92.53306370
92.57390480
92.61321680
92.64884210
92.68386920
92.72007180
92.75690520
92.79695650
92.83444280
92.87325490
92.91189500
92.95144240
92.98957030
93.02538820
93.06727840
93.10732170
93.14449820
93.18153830
93.21708840
93.25591470
93.29451240
93.33094170
93.36765420
93.40625100
93.44463570
93.48190750
93.51717970
93.55376860
93.58859020
93.62364430
93.69989180
93.74054330
93.77769040
93.81497050
93.85025140
93.88470860
93.92058370
93.95659360
93.99570180
94.02844850
94.06047580
94.09857610
94.13729760
94.17851490
94.21417300
94.25072810
94.28722870
94.32531070
94.36449520
94.40253450
94.44204140
94.47915010
94.51640900
94.55240730
94.59280940
94.63170220
94.70685950
94.74576570
94.78104310
94.81713340
94.85270280
94.88829240
94.92277180
94.95756940
94.99765150
95.03599640
95.07346660
95.11315670
95.15339820
95.19270990
95.23109420
95.30580450
95.34184820
95.38004460
95.41563260
95.45024650
95.48622540
95.52186520
95.55780200
95.59629550
95.63437290
95.67319150
95.71113580
95.74805140
95.78444490
95.82012420
95.85691530
95.89306470
95.93053740
95.97666460
96.00580760
96.05291160
96.08898250
96.12538670
96.16290390
96.20508840
96.24452760
96.28586590
96.32181870
96.35638300
96.39326200
96.42990590
96.47181820
96.51531320
96.55149250
96.58643880
96.62435800
96.66257260
96.70215350
96.73961190
96.77697500
96.81706370
96.85369670
96.88914820
96.92516980
96.96081310
97.00135900
97.04106470
97.08155220
97.11693550
97.15360650
97.18791380
97.22421380
97.25983250
97.29758060
97.33532540
97.38157410
97.41693650
97.45197190
97.48844180
97.52387790
97.56121300
97.59951670
97.63762850
97.67544110
97.71059480
97.74828220
97.77602510
97.82198930
97.85778790
97.89553380
97.96210920
98.00016130
98.03757370
98.07361940
98.11334520
98.14833100
98.18532920
98.22250930
98.25812400
98.29304920
98.33091800
98.40323360
98.44333240
98.48842220
98.52090040
98.55761380
98.59465340
98.63544870
98.67386860
98.71099470
98.74897450
98.78659610
98.82153230
98.86020090
98.93300900
98.97330050
99.00817290
99.04258290
99.08144650
99.12049340
99.15893440
99.19576240
99.23366590
99.27281540
99.30872440
99.34633260
99.38372090
99.42020320
99.45618790
99.49443430
99.53433150
99.57344760
99.61100280
99.64696050
99.68462610
99.72208360
99.75891000
99.79656620
99.83294790
99.86796390
99.90623040
99.94137530
99.97859580
100.01531610
100.05467870
100.09198420
100.13009090
100.20599610
100.24207050
100.27668770
100.31287520
100.34957270
100.38512200
100.42554370
100.46316880
100.49882030
100.54035940
100.57572600
100.61209390
100.65400700
100.68561070
100.72170540
100.75947970
100.79636430
100.83377630
100.90951330
100.94544310
100.97321930
101.01927390
101.05369980
101.09029480
101.12780770
101.20116800
101.23525670
101.27408400
101.31043340
101.34786820
101.38632310
101.42162130
101.45637420
101.49456230
101.53336350
101.57354010
101.60808980
101.64409650
101.67903240
101.71428800
101.75418860
101.79172890
101.83126970
101.86917640
101.90729730
101.94439680
101.98398620
102.01792910
102.05403910
102.09396520
102.13206880
102.17404920
102.21236010
102.25002800
102.28901540
102.32393980
102.39664160
102.46482220
102.54068140
102.57752680
102.61383570
102.65126600
102.68692760
102.72473460
102.79645670
102.83328450
102.87360870
102.90998390
102.94453580
102.98054950
103.01700980
103.05324720
103.09144630
103.13102460
103.17254220
103.20214520
103.24758990
103.28576880
103.32090700
103.35585520
103.39202490
103.42957130
103.47329310
103.50860240
103.54641780
103.58164030
103.61679640
103.65217520
103.68762480
103.72241020
103.75875500
103.79420550
103.83176300
103.86811030
103.90606560
103.95102780
103.98524100
104.02072690
104.05681830
104.09723630
104.13611090
104.17393600
104.21214610
104.24830660
104.28421190
104.32117050
104.35677840
104.39358920
104.43251480
104.47304830
104.50782980
104.54382190
104.57870610
104.61371050
104.64946420
104.68530130
104.72270290
104.75957060
104.79548670
104.83135200
104.87341900
104.90859410
104.94539670
104.98269440
105.02007430
105.05688110
105.09668350
105.13174720
105.17299760
105.20870910
105.24514180
105.28296190
105.31948540
105.35471710
105.39089810
105.42894000
105.46677700
105.50618570
105.54256900
105.57783620
105.61471130
105.64960410
105.68498190
105.72200840
105.76118000
105.84031620
105.87634750
105.91496100
105.94819550
105.98306610
106.01911750
106.05534040
106.09005530
106.12788710
106.20585410
106.24173990
106.27033480
106.31772540
106.35361370
106.38970740
106.42616180
106.46287010
106.49953530
106.53963660
106.57529950
106.61103910
106.64882430
106.68369800
106.71950110
106.75610290
106.79487640
106.83319900
106.87426790
106.90922840
106.94526240
106.98389590
107.02092110
107.05871000
107.09575330
107.13352310
107.17127010
107.21386330
107.25101620
107.28648760
107.32521120
107.36318660
107.40213410
107.43827720
107.47531050
107.50194690
107.54982300
107.58463710
107.62076480
107.65825080
107.69682400
107.73372940
107.76938830
107.80916540
107.84453940
107.87895460
107.91352870
107.94943510
107.98565810
108.02441360
108.05772360
108.09350160
108.12937780
108.16714540
108.21122280
108.23961790
108.28578050
108.32127470
108.35912020
108.39655540
108.43428530
108.46941050
108.50733320
108.54503390
108.58171140
108.61677830
108.65275540
108.68854790
108.72519350
108.76551400
108.80369750
108.84304610
108.87982470
108.91566360
108.95155660
108.99021670
109.02741530
109.06318360
109.10128660
109.13749340
109.17953220
109.21680270
109.25268670
109.29122830
109.33021050
109.37066270
109.41040090
109.44479050
109.47995200
109.51592070
109.55214070
109.58759780
109.62322790
109.66064130
109.69917840
109.73976170
109.77902560
109.81615810
109.85287590
109.89063210
109.93111120
109.97110360
110.00949490
110.04725970
110.08372320
110.11878630
110.15611140
110.19158620
110.23083750
110.26980710
110.31101220
110.34736210
110.38184410
110.41681510
110.45272390
110.49342130
110.52983610
110.56590150
110.60462170
110.64748370
110.68671950
110.72256010
110.76212560
110.80065900
110.84019260
110.87720050
110.91406270
110.94909860
110.98544930
111.02185510
111.06001050
111.09789380
111.13495210
111.17365310
111.21034620
111.24608400
111.28070990
111.31732200
111.35359150
111.39264930
111.42970190
111.46578720
111.50648850
111.53414800
111.58109660
111.61748700
111.65488420
111.68961050
111.72711270
111.76376880
111.79874080
111.84007690
111.87718610
111.91379090
111.94879470
111.98339190
112.02084130
112.05760760
112.09867120
112.13693090
112.17405820
112.21035200
112.24681930
112.28347910
112.31941940
112.35662330
112.39301550
112.43008850
112.50587340
112.54242370
112.57913850
112.61570440
112.65287520
112.68751920
112.72369340
112.76235200
112.84083660
112.87684520
112.91289640
112.95020840
112.98572080
113.02501990
113.06649880
113.13638350
113.17908860
113.21594420
113.25150780
113.28761390
113.32320700
113.36392900
113.40258580
113.43891040
113.48329140
113.52221140
113.55566330
113.59193360
113.62819260
113.66566580
113.70487540
113.74708750
113.78171650
113.81775260
113.85222450
113.88776850
113.92180780
113.95769300
113.99666150
114.03997740
114.07711930
114.11483610
114.14918330
114.18704060
114.22445500
114.26169680
114.29876210
114.33933310
114.37530760
114.41260970
114.44681220
114.48449710
114.51926830
114.55517500
114.59121740
114.62860900
114.70623770
114.74878060
114.78089520
114.81744370
114.85474540
114.89113980
114.92697080
114.96454550
115.00275270
115.04671880
115.08284280
115.11802750
115.15596360
115.19563910
115.23210040
115.27180680
115.30836650
115.34870110
115.38393150
115.41902790
115.45445650
115.49113850
115.52713660
115.56342510
115.60286690
115.64062340
115.68155380
115.71747070
115.75330180
115.79101140
115.83021460
115.87038230
115.90710650
115.95070590
115.98348590
116.01894270
116.05766390
116.09481310
116.13353320
