0.19046150
0.24235930
0.29303790
0.32927100
0.36776360
0.40618760
0.44707960
0.49103530
0.52967010
0.56506410
0.60390300
0.64420650
0.68172330
0.72419240
0.76199200
0.79841720
0.83477300
0.87276480
0.91316510
0.95065870
0.99212670
1.02823790
1.06571700
1.10318930
1.13984960
1.18243780
1.22570580
1.26350250
1.30223430
1.34170700
1.37913910
1.41835690
1.45504510
1.49209170
1.52804050
1.56576580
1.60271320
1.64390800
1.68098600
1.72623000
1.76344840
1.80082910
1.83802160
1.87514860
1.91475750
1.95283580
1.99535530
2.02785440
2.06339040
2.10029520
2.13859010
2.17785140
2.21637700
2.25450320
2.28948670
2.32681510
2.36402280
2.40131830
2.43943830
2.47885430
2.51610330
2.55307110
2.58186920
2.62783430
2.66356210
2.70060950
2.73650980
2.77243390
2.81052200
2.88485070
2.92016540
2.96359000
2.99801540
3.02942090
3.06468750
3.10140700
3.13627560
3.17475010
3.24551990
3.28564000
3.31574520
3.36511310
3.40219170
3.44109360
3.50996650
3.55084940
3.58936670
3.62793350
3.66543300
3.70306880
3.74016470
3.77911920
3.81722200
3.86348350
3.90060380
3.93973750
3.97763330
4.01795200
4.05524610
4.09172010
4.12808080
4.16419870
4.20110310
4.23799310
4.27625080
4.31153040
4.38586120
4.42321960
4.46032140
4.49869240
4.53567150
4.57243510
4.61302610
4.65045590
4.68489620
4.72012640
4.75686250
4.79600200
4.83232680
4.86953300
4.94373750
4.97742330
5.01539150
5.05452340
5.09264890
5.12892160
5.16519210
5.19976420
5.23939260
5.28015860
5.31908100
5.35403140
5.39013660
5.42837170
5.46543400
5.50361830
5.54341190
5.58415260
5.62500830
5.65972850
5.69803060
5.73615860
5.77547120
5.81691240
5.85223850
5.88955780
5.92607360
5.96341890
6.00356640
6.04121110
6.11759280
6.15615970
6.19202690
6.22903850
6.26453480
6.30051750
6.33890440
6.37782740
6.41724390
6.45289490
6.48991650
6.52612140
6.56405770
6.60128390
6.64149470
6.68549820
6.72374920
6.75957510
6.79592610
6.83254190
6.87164840
6.91096510
6.95143230
6.98748580
7.02256040
7.06035860
7.09728820
7.13354980
7.17083780
7.20815550
7.24581640
7.28370580
7.31873760
7.35405280
7.38930280
7.42705070
7.46338150
7.50428620
7.54334510
7.58482530
7.62480980
7.65967380
7.69662180
7.73479290
7.77135540
7.81075020
7.85100840
7.88747850
7.92587300
7.96672570
8.00565840
8.04498640
8.08396680
8.12123550
8.15725010
8.19352810
8.23242090
8.27182650
8.31249290
8.35112300
8.38587690
8.42351350
8.46220200
8.50154430
8.54038900
8.57793080
8.61958940
8.65499970
8.69252260
8.72845880
8.76776130
8.80674700
8.88501660
8.92119300
8.96038990
8.99494940
9.03325920
9.07240330
9.10935790
9.14518280
9.18664060
9.22300180
9.26021970
9.29706350
9.33495680
9.37651010
9.41725510
9.45519470
9.49142550
9.52665220
9.56291430
9.59971550
9.63560590
9.67358020
9.71701020
9.75374550
9.79146420
9.82837560
9.86558700
9.90358810
9.94020560
9.97912310
10.01682130
10.05200610
10.08980120
10.12627730
10.16387890
10.19945160
10.23659910
10.27879310
10.31768040
10.35352830
10.38874690
10.42551300
10.46109180
10.49804040
10.53542130
10.57420060
10.61656830
10.65235240
10.68866940
10.72600450
10.76417020
10.80121330
10.84202130
10.88373920
10.91977000
10.95658770
10.99419330
11.02880680
11.06456580
11.10126000
11.14114490
11.18425940
11.22045470
11.25603820
11.29365650
11.32910320
11.36754530
11.40688320
11.44480770
11.48393240
11.52265810
11.56083790
11.59810950
11.63584280
11.67597180
11.71772470
11.75457080
11.78975750
11.82640810
11.86135190
11.90275080
11.93975330
11.97642790
12.01710080
12.05455230
12.09252450
12.12992340
12.16557720
12.20199620
12.27732680
12.31783160
12.35397960
12.38948310
12.42522370
12.46257550
12.50205950
12.53942860
12.57765190
12.65412190
12.69129120
12.72837630
12.76439420
12.80290950
12.83954870
12.87952490
12.91819140
12.95640210
12.99574520
13.03614100
13.07394360
13.11121710
13.15513730
13.19068830
13.22621820
13.26341450
13.30233070
13.34109480
13.37829900
13.41860340
13.45517250
13.49047110
13.52785530
13.56269890
13.59742530
13.63337130
13.67256970
13.71015030
13.74831790
13.78704590
13.82249690
13.86119990
13.89983050
13.93812770
13.97557600
14.01195930
14.05402410
14.09148370
14.12647660
14.16326590
14.19825320
14.23499740
14.27406300
14.31296050
14.35399640
14.38270390
14.42907660
14.46498650
14.50068600
14.54060630
14.57781340
14.61499430
14.66016530
14.69648380
14.73242460
14.77043510
14.80848510
14.84577100
14.89244220
14.92836630
14.96448200
14.99931760
15.03406240
15.07459240
15.11128970
15.15132590
15.18723630
15.22555850
15.26259100
15.29855080
15.33534570
15.37471010
15.41297960
15.45522820
15.49136080
15.52736580
15.56427330
15.60311750
15.64341940
15.68091100
15.72262470
15.75933970
15.79574910
15.83227860
15.86844260
15.90544960
15.94218470
15.98184930
16.02455080
16.06003370
16.09951940
16.14072740
16.17837250
16.21491740
16.25837050
16.29275570
16.32766970
16.36575940
16.40425930
16.44272140
16.48352570
16.52321230
16.55694990
16.59313580
16.63070160
16.67087130
16.70964330
16.74747970
16.78516780
16.82752070
16.86416600
16.90118610
16.93636480
16.97497410
17.01317930
17.05782120
17.09367720
17.13024100
17.17156780
17.20954400
17.24909540
17.29199110
17.32935840
17.36419020
17.39827740
17.43414720
17.47056670
17.51026770
17.54802210
17.58943810
17.62494870
17.66126240
17.69840030
17.73402510
17.77271750
17.81060470
17.85044150
17.89511350
17.92755850
17.96616980
18.00540830
18.04264030
18.07818260
18.15694460
18.18588410
18.23280460
18.27053120
18.30900280
18.34608060
18.38450880
18.42720630
18.46450770
18.50321190
18.54343060
18.58385170
18.62046130
18.65691830
18.69515210
18.73191810
18.77851710
18.81627560
18.85482110
18.89426860
18.93229830
18.96994060
19.00735220
19.08055070
19.11860250
19.15495590
19.19225080
19.22816000
19.26508470
19.30261930
19.34262660
19.37964650
19.41769750
19.45545640
19.49432860
19.53011010
19.56788450
19.60449490
19.64308570
19.68391240
19.72014950
19.75618710
19.79398190
19.82974810
19.86673180
19.90755610
19.94530300
19.98706020
20.02940270
20.06326800
20.10190450
20.13905360
20.17629360
20.21692840
20.25650640
20.29370370
20.33014230
20.36801190
20.40679520
20.44465750
20.48109690
20.51978230
20.56163630
20.59881640
20.63541920
20.67146830
20.71022490
20.75150610
20.78847770
20.82608350
20.86375890
20.90655430
20.94609740
20.98435990
21.02295920
21.06126160
21.09802850
21.13262540
21.17108180
21.21003870
21.29419170
21.32982890
21.36553580
21.40085260
21.43928580
21.47809800
21.51544820
21.55776590
21.59463230
21.63158780
21.66978900
21.70694510
21.74795620
21.78521440
21.82391600
21.85274130
21.90202720
21.94370000
21.98563790
22.02906470
22.06617150
22.10543830
22.14400250
22.18402170
22.22190970
22.25974960
22.29756250
22.33938730
22.41658600
22.45276640
22.49036060
22.52793000
22.56653500
22.60370840
22.64159550
22.68489150
22.72419310
22.76252840
22.80050650
22.84106710
22.87923030
22.91718790
22.95442820
22.99158490
23.03149700
23.06968030
23.10693880
23.14580390
23.18479390
23.22106720
23.25977750
23.29714050
23.33371430
23.37290730
23.40998260
23.45045790
23.48715740
23.52508830
23.56237370
23.59904220
23.63637900
23.67729500
23.71870230
23.75692270
23.79609580
23.83602940
23.87709220
23.91787690
23.95503410
23.99158960
24.03076000
24.06720330
24.10505680
24.14137070
24.18372020
24.22070560
24.25864650
24.29530000
24.33147200
24.36914920
24.40978180
24.45272340
24.49059280
24.53068550
24.56761990
24.60739850
24.67762610
24.71782860
24.75356490
24.78946530
24.82441740
24.86298900
24.90071340
24.94036360
24.97968930
25.01886200
25.05547400
25.09621580
25.13385550
25.17312180
25.21847360
25.25860040
25.30259500
25.34575160
25.38881900
25.42766510
25.46852870
25.51018320
25.55207750
25.58940370
25.62412120
25.65936170
25.69829070
25.73577500
25.78059580
25.82456920
25.86151790
25.90299980
25.97959750
26.01831180
26.05642550
26.08697340
26.13617160
26.17577470
26.21844280
26.25510810
26.29287310
26.33105320
26.36776450
26.40739100
26.44541040
26.48421250
26.52044940
26.55630800
26.59264570
26.63259300
26.66846150
26.70536280
26.74497390
26.78385100
26.82118400
26.86031500
26.89594780
26.93363260
26.97365660
27.01786410
27.05691160
27.09389690
27.13153050
27.16833960
27.20846690
27.25230310
27.28995010
27.32789470
27.36461850
27.40473480
27.44411770
27.48511980
27.52249010
27.55908280
27.59715160
27.63341690
27.67146730
27.71168800
27.75208330
27.78962740
27.82613840
27.86354770
27.90294130
27.94256460
27.98550070
28.02192470
28.05984760
28.09562280
28.13482230
28.17501480
28.21853140
28.25429890
28.29122460
28.32592270
28.36361870
28.40329950
28.44414870
28.48477150
28.52057120
28.55627860
28.59459990
28.62982820
28.66646150
28.70257180
28.74115120
28.78568570
28.82134140
28.85540120
28.89323670
28.92953300
28.96706230
29.00213640
29.04116540
29.08506150
29.12248200
29.16017540
29.19726510
29.23157090
29.27024090
29.30858960
29.38466110
29.42197100
29.45755310
29.49665770
29.53507650
29.57322550
29.61150190
29.65139230
29.68610800
29.72388340
29.75868970
29.79648670
29.83556370
29.87534840
29.91225870
29.95475710
29.99247570
30.03197360
30.06785460
30.14289810
30.18225930
30.21997590
30.25617080
30.29222930
30.32908050
30.36569340
30.40756340
30.44503280
30.51852960
30.55544400
30.59082160
30.62717520
30.66328320
30.70210670
30.73963310
30.78055680
30.81934490
30.85623900
30.89250870
30.93176910
30.97021080
31.00861670
31.04396370
31.08288070
31.12689200
31.15963230
31.19593760
31.23257190
31.26990360
31.31115920
31.35120380
31.38883720
31.42355640
31.45941260
31.49420180
31.53170330
31.56903560
31.60866300
31.65234060
31.68854650
31.72603610
31.76321250
31.80190170
31.84061870
31.88403800
31.92095520
31.95774720
31.99474030
32.03131850
32.06720500
32.10527360
32.14085950
32.17769960
32.21594420
32.25496680
32.29371790
32.33154290
32.36981280
32.41079730
32.45783340
32.49868510
32.55029420
32.58895190
32.62623810
32.66428440
32.70481490
32.74503410
32.78533650
32.82279990
32.85852890
32.89398730
32.93158860
32.97331080
33.01228120
33.05268140
33.09544540
33.12768720
33.16704300
33.20562780
33.24571420
33.28536170
33.32242170
33.36003180
33.39663850
33.43356470
33.47294590
33.54551520
33.58465000
33.62329510
33.65896560
33.69947550
33.73757910
33.77634350
33.81823700
33.86072390
33.89503880
33.93098050
33.96667700
34.00635550
34.04424450
34.08624780
34.12354490
34.15999470
34.19808110
34.23779890
34.27519500
34.31350960
34.35221690
34.39341940
34.43194360
34.46790210
34.50530990
34.54620930
34.58484070
34.62431650
34.66027270
34.69689120
34.73255210
34.76922800
34.80817820
34.84599490
34.88436120
34.92120950
34.95704800
34.99537820
35.03110090
35.07246160
35.15123580
35.18730570
35.22395550
35.26220260
35.30169680
35.34213510
35.38074790
35.42047870
35.46076510
35.49696820
35.53288110
35.57281020
35.64604330
35.69069040
35.72600660
35.76207290
35.80069220
35.83602740
35.87128800
35.91023180
35.95166350
35.98913170
36.02645480
36.06363660
36.10055890
36.13833140
36.21755360
36.25338450
36.29305560
36.33157710
36.37419710
36.41714740
36.45697560
36.49525860
36.53394140
36.57217150
36.61250980
36.65103720
36.68586610
36.72345610
36.75325510
36.77155030
36.81917700
36.85764320
36.88841160
36.90464990
36.94244670
36.98742360
37.02398600
37.06235630
37.09856570
37.13474840
37.17234000
37.25064210
37.28565630
37.32430470
37.36031670
37.39753580
37.43460280
37.47177480
37.55152580
37.58814570
37.62588250
37.66217210
37.70065120
37.73816350
37.77830510
37.81676780
37.85483360
37.89351860
37.93012750
37.96622950
38.00459090
38.04553130
38.08694320
38.12531940
38.16299460
38.20055480
38.24343270
38.28346110
38.31996640
38.35748970
38.39467130
38.42977160
38.46520770
38.50422210
38.54378270
38.58405740
38.62158650
38.65848100
38.69880280
38.73530220
38.77281290
38.84123150
38.88034510
38.92222430
38.96302370
38.99989750
39.03703280
39.07520450
39.11822900
39.15558480
39.19869120
39.23334330
39.27080550
39.30747860
39.34056010
39.37766710
39.41633110
39.45473730
39.49681530
39.52883980
39.56476130
39.60247420
39.64254930
39.67954550
39.72103600
39.76047530
39.79794650
39.83796150
39.87435250
39.91468860
39.95212490
39.98729280
40.01728410
40.06409110
40.10139640
40.17769070
40.21665760
40.25291670
40.29046330
40.32657350
40.36484900
40.40306760
40.44110770
40.47864240
40.51709460
40.55350330
40.59187260
40.62915390
40.66463510
40.69918830
40.73578510
40.77366280
40.85143130
40.88664470
40.92398210
40.96329760
41.00335270
41.04174490
41.07982610
41.11724580
41.15294740
41.18877810
41.22565860
41.26271210
41.29893740
41.33325840
41.36998250
41.41224200
41.45117740
41.48879690
41.52800060
41.56419790
41.60040120
41.63864690
41.67831750
41.71677510
41.75198090
41.78932640
41.82489520
41.86376380
41.90059820
41.93700660
41.97457010
42.01722730
42.05364390
42.09721260
42.12907080
42.16520120
42.20014010
42.23717940
42.27678460
42.35275390
42.38965850
42.42437170
42.46137510
42.49789150
42.53444810
42.57049280
42.60898460
42.65032330
42.68730870
42.72387660
42.76326560
42.80157110
42.84473960
42.88305440
42.92119530
42.95692480
42.99249730
43.03317190
43.06820390
43.10606470
43.14399780
43.18494110
43.22456890
43.26448510
43.30228490
43.34135620
43.37924760
43.41874130
43.45423380
43.49051130
43.52827570
43.56607750
43.60313610
43.64081500
43.68758440
43.72465460
43.76216870
43.79887300
43.83914390
43.92001710
43.96030190
44.00770500
44.04693660
44.08514820
44.12074030
44.15806690
44.19539480
44.23425330
44.27261190
44.35062110
44.37871540
44.42584930
44.46300480
44.50145070
44.54054410
44.57812020
44.61889500
44.65594860
44.69323390
44.73205870
44.77161320
44.80976760
44.85183470
44.89110300
44.92920560
44.96814940
45.00143040
45.04164100
45.08411390
45.12108930
45.15653630
45.19396880
45.23328180
45.27027550
45.30917800
45.35096780
45.39096990
45.42823540
45.46562020
45.50235770
45.54345840
45.58451620
45.62218230
45.65858800
45.69774720
45.73465980
45.77094210
45.80956410
45.85293340
45.88872490
45.92303810
45.95834510
45.99783780
46.03580840
46.07545510
46.11560670
46.15309490
46.19002790
46.22692810
46.26494330
46.30179370
46.33790470
46.37412090
46.41493830
46.45713460
46.49314040
46.53161820
46.57190340
46.61026210
46.65317330
46.68833650
46.72694300
46.76374380
46.80304510
46.84097520
46.87985340
46.92470740
46.96200170
46.99921600
47.03633190
47.07468430
47.11166000
47.15471330
47.19218720
47.22874570
47.26633670
47.30426350
47.34263480
47.38433710
47.42133060
47.45828600
47.49756130
47.53552000
47.57166180
47.60862200
47.64581430
47.68895030
47.72583770
47.76181030
47.79834060
47.83609620
47.87526280
47.91694050
47.95555470
47.99298090
48.02806530
48.06462300
48.10088700
48.13716650
48.17763800
48.21797320
48.25424410
48.29248350
48.33009470
48.36924390
48.40519070
48.48561020
48.52256940
48.55959970
48.59584800
48.63134860
48.66813800
48.70545570
48.75228390
48.78860500
48.82466580
48.86208040
48.90223550
48.94298190
48.98428090
49.02187100
49.05802920
49.09356820
49.12835800
49.16379770
49.19997750
49.23900150
49.31782110
49.35287600
49.38928000
49.42452260
49.46071310
49.49800580
49.53338010
49.57015010
49.60787180
49.65319540
49.69151710
49.72843740
49.76411990
49.80193310
49.84240400
49.87870450
49.91576860
49.95538100
49.99143010
50.02995310
50.06709680
50.10529200
50.14208410
50.18061560
50.21712530
50.25842420
50.29404610
50.33009850
50.36905350
50.40638690
50.44222520
50.48452820
50.51988730
50.55790830
50.59512650
50.63182750
50.66817560
50.70414420
50.74226530
50.77890090
50.82055560
50.85694770
50.89254130
50.92808100
50.96500430
51.00496090
51.04356670
51.08302200
51.12690680
51.16384860
51.19787650
51.23186310
51.26819020
51.30799190
51.34516480
51.38579210
51.42801650
51.46350550
51.50518490
51.54327470
51.58053720
51.61773010
51.65646690
51.69007560
51.72715210
51.76335050
51.80241160
51.84304450
51.88470480
51.92181370
51.95908810
51.99654050
52.03326060
52.07105480
52.10683520
52.14399480
52.18503580
52.22192160
52.25712060
52.29329170
52.32935210
52.37010870
52.40892350
52.44512540
52.48457750
52.52118300
52.55865360
52.59616660
52.62983320
52.66614320
52.70383940
52.74213350
52.78127120
52.81987620
52.85615660
52.89240260
52.92725510
52.96372070
53.00155090
53.03933870
53.07640130
53.11465120
53.15460970
53.19093200
53.22852320
53.26496800
53.30261070
53.34171250
53.38367680
53.42065640
53.45646200
53.49375870
53.53275470
53.57141850
53.61108930
53.65315430
53.68998190
53.72869020
53.76738350
53.80487290
53.84497600
53.88399440
53.92006360
53.95729510
53.99366110
54.03133740
54.06717610
54.10492140
54.14110980
54.18446990
54.22067090
54.27224150
54.31088550
54.35107090
54.38803720
54.42544950
54.46209970
54.49814080
54.53528340
54.57383010
54.65821060
54.69343650
54.73110210
54.76810220
54.80810480
54.84472680
54.88386410
54.92172160
54.95939660
54.99585490
55.03085400
55.06554900
55.10407230
55.14027810
55.18030020
55.21844800
55.25578340
55.29277830
55.32999540
55.36665890
55.40356150
55.44147490
55.47873240
55.51669280
55.55442850
55.59467670
55.63198770
55.66698130
55.70388580
55.74392950
55.78419950
55.81949540
55.85380360
55.89246310
55.92878670
55.96397460
56.00119520
56.04006370
56.07880900
56.11473810
56.15839850
56.19384430
56.23049610
56.27152020
56.31144700
56.34845830
56.38622760
56.42238440
56.46141520
56.49649500
56.53519360
56.57376030
56.61161140
56.65080470
56.68775210
56.72245850
56.75849790
56.79433690
56.83016270
56.86938980
56.90919880
56.94893480
56.98607570
57.02769580
57.06396250
57.10104800
57.13861280
57.21741930
57.25481630
57.29133070
57.32717450
57.36486710
57.40296700
57.44316600
57.48347440
57.52078340
57.55691370
57.59311300
57.62970020
57.66565060
57.70374300
57.74110710
57.82317930
57.85348840
57.90251160
57.94182050
57.97918680
58.01818110
58.06023010
58.09600360
58.13143040
58.16830920
58.20540050
58.24437620
58.28545360
58.32380340
58.36089470
58.39802660
58.43688560
58.47580420
58.51327360
58.55108700
58.59415270
58.62854740
58.66606700
58.70134080
58.74175860
58.78422470
58.82664280
58.86044250
58.89818490
58.93503330
58.97148200
59.01089240
59.04775130
59.08231190
59.12224560
59.15960060
59.19906130
59.23956990
59.28010890
59.31794600
59.35367150
59.38899480
59.42718240
59.46478220
59.50343990
59.54142420
59.58448470
59.62078590
59.65965960
59.69863680
59.73543770
59.77643000
59.81723430
59.85276430
59.88845460
59.92456170
59.96249730
59.99978690
60.03715610
60.07643480
60.11631840
60.15432220
60.19001270
60.22768990
60.26612830
60.30347760
60.34210300
60.38399740
60.42017560
60.45882440
60.49724670
60.53752160
60.57555690
60.61861680
60.65615590
60.69435730
60.73397450
60.77116370
60.81143050
60.85157130
60.88905800
60.92578680
60.96540010
61.00054330
61.04064960
61.07813860
61.11849340
61.15544670
61.19261010
61.22921100
61.26678320
61.30447740
61.34327780
61.38349080
61.42085270
61.45638860
61.49666360
61.53507180
61.57327870
61.60979790
61.65133860
61.68649850
61.72402660
61.76094320
61.79828620
61.83559350
61.87228590
61.95059530
61.98695440
62.02693840
62.06564850
62.10227620
62.14085040
62.21756230
62.25351160
62.28823600
62.32594770
62.36386360
62.40282890
62.44290770
62.48499430
62.52068890
62.55551630
62.59135570
62.62750110
62.66299530
62.70068840
62.73644820
62.77303170
62.81121330
62.85199590
62.88636190
62.92211090
62.96047190
63.00101050
63.03796420
63.07676460
63.11898520
63.15527820
63.19200090
63.22911820
63.26802550
63.30624370
63.34408480
63.38524770
63.42008830
63.45728890
63.49443050
63.53331500
63.56850330
63.60618270
63.64624090
63.68359730
63.72325800
63.76129180
63.79853680
63.83521960
63.87688310
63.91806910
63.95369130
63.98942690
64.02567440
64.06292590
64.10022320
64.13746310
64.17737270
64.21764800
64.25469990
64.29216670
64.32862240
64.36834660
64.40694440
64.44527170
64.48440230
64.52073660
64.55882970
64.59439670
64.63129900
64.66937830
64.70993220
64.75181440
64.78756510
64.82527900
64.86391960
64.90361030
64.94026760
64.97920290
65.01722570
65.05305290
65.09014090
65.12806000
65.16405500
65.20195970
65.27936710
65.31768750
65.35377680
65.38906420
65.42615650
65.46437900
65.50091340
65.53914080
65.57720490
65.61752990
65.65472320
65.69199080
65.72911740
65.76740640
65.80861610
65.85268210
65.89014740
65.92699290
65.96470920
66.00122850
66.04014460
66.07753220
66.11804780
66.15378990
66.19212760
66.22786540
66.26874340
66.30623790
66.34402540
66.38403340
66.42163790
66.45754000
66.49556840
66.53171210
66.56902620
66.60809760
66.65237190
66.68987760
66.72727820
66.76377380
66.80138580
66.83922810
66.91808850
66.95669610
66.99617250
67.03274380
67.06949310
67.10824560
67.14567590
67.18482200
67.21927500
67.25616090
67.29322480
67.32835280
67.36670770
67.40721700
67.48418980
67.51954730
67.55517190
67.59224280
67.63085620
67.66977180
67.70855430
67.75023220
67.77956210
67.82639370
67.86675940
67.90729710
67.98451030
68.02255750
68.05707230
68.09287590
68.12860830
68.16583040
68.20225370
68.24561300
68.28417610
68.32068380
68.35787850
68.39400130
68.43136310
68.47158650
68.55142560
68.58849510
68.62604230
68.66090790
68.69611340
68.73187410
68.76978340
68.80831640
68.85135770
68.88954000
68.92637860
68.96315770
68.99968770
69.03796370
69.07678070
69.11757220
69.15634500
69.19230760
69.23029120
69.26733790
69.30740890
69.38649010
69.42432080
69.46356100
69.50027870
69.53891080
69.57401520
69.61072570
69.68868850
69.72541940
69.76258930
69.79949400
69.83919030
69.87701090
69.91378020
69.95032290
69.99111140
70.02666630
70.06360150
70.10123450
70.14185240
70.18164110
70.22370940
70.25952290
70.29607540
70.33362510
70.37033740
70.40847040
70.44492570
70.48238330
70.52425450
70.55929970
70.59656840
70.63349100
70.67198100
70.70898390
70.74771110
70.78388950
70.82375610
70.85974330
70.89656380
70.93441770
70.97334520
71.01236110
71.05653860
71.09294370
71.12840380
71.16453110
71.19937860
71.23567350
71.27327420
71.31136930
71.35494270
71.38258620
71.42942690
71.46414310
71.50430330
71.53994150
71.57889940
71.61861080
71.66015890
71.69936880
71.73555080
71.77439130
71.81255720
71.84998580
71.88962050
71.92635980
71.96343780
72.00064410
72.03916130
72.07592300
72.11260170
72.15577670
72.19093190
72.22720980
72.26208560
72.29742800
72.33490790
72.37398220
72.41660100
72.45245370
72.48826370
72.52466930
72.56148200
72.59971540
72.63740760
72.67506430
72.71380050
72.75516510
72.79198870
72.82683980
72.86670960
72.90521720
72.94262320
72.98428160
73.02220530
73.05948470
73.09680390
73.13262520
73.16839660
73.20465560
73.24419220
73.28480690
73.32441060
73.36082680
73.40039940
73.43732810
73.47422230
73.51212170
73.54978930
73.58633710
73.62961070
73.66581040
73.70167290
73.73910120
73.77816330
73.81869270
73.85982820
73.89709600
73.93673400
73.97339540
74.00995570
74.04571530
74.08461920
74.12699870
74.16367730
74.19996660
74.23834180
74.27753730
74.31651860
74.36122150
74.39405070
74.42940080
74.46452960
74.50076070
74.53728520
74.57343600
74.60930720
74.64774010
74.68777400
74.72524300
74.76237780
74.79959970
74.83646090
74.87451370
74.91644120
74.95104490
74.98686920
75.01981640
75.05906440
75.09341350
75.13052570
75.16754690
75.20895360
75.25097010
75.28818470
75.32617690
75.36306050
75.40320610
75.44291830
75.48036260
75.51787070
75.55904740
75.59766980
75.63422980
75.67144910
75.70874010
75.74634910
75.78438390
75.81948350
75.85291680
75.88818090
75.92598450
75.96300950
76.00355610
76.04338390
76.08439520
76.12339790
76.16065480
76.19589570
76.23206370
76.27214500
76.31271740
76.35275240
76.38914880
76.42584690
76.46239260
76.49984630
76.53779480
76.61206720
76.65185390
76.68842510
76.72719630
76.76377780
76.80182450
76.83732570
76.87687340
76.91717150
76.95321140
76.99043400
77.03030360
77.06664080
77.10316820
77.13954430
77.17859620
77.21741510
77.25349470
77.29111640
77.32956530
77.36610720
77.40722480
77.44573590
77.48395390
77.52005870
77.55596200
77.59466250
77.63269930
77.66904470
77.71000570
77.75241010
77.78813710
77.82562020
77.86528830
77.90723820
77.98518810
78.02359920
78.06045660
78.09868350
78.13339030
78.17028120
78.20885700
78.25191510
78.28798220
78.32417630
78.36124680
78.39965030
78.43829530
78.47744620
78.51708990
78.55365780
78.58903800
78.62995620
78.66598600
78.70528990
78.74302740
78.78660540
78.82175550
78.85888400
78.89701370
78.93581160
78.97434530
79.01335930
79.05162710
79.08796160
79.12605570
79.16553550
79.20380600
79.24627350
79.28693290
79.32260850
79.36191900
79.40038630
79.43967730
79.47757430
79.51769780
79.55452870
79.59141780
79.62758840
79.66364430
79.70061910
79.74103430
79.81472630
79.85199960
79.88902490
79.92863950
79.96577430
80.00185510
80.03870400
80.11385680
80.15329620
80.19019870
80.22885390
80.26821000
80.30692730
80.35205520
80.38752080
80.42231740
80.45972300
80.49895020
80.53548900
80.57310680
80.65315000
80.69152320
80.72802710
80.76545170
80.80205810
80.84119090
80.87813520
80.91743970
80.95494800
80.99367660
81.02711010
81.06515870
81.10284020
81.14156040
81.18624470
81.22288680
81.25926220
81.29546000
81.33167340
81.37017550
81.41128200
81.45167890
81.48901170
81.52732940
81.56521960
81.60272730
81.64118500
81.67730380
81.71750410
81.75396770
81.79062900
81.82664120
81.86225580
81.90283120
81.94069710
81.98423440
82.02063200
82.05869350
82.09467570
82.13060670
82.16704150
82.20447020
82.24481340
82.28466470
82.31998180
82.35631290
82.39401710
82.43592070
82.47378810
82.51121180
82.55185900
82.59017250
82.62727920
82.66454800
82.70137310
82.73874360
82.77990330
82.81862420
82.85440430
82.89174850
82.92939630
82.96715690
83.00299050
83.04206190
83.08479220
83.12322020
83.16001260
83.19521130
83.23291940
83.27066220
83.30926320
83.35170120
83.38959620
83.42497450
83.46235140
83.49229020
83.51731570
83.55508780
83.59059920
83.62615840
83.66232820
83.70121280
83.73929060
83.81708950
83.84536910
83.89200240
83.93064930
83.96897400
84.04450450
84.08480560
84.12105980
84.15852610
84.19547900
84.23136760
84.27244210
84.31238760
84.35418700
84.39095760
84.42882940
84.46462570
84.50208290
84.57687060
84.61887210
84.65618460
84.69262370
84.73268870
84.76979940
84.84458170
84.88485790
84.90985190
84.95839490
84.99980670
85.03804450
85.07418940
85.11861310
85.15680550
85.19541570
85.23100730
85.26789660
85.30796690
85.35287710
85.38935450
85.42387580
85.46110340
85.49685190
85.53256910
85.56957770
85.60707000
85.64481000
85.68438820
85.72319940
85.75933950
85.79552150
85.83117060
85.86750250
85.90507030
85.94398740
85.98405460
86.02103060
86.05764820
86.09673710
86.13532700
86.17497300
86.21922990
86.25766040
86.29282850
86.32840630
86.36951250
86.40806000
86.44406520
86.48430150
86.52045830
86.55753870
86.59505250
86.63185380
86.66680340
86.70241260
86.74181630
86.78027360
86.80838250
86.85694310
86.89411370
86.93142860
86.96725890
87.00786720
87.05287970
87.09204040
87.12835930
87.16432560
87.20331670
87.24309220
87.28386610
87.32307190
87.36135100
87.39749300
87.43689480
87.47775960
87.51915400
87.55858820
87.59591170
87.63317400
87.67042350
87.70927020
87.74901330
87.78826790
87.82682110
87.86465290
87.90201470
87.94281950
87.98484600
88.02135360
88.05945080
88.09800980
88.13410730
88.17057230
88.21260430
88.25224160
88.28957940
88.32569740
88.36214690
88.40028900
88.44050930
88.47760960
88.51770710
88.55629260
88.59517290
88.63151590
88.66935270
88.71125460
88.75400800
88.79173830
88.82926170
88.86975580
88.90718880
88.94475440
88.98219130
89.01499720
89.05064250
89.09289090
89.12978010
89.16526110
89.20174850
89.24033590
89.28170510
89.32408270
89.36252430
89.40042620
89.43981580
89.47710710
89.51510270
89.55223120
89.59484820
89.63229640
89.67089750
89.71067330
89.75189680
89.79110990
89.82810530
89.86953280
89.91214490
89.95241090
89.99243520
90.02869970
90.06626590
90.10178920
90.13947960
90.17750290
90.21795410
90.25784580
90.29498930
90.33267670
90.36882220
90.40955840
90.44629050
90.48373330
