0.05103730
0.13360810
0.17643260
0.21527510
0.25599910
0.29534530
0.33517810
0.37105600
0.41070610
0.44746330
0.48503450
0.52540410
0.56624740
0.60263570
0.64105110
0.67789670
0.71420620
0.74980310
0.78780680
0.82669900
0.86873740
0.90523500
0.94127670
0.97621720
1.01397210
1.05084900
1.12492450
1.16846830
1.20499740
1.24144230
1.27738360
1.31272980
1.34887740
1.38391370
1.42365060
1.45985890
1.49889510
1.53460940
1.57126850
1.60802110
1.64353660
1.67884150
1.71960890
1.76439250
1.80349350
1.83948210
1.87619300
1.91203700
1.95145770
1.99146280
2.06670890
2.10271230
2.13919770
2.17530720
2.21142500
2.24875550
2.28629680
2.32556240
2.36730010
2.40162490
2.43849870
2.47427340
2.50932930
2.54554050
2.58393420
2.62192830
2.65991490
2.69830760
2.73677220
2.77245660
2.80757560
2.84139500
2.88062340
2.91896450
2.95727460
2.99332550
3.03534920
3.07086620
3.10735180
3.14289600
3.17851820
3.21690060
3.25429740
3.29492850
3.33907360
3.37354360
3.40933500
3.44290660
3.47726160
3.51696580
3.55224450
3.58803030
3.62553650
3.66144970
3.70133080
3.73664130
3.77385520
3.81321830
3.84879640
3.88882640
3.92797460
3.97041510
4.00510330
4.04089560
4.07554140
4.11182800
4.14934230
4.18665440
4.25922510
4.29847160
4.33376190
4.36888490
4.40463410
4.44012820
4.47428710
4.51209610
4.54878950
4.58428960
4.61966840
4.65888950
4.69904330
4.73577270
4.77132700
4.80708430
4.84210140
4.87834150
4.91439670
4.95349140
4.99111920
5.05960810
5.10078050
5.13896460
5.17542170
5.21141450
5.25237960
5.28830140
5.32480540
5.36789920
5.40316660
5.43882790
5.47384750
5.50903440
5.54575190
5.58166230
5.61932050
5.65535560
5.73104420
5.77284030
5.80381760
5.83979030
6.87163460
6.90669140
6.94262190
6.98066790
7.01667730
7.05647170
7.12292990
7.15736690
7.19097380
7.22788070
7.27028890
7.30709770
7.34149320
7.37734720
7.41401380
7.44911050
7.48563540
7.52378410
7.55946580
7.59872600
7.63736410
7.67334650
7.70827990
7.74537210
7.78199740
7.82131670
7.85854200
7.89951890
7.93725790
7.97258280
8.00809630
8.04486360
8.08064280
8.11679050
8.15511680
8.19684880
8.24061800
8.27658400
8.31245800
8.35099940
8.39006970
8.42933860
8.46624260
8.50440690
8.54095700
8.57749220
8.61172550
8.64886850
8.68333800
8.72000830
8.75638960
8.79372480
8.83165560
8.86651690
8.90170140
8.93971570
8.97555940
9.01163000
9.04857480
9.08612330
9.12535290
9.16352180
9.20166170
9.24115010
9.27549570
9.30988660
9.34639150
9.38136870
9.41815700
9.45733420
9.49813670
9.53582440
9.57427820
9.60888750
9.64474160
9.68067030
9.71681700
9.75291410
9.79045950
9.82654200
9.86605420
9.90180450
9.93797800
9.97475960
10.01057790
10.04545090
10.08162160
10.11775870
10.15531290
10.22578320
10.26606220
10.30351110
10.33998470
10.37591330
10.41257730
10.44957630
10.48968890
10.52545200
10.56006370
10.59912940
10.63765540
10.67284340
10.70886130
10.74375320
10.78108360
10.81804190
10.85865710
10.89937710
10.93458310
10.97118740
11.00873490
11.04563240
11.08044480
11.11874900
11.15706790
11.19287750
11.23100580
11.25858990
11.30812310
11.34367310
11.37950480
11.41647450
11.45421980
11.53211090
11.56844160
11.60395580
11.64230270
11.67892210
11.71530670
11.75184690
11.79051220
11.82660590
11.86633130
11.90256650
11.94233990
11.97755190
12.01434380
12.05282150
12.09141580
12.13121940
12.16641170
12.20413110
12.23940780
12.27524070
12.31156620
12.34874920
12.38458580
12.42118810
12.45829520
12.49820570
12.53355720
12.56843490
12.60574580
12.64273540
12.67912520
12.71625660
12.75430930
12.79161970
12.83120970
12.86770020
12.90262890
12.94021160
12.97548320
13.00962890
13.04535740
13.08497570
13.12478120
13.16082340
13.19862520
13.23292750
13.27617340
13.31182160
13.34786930
13.38526400
13.42100010
13.45788000
13.49838700
13.53635040
13.57364880
13.60993000
13.64534780
13.68372220
13.71987270
13.75688260
13.79469180
13.83158500
13.86736570
13.90318740
13.93779620
13.97548560
14.01112690
14.04811460
14.08602300
14.15873200
14.19868420
14.23732440
14.27341160
14.31021070
14.34903520
14.38683370
14.42499910
14.46517010
14.50005360
14.53626670
14.57414320
14.61241820
14.64856380
14.68423890
14.72083680
14.75952050
14.79887260
14.83565190
14.87158780
14.90817960
14.94606990
14.98522560
15.02122300
15.09812470
15.13338660
15.16997160
15.20842090
15.24328420
15.28003910
15.32200190
15.36073230
15.39904060
15.43518270
15.47028080
15.50741260
15.54378250
15.57927190
15.61482620
15.65366890
15.69103840
15.73111680
15.76732820
15.80463180
15.84097200
15.88030820
15.91707650
15.95381900
15.99100600
16.03318640
16.06838120
16.10327620
16.14014230
16.17603190
16.21276110
16.25007050
16.28838600
16.32427870
16.36097660
16.39838470
16.43339420
16.46927330
16.50489020
16.54167120
16.57745730
16.61289220
16.65167470
16.69052390
16.73208120
16.76847470
16.80386380
16.83954840
16.87586710
16.91212020
16.94778010
16.98249110
17.01858800
17.05604680
17.09981490
17.13550780
17.17133940
17.20631400
17.24302410
17.27929720
17.31395130
17.35039310
17.39656100
17.43182220
17.46008600
17.51369650
17.54715360
17.58316510
17.61909530
17.65615810
17.73128130
17.75874560
17.80471560
17.83954570
17.87608250
17.90449940
17.91973010
17.95182120
17.98970320
18.03659400
18.07387720
18.11107490
18.14793340
18.18378870
18.22315440
18.26087770
18.33666220
18.37376460
18.41048790
18.44915160
18.48820830
18.52561460
18.56637260
18.60460710
18.64066950
18.67703270
18.71283890
18.75201630
18.79018340
18.83457750
18.86934290
18.90461060
18.94085240
18.97701100
19.01572210
19.05086800
19.09006000
19.12590110
19.16778810
19.20442590
19.23909760
19.27476580
19.31107560
19.34901610
19.38742310
19.42661070
19.46550920
19.50190530
19.53730410
19.57229690
19.60837330
19.64360900
19.68001490
19.71529110
19.74959810
19.78814440
19.82648200
19.86615160
19.90202200
19.93726540
19.97323860
20.00830190
20.04659060
20.08120640
20.11825370
20.15520930
20.23198810
20.26833660
20.30568030
20.34457440
20.38303080
20.42060830
20.45814290
20.49906210
20.53368620
20.57043650
20.60644910
20.64279640
20.67849660
20.74584370
20.78305330
20.81860780
20.85777420
20.89996740
20.93596120
20.97172520
21.00735900
21.04411790
21.08015630
21.11589210
21.15396590
21.19107810
21.23235130
21.26745280
21.30396660
21.33865270
21.37351320
21.40963050
21.44744280
21.48376450
21.52077950
21.59835620
21.63409270
21.67078620
21.70675750
21.74129680
21.77748460
21.81477020
21.85386050
21.89158430
21.93213610
21.96837150
22.00241600
22.03980520
22.07702280
22.11421190
22.15025160
22.18724520
22.25800540
22.29763830
22.33377510
22.36785340
22.40321080
22.43858740
22.47635650
22.51666930
22.55406110
22.59022890
22.62701410
22.66307480
22.70468840
22.74064770
22.77556190
22.80927470
22.84442440
22.88163660
22.92075490
22.95839170
22.99382290
23.03606750
23.07174160
23.10557920
23.14219760
23.17751690
23.21381990
23.25207710
23.28888000
23.32744200
23.36675040
23.41029990
23.44140400
23.47834250
23.51505200
23.55095190
23.58649810
23.62513490
23.66596700
23.70181820
23.73636440
23.77233190
23.81122320
23.84622120
23.88143350
23.91873670
23.95585350
23.99241360
24.03256510
24.07075180
24.10541490
24.14147180
24.17742430
24.21250270
24.25016660
24.28866530
24.36731180
24.40332810
24.43856410
24.47367090
24.50807220
24.54381010
24.57861610
24.61384290
24.64885520
24.68576630
24.72275130
24.75950430
24.79873000
24.83788430
24.87281510
24.90965020
24.94542350
24.98031110
25.01578490
25.05431430
25.09052960
25.13199960
25.16811320
25.20547080
25.24242140
25.27742420
25.31340390
25.35312110
25.38974220
25.46688940
25.50603350
25.54146000
25.57876370
25.61369510
25.64843820
25.68553610
25.72281670
25.75921770
25.79944120
25.83838430
25.87308870
25.90749350
25.94443190
25.98140090
26.02165160
26.05799130
26.13631960
26.16359780
26.20849550
26.24336530
26.28074140
26.31939110
26.35593740
26.39328670
26.43200750
26.47335180
26.50843620
26.54331060
26.57938810
26.61495810
26.65358270
26.69069790
26.73010450
26.77108950
26.80818550
26.84260890
26.87751240
26.91538280
26.95233360
26.98812090
27.02383320
27.06651720
27.10171010
27.13976780
27.17570220
27.21146030
27.24945980
27.29038670
27.32698820
27.36292560
27.40579550
27.44139860
27.47798600
27.51233470
27.54724190
27.58256540
27.62068320
27.65757050
27.69334570
27.73194260
27.77246060
27.80946750
27.84538800
27.88190270
27.91778410
27.95422460
27.98991770
28.02714230
28.06605700
28.10517980
28.14113800
28.17471550
28.21079080
28.23951430
28.27353530
28.29895190
28.34746010
28.38365980
28.42111010
28.45909410
28.49928450
28.54083050
28.57571950
28.61065440
28.64662230
28.68233680
28.71976990
28.75803980
28.79484620
28.83306690
28.87247380
28.90852300
28.94486400
28.98024130
29.01591430
29.05268960
29.08792760
29.12720100
29.17134210
29.20709790
29.24307240
29.27747340
29.31385110
29.34952920
29.38506330
29.42134790
29.46140110
29.49860840
29.53614700
29.57493920
29.61168600
29.64886500
29.68439440
29.72035300
29.75874560
29.79841430
29.83574010
29.87180120
29.90760550
29.94278970
29.98066680
30.01900180
30.05817980
30.09342110
30.13121120
30.16754860
30.20590200
30.24262060
30.27883810
30.31882650
30.35712320
30.43151900
30.46657610
30.50270030
30.53764280
30.57436160
30.60926340
30.64533370
30.68124310
30.71976880
30.75857450
30.79901870
30.83522090
30.87252570
30.90742700
30.94518420
30.98125590
31.01949990
31.05535420
31.08981560
31.16183840
31.19865360
31.23635560
31.27191670
31.30645800
31.34146840
31.37798500
31.41254790
31.44879280
31.48471480
31.52124890
31.55771470
31.63166000
31.67100190
31.70922380
31.74499530
31.78004030
31.81777790
31.85731860
31.93169540
31.96949820
32.00427120
32.04001820
32.07812960
32.11528370
32.15164010
32.18697120
32.22514580
32.26712480
32.30226070
32.33725870
32.37139250
32.40692940
32.44297630
32.47798510
32.51457660
32.55046070
32.58548530
32.62216480
32.65973800
32.69852500
32.73343440
32.76933750
32.80467400
32.84060350
32.87672040
32.91265450
32.94853880
32.98691110
33.02482470
33.05753670
33.09429750
33.13259640
33.16738020
33.20206340
33.23600900
33.27347120
33.30876360
33.34510800
33.38125350
33.41888040
33.45677560
33.49306430
33.53245830
33.56893850
33.60700060
33.64490760
33.67992160
33.71684710
33.75513260
33.83324210
33.86845170
33.90255860
33.93875290
33.97516810
34.01273310
34.04881370
34.08724900
34.12275870
34.15596240
34.19416590
34.23330210
34.26982060
34.30568630
34.34096380
34.37941840
34.41504340
34.45466930
34.49452300
34.53314710
34.56870160
34.60402260
34.63975590
34.67433920
34.71069920
34.74645070
34.78124610
34.81644730
34.85535220
34.89364320
34.93181210
34.96649780
35.01037180
35.04427030
35.07578820
35.11022560
35.14533370
35.17988560
35.21690110
35.25357600
35.29199780
35.33280460
35.36941590
35.40449770
35.43977340
35.47433430
35.51259050
35.54879030
35.58439780
35.62102820
35.65816220
35.69952890
35.73502350
35.77129600
35.80744790
35.84326610
35.88194720
35.92384700
35.96044050
35.99877110
36.03379060
36.07043370
36.10685260
36.14442420
36.18059950
36.21827100
36.25495430
36.32877640
36.36591940
36.40153900
36.43641870
36.47000020
36.50576630
36.54251850
36.58176410
36.61826650
36.65503850
36.69157620
36.76702920
36.80280050
36.83631230
36.87177240
36.90653790
36.94325420
36.97930070
37.01579300
37.05174680
37.08987580
37.13211460
37.16757120
37.20268410
37.23899970
37.27545800
37.31089210
37.34733470
37.38454040
37.42437990
37.46691530
37.50182920
37.53797160
37.57518150
37.60956520
37.64559170
37.68150080
37.71529060
37.75297700
37.78908940
37.85979650
37.89924390
37.93346780
37.97070330
38.00614500
38.04247220
38.07828130
38.11398730
38.14996520
38.18560250
38.22086610
38.25616220
38.33365850
38.36918530
38.40681540
38.44566940
38.48669370
38.52637730
38.56629380
38.60282540
38.63860920
38.67472140
38.70860170
38.74313200
38.77891210
38.81710500
38.85802590
38.93386280
38.96935340
39.00625570
39.04206990
39.07831300
39.11457370
39.14869860
39.18737360
39.26105240
39.29932810
39.33497480
39.37088280
39.40722650
39.44441820
39.47939900
39.51524910
39.55199260
39.58706840
39.62413650
39.66017360
39.69918640
39.73553460
39.77063450
39.80552760
39.84063810
39.87675200
39.91186390
39.94877320
39.98376320
40.02145680
40.09859680
40.13407120
40.17051210
40.20644790
40.24110780
40.27737200
40.31213970
40.35206650
40.38911130
40.43155110
40.46834770
40.50244300
40.53777280
40.57563020
40.61167990
40.64760080
40.68316210
40.71997420
40.75850910
40.79882040
40.83506380
40.87069460
40.90722860
40.94233420
40.97606190
41.01185160
41.04920950
41.08434380
41.12031010
41.19319700
41.23289260
41.27060980
41.30426270
41.34204870
41.37707200
41.41337580
41.45067710
41.48895930
41.52524180
41.59853300
41.63491100
41.67207410
41.70849600
41.74356500
41.77920830
41.81546190
41.85472060
41.89208860
41.93280900
41.97051470
42.00658460
42.04181990
42.07780730
42.11287690
42.14717140
42.18256000
42.22112770
42.25850020
42.29929870
42.33548340
42.37196360
42.40850130
42.44440030
42.47956930
42.51559630
42.55213740
42.58951580
42.62437350
42.66540280
42.70156700
42.73682290
42.77299980
42.81240580
42.85006420
42.88928790
42.92581990
42.96609040
43.00459720
43.04245770
43.07761620
43.11160620
43.14788620
43.18299350
43.21783030
43.25640620
43.29202580
43.32759120
43.36601690
43.40205970
43.43806960
43.47294830
43.50967700
43.54655440
43.58377250
43.62273240
43.65825860
43.69930090
43.73554600
43.77182470
43.80765810
43.84384930
43.88051640
43.91828260
43.95960000
43.99896610
44.03640340
44.07394480
44.11075860
44.14760860
44.18408800
44.22225820
44.26179610
44.30642950
44.34203500
44.37880170
44.41590760
44.45860900
44.50346060
44.54052490
44.57825570
44.61580100
44.65290020
44.69378710
44.73860140
44.77555010
44.81279450
44.85025820
44.89136570
44.93020110
44.96715220
45.00497880
45.03379300
45.07653900
45.11356810
45.14865550
45.18439200
45.21906590
45.25615850
45.29286480
45.33278330
45.37209080
45.40670420
45.44307380
45.48143120
45.52113750
45.55831430
45.62870990
45.66599530
45.70549480
45.74091750
45.77551400
45.81131810
45.84666300
45.88396070
45.92286600
45.96292470
46.00544530
46.04133720
46.07659820
46.11240750
46.14935170
46.18615710
46.22346440
46.26066800
46.29752860
46.33868990
46.37437170
46.41034820
46.44601110
46.48370750
46.52459410
46.56107760
46.59939600
46.64170350
46.67673820
46.71188810
46.74764120
46.78166070
46.81742780
46.85680540
46.89362730
46.92911460
46.96605580
47.00623330
47.03352530
47.07736700
47.11174670
47.14813460
47.18241880
47.21880150
47.25505540
47.29248040
47.33130670
47.36645540
47.40145660
47.43683580
47.47489420
47.51166110
47.54762560
47.58465740
47.62430650
47.65983990
47.69820370
47.73341220
47.76948120
47.80705920
47.84245000
47.87835080
47.91525260
47.95301250
47.99038480
48.02547280
48.06041220
48.09858490
48.13444260
48.17051750
48.21030400
48.24576200
48.28064240
48.31921080
48.35858170
48.39231460
48.43182170
48.46989230
48.50726240
48.54499700
48.58090550
48.61786000
48.65544750
48.73105010
48.76733110
48.80324480
48.84001760
48.87760830
48.91478090
48.95091170
48.98909280
49.02479100
49.06503840
49.10156300
49.13813140
49.17640190
49.21252850
49.24946100
49.28882470
49.36122080
49.39841100
49.43332060
49.46930030
49.50731490
49.54583280
49.58306560
49.62099060
49.69262260
49.73144770
49.76738810
49.80236370
49.83733470
49.87423810
49.90991730
49.94658210
49.98445450
50.02249670
50.05875630
50.09808390
50.13330270
50.16830200
50.20553950
50.24153570
50.27777830
50.31993510
50.35904950
50.39842320
50.43346440
50.46943300
50.50520230
50.54132570
50.57948800
50.61378410
50.64876860
50.68639360
50.72150560
50.75789800
50.79808870
50.83849040
50.87368640
50.91033720
50.94804020
50.98447940
51.02019530
51.05505930
51.08648420
51.12416980
51.16047970
51.23201030
51.27113080
51.29971140
51.34473590
51.38067290
51.41498810
51.45347080
51.49086050
51.52882770
51.57354870
51.61137300
51.64756660
51.68344660
51.72005040
51.76075010
51.79911660
51.83487830
51.87220540
51.90731210
51.94302070
51.97854260
52.01338110
52.04846730
52.08280480
52.11913280
52.15577630
52.19564270
52.23763410
52.27190570
52.30512640
52.34095860
52.37796000
52.41307590
52.44894720
52.48630780
52.52459770
52.56084580
52.59922730
52.63551540
52.67819740
52.71110210
52.74613070
52.78243900
52.82304160
52.86034000
52.89934620
52.93441080
52.97101040
53.01454000
53.04790050
53.08617230
53.12211970
53.15978770
53.19934030
53.23436660
53.27069600
53.30666800
53.34056130
53.37694870
53.41301450
53.44934550
53.48899740
53.52569940
53.56576620
53.60074120
53.63769530
53.67306630
53.70754690
53.74354220
53.78050260
53.81793170
53.85577210
53.93253720
53.97201300
54.00061520
54.04692820
54.08289680
54.11988990
54.15732900
54.23201370
54.26719340
54.30290110
54.33822710
54.37582660
54.41230700
54.44820610
54.48427650
54.52066930
54.60016740
54.63480470
54.67058150
54.70717970
54.74159080
54.77753640
54.81497920
54.85188940
54.88778670
54.92484440
54.96205140
55.00037530
55.03672280
55.07321930
55.10853930
55.14617010
55.18143730
55.22003850
55.25787430
55.29867220
55.33536900
55.37345160
55.40855680
55.44626800
55.48202900
55.51854690
55.55723920
55.63202980
55.67436360
55.70754370
55.74381840
55.78266440
55.81777950
55.85492360
55.89339910
55.93425830
55.97115070
56.00763050
56.04238330
56.07824180
56.11385370
56.15077620
56.19224110
56.23263030
56.26867070
56.30570600
56.34186050
56.38053260
56.41834430
56.45589140
56.49193640
56.52973080
56.56971690
56.60590420
56.64044320
56.67710930
56.71397710
56.75172390
56.78993420
56.83238490
56.87234910
56.90778710
56.94340430
56.97946350
57.01393100
57.05078070
57.08766250
57.12533080
57.16597000
57.20148270
57.23672370
57.27198650
57.30755000
57.34423450
57.38226440
57.41954790
57.50067990
57.53569820
57.57076320
57.60737840
57.64241140
57.67727360
57.71293810
57.75025610
57.82406720
57.86589070
57.90260540
57.93940520
57.97501030
58.01441860
58.05230970
58.08897540
58.13349110
58.17218080
58.20840910
58.24477800
58.28356220
58.32049480
58.35812780
58.40077980
58.43787770
58.47468600
58.50931500
58.54666130
58.58363620
58.62089700
58.65814620
58.69940920
58.73662830
58.77356760
58.80858030
58.84582900
58.88265530
58.91935870
58.95664760
58.99318200
59.03365830
59.07102000
59.10927210
59.14588770
59.18338620
59.22114790
59.29849330
59.33631150
59.37104390
59.40941620
59.44487900
59.48016330
59.51662340
59.55904260
59.60050710
59.63646410
59.67097000
59.70611160
59.74621350
59.78334050
59.82125740
59.85662580
59.92457250
59.96274540
60.00283550
60.03910750
60.07334540
60.10818270
60.14780620
60.19235150
60.22980240
60.26934990
60.30640300
60.34549860
60.38026560
60.41629150
60.45145880
60.48789950
60.52599060
60.56618990
60.60195020
60.63800760
60.67294450
60.70940920
60.74491010
60.78263940
60.82084970
60.85672270
60.89247060
60.93315910
60.97328560
61.00799310
61.04399520
61.08208660
61.12266290
61.16098060
61.19784240
61.23647490
61.26305300
61.30794950
61.34327330
61.37881660
61.41382090
61.45034370
61.48788980
61.52560620
61.56345560
61.60415080
61.63920870
61.67555300
61.71030920
61.74547050
61.78119220
61.81733480
61.85611520
61.89457430
61.93086600
61.97173760
62.00710200
62.04262820
62.07929530
62.11393630
62.15017250
62.18748030
62.22527290
62.26316930
62.30712370
62.34479040
62.38039660
62.41777150
62.45574200
62.49490500
62.53363380
62.57308170
62.60906570
62.64494450
62.68224290
62.72057910
62.75884990
62.79981480
62.84136980
62.87507940
62.91217580
62.94891740
62.98541880
63.02296810
63.05889010
63.09988790
63.13763980
63.17317980
63.20807930
63.24563210
63.28335640
63.32310700
63.36467300
63.40255950
63.43797790
63.47308060
63.50813310
63.54254570
63.57724770
63.61386400
63.64894610
63.68649230
63.72208420
63.76101940
63.80061010
63.83764940
63.87555830
63.91027830
63.94653990
63.98404550
64.02174500
64.09828420
64.14089710
64.17262300
64.21150710
64.24781610
64.28410360
64.32104150
64.35929220
64.40051000
64.43742690
64.47425760
64.51052230
64.54742240
64.58191830
64.61809530
64.65780030
64.69975880
64.73676170
64.77331110
64.81066090
64.84657240
64.88184740
64.91786880
64.95595990
65.03179200
65.05816180
65.10767810
65.14700110
65.18299220
65.22352190
65.29918900
65.33548570
65.37272750
65.40759860
65.44409810
65.47969020
65.51631790
65.55442300
65.63109670
65.66593320
65.70397430
65.74130140
65.77737800
65.81487790
65.85385420
65.89124320
65.93256790
65.96821150
66.00790130
66.04558460
66.08240940
66.11948410
66.15632790
66.19307680
66.23211690
66.26729960
66.30306710
66.34037040
66.37762340
66.41736370
66.45792610
66.49807710
66.53538520
66.57214120
66.60833870
66.64348570
66.68229470
66.71819360
66.75384230
66.79150170
66.83071860
66.86781870
66.90970680
66.94621010
66.98191290
67.01742610
67.09099000
67.12622940
67.16538620
67.19993630
67.23490450
67.27350310
67.31273220
67.35147760
67.38789510
67.43312720
67.47195930
67.51076920
67.54817540
67.58418170
67.62376660
67.66009260
67.69849010
67.73368910
67.77001220
67.80983830
67.84589850
67.88305300
67.92066080
67.95898680
67.99868410
68.03598090
68.07245380
68.10962040
68.14676980
68.18312950
68.22086790
68.29838180
68.33628050
68.37281650
68.40968510
68.44475930
68.48004890
68.51470160
68.55223300
68.59055480
68.63130770
68.66681090
68.70415760
68.74312840
68.78098620
68.81725610
68.85598280
68.89237720
68.93123330
68.96695730
69.00159500
69.03776850
69.07414410
69.11061090
69.14822570
69.18479770
69.22021200
69.25626980
69.29349570
69.32951650
69.36673970
69.40693680
69.44329040
69.47976620
69.51559550
69.55107090
69.58812100
69.62547690
69.66639990
69.70394880
69.73850970
69.77266350
69.80964550
69.84534480
69.88023870
69.91634130
69.95487670
70.02883180
70.06561770
70.09310340
70.14013910
70.17597720
70.21285740
70.24718550
70.28234870
70.31776610
70.35681590
70.39621460
70.43249890
70.47288920
70.51121350
70.54657800
70.58262800
70.61886690
70.65778210
70.69909650
70.73436690
70.77798060
70.81060780
70.84714030
70.88436530
70.92389690
70.99972070
71.04353840
71.07710250
71.11194850
71.14640870
71.18127120
71.21910420
71.28525060
71.32086100
71.35930180
71.39917440
71.43515840
71.47187260
71.50861790
71.54709730
71.58357010
71.62137790
71.66041210
71.69982050
71.73563850
71.77180680
71.80949280
71.84877080
71.88566740
71.95961670
72.00074840
72.03624100
72.07192380
72.10613960
72.14262590
72.17886360
72.21473880
72.24980160
72.28815010
72.32480100
72.36670450
72.40286100
72.44001750
72.47560330
72.51368910
72.55065400
72.58782970
72.62701610
72.66621870
72.70332320
72.73880030
72.77671260
72.81607520
72.85250630
72.92575130
72.96725470
73.00292740
73.03894010
73.07131420
73.10700370
73.14324240
73.18246310
73.22233340
73.25801580
73.29815270
73.33451200
73.37020570
73.40509690
73.44203730
73.47970710
73.51581540
73.54970510
73.58816280
73.63360170
73.67092930
73.70784060
73.74423300
73.78022280
73.81554550
73.85057740
73.92141010
74.00066230
74.03838930
74.07463350
74.11138450
74.14653240
74.18259430
74.22201270
74.25744080
74.29851410
74.33466830
74.37292900
74.40927030
74.44282950
74.48157590
74.51707140
74.55686510
74.59380020
74.63236560
74.66873890
74.70456480
74.74193370
74.78052120
74.81531090
74.85101700
74.88556060
74.92350890
74.96710250
75.00296870
75.03954790
75.07598480
75.11225100
75.14799090
75.18264860
75.22112810
75.29839260
75.33619110
75.37517340
75.41039680
75.44767360
75.48284750
75.51983350
75.55806980
75.59961090
75.63404290
75.67291240
75.70997590
75.74524880
75.78346700
75.82107910
75.85668470
75.89283480
75.93170260
75.96760220
76.00248330
76.03992280
76.07572450
76.11088690
76.14749030
76.18444150
76.22250430
76.25964930
76.29929580
76.33799260
76.37528760
76.41156290
76.44922100
76.48439340
76.52273060
76.56009000
76.60069040
76.63647310
76.67134150
76.70818150
76.74605170
76.78277150
76.81960290
76.85678870
76.89298040
76.93113880
76.97095120
77.00607820
77.04092270
77.07727800
77.11329970
77.15155920
77.19238770
77.23220490
77.27017890
77.30653200
77.34332580
77.37875200
77.41478140
77.45257220
77.48789220
77.52622110
77.56736610
77.60297760
77.63822780
77.67327390
77.70900050
77.74582820
77.78429100
77.85288740
77.88955640
77.92684200
77.96274330
78.00550870
78.04147980
78.07536500
78.11047590
78.14646710
78.18177750
78.22041460
78.25614970
78.33221970
78.36857320
78.40282820
78.43795610
78.47466390
78.50949540
78.54445250
78.57927500
78.61563750
78.65273360
78.69223490
78.73260790
78.77012980
78.80891370
78.84409930
78.87964320
78.91565850
78.95464240
78.99077640
79.03419870
79.07196750
79.11054490
79.14657030
79.18635000
79.22296640
79.29982160
79.33393390
79.37167450
79.40750110
79.44476130
79.48041110
79.51535580
79.55089730
79.59402130
79.63290330
79.66854390
79.70691380
79.74301470
79.77761330
79.81440320
79.84925500
79.88616320
79.95882720
79.99907110
80.03450580
80.06995450
80.10735780
80.14410200
80.17948890
80.21538810
80.25653380
80.29353400
80.33309760
80.37130920
80.40790270
80.44338390
80.48196620
80.51834900
80.55442040
80.58972860
80.62601550
80.66685000
80.70595630
80.74109910
80.77766940
80.81415040
80.85046080
80.88792540
80.92375440
80.95877910
80.99350630
81.03278140
81.06889150
81.10461250
81.14079400
81.17589100
81.21146780
81.24544910
81.27804710
81.31273500
81.34733900
81.38302500
81.41786490
81.45705080
81.49117750
81.52839890
81.56868170
81.60740560
81.64237670
81.67658190
81.71147950
81.74693080
81.78019090
81.81542750
81.84956020
81.88660310
81.92332800
81.95802630
81.99618480
82.03205680
82.07165190
82.10681760
82.14510470
82.18087200
82.21549180
82.24986010
82.28447890
82.32195230
82.35999810
82.39554500
82.43799570
82.47304350
82.50745940
82.54201670
82.57042660
82.61493460
82.64982340
82.68554370
82.71971900
82.75541100
82.79111750
82.83036000
82.87135780
82.90614940
82.94157400
82.97587700
83.01045590
83.04429500
83.08309410
83.11490950
83.14964090
83.18346740
83.21750760
83.25409750
83.29224200
83.36212570
83.39828450
83.44025650
83.47706590
83.51245910
83.55439590
83.59109470
83.62720600
83.66165270
83.69942860
83.74108500
83.77907390
83.81486170
83.84984660
83.88348730
83.91764110
83.95263500
83.98816800
84.02720620
84.06514060
84.10549560
84.14334390
84.17693610
84.21184630
84.24707080
84.28147720
84.31858000
84.35273030
84.38851640
84.42504650
84.46494090
84.50190050
84.53629170
84.57490810
84.61103030
84.64569110
84.68488240
84.72172180
84.75701430
84.79217120
84.83091650
84.86573310
84.90161120
84.93604030
84.97064660
85.00792530
85.04409650
85.08011610
85.12113330
85.15782040
85.23112910
85.26628440
85.30129640
85.33757270
85.37676610
85.41148800
85.44823770
85.48418910
85.52156100
85.55841590
85.59881850
85.63569440
85.67165470
85.71033270
85.74486010
85.78259660
85.81852870
85.85419460
85.88962190
85.92578700
85.96633910
86.00235390
86.03706070
86.07218540
86.10576150
86.14319280
86.17707470
86.21252100
86.24785290
86.28310650
86.32026280
86.39026850
86.46236920
86.49810660
86.53233430
86.57367850
86.61364240
86.64416790
86.67785470
86.71168280
86.74680360
86.78256840
86.81842540
86.85424980
86.89084630
86.92661510
86.96365290
86.99877070
87.03336250
87.07748610
87.10912010
87.14291090
87.17687240
87.21263760
87.24653110
87.28106120
87.31554090
87.38429530
87.42594490
87.46618370
87.50040240
87.53402320
87.56941440
87.61084450
87.64318180
87.67786260
87.71270270
87.74768460
87.78191410
87.81674460
87.85334000
87.88901320
87.96583360
88.00792930
88.04125590
88.07721760
88.11193120
88.14639000
88.18085670
88.21512770
88.25067340
88.29239050
88.32785570
88.36679400
88.40105030
88.43569070
88.47079880
88.50834520
88.54531430
88.58160510
88.61663340
88.65344830
88.73267280
88.76767940
88.80321950
88.83774130
88.87303100
88.90711250
88.94628180
88.98197230
89.01947080
89.05600910
89.13364380
89.16945440
89.20368110
89.23665620
89.27205470
89.30535860
89.33980470
89.37624880
89.41133520
89.44644280
89.48101290
89.51709110
89.55730640
89.59253020
89.63261640
89.67042110
89.70573300
89.74086030
89.77599240
89.81309400
89.84730590
89.88321170
89.92108740
89.95651950
90.03414430
90.06790740
90.10284130
90.13589490
90.16979100
90.20571680
90.24209880
90.27973220
90.31441780
90.34930980
90.38592850
90.42410830
90.46015290
90.53480670
90.56761350
90.60089400
90.63580800
90.67184670
90.70660780
90.74094820
90.77692780
90.81342140
90.84874960
90.88381110
90.91901810
90.95320950
90.99196160
91.02804930
91.06836310
91.10481440
91.13973730
91.17502710
91.21164760
91.25089200
91.28751110
91.35843390
91.39924660
91.43415010
91.46984350
91.50467540
91.54079060
91.57648660
91.61300350
91.65058910
91.68954790
91.72488110
91.79827140
91.83283560
91.86723660
91.90217520
91.93768370
91.97446450
92.00947480
92.04756080
92.08717490
92.13543140
92.16920820
92.20222640
92.23903610
92.27437830
92.30725690
92.34218080
92.37833440
92.41471940
92.45131220
92.48509530
92.52088310
92.55984500
92.59898320
92.63370010
92.66801070
92.70181890
92.73558210
92.76901350
92.80445640
92.83974340
92.87392890
92.90759750
92.94257810
92.97981180
93.01402780
93.04832870
93.08278430
93.12034930
93.15577850
93.19228570
93.23157210
93.26969540
93.30763720
93.34266620
93.37675050
93.41088800
93.44581410
93.47959400
93.51508380
93.55153020
93.58791100
93.66572330
93.70173080
93.73559460
93.77035180
93.80552810
93.84096470
93.87629020
93.91118300
93.94565200
93.97943050
94.01512360
94.05075050
94.08842150
94.12475500
94.16607710
94.20110970
94.23688150
94.27304010
94.30865360
94.34371560
94.37886600
94.41633990
94.44994140
94.48766170
94.52568560
94.56564840
94.60083970
94.63566810
94.66952780
94.70390880
94.73747100
94.77230940
94.80694490
94.84085170
94.87701010
94.91120460
94.94992570
94.98654880
95.02287500
95.06027200
95.10228010
95.13743380
95.17149300
95.20602800
95.24096280
95.27663000
95.31204510
95.34832350
95.38607240
95.42167600
95.45770030
95.49574850
95.53630580
95.56960810
95.60377630
95.63902270
95.67257040
95.70687940
95.74171360
95.77666560
95.81291700
95.84947530
95.88869410
95.92723650
95.96221630
96.00006890
96.03574090
96.06988400
96.10297270
96.13702130
96.17104070
96.20462160
96.23884640
96.27376930
96.30847450
96.34302940
96.37662480
96.41258440
96.44668330
96.48182500
96.51741550
96.55302360
96.58619390
96.62125150
96.65808620
96.69657970
96.73902090
96.77350560
96.80723280
96.84165710
96.87583380
96.91059700
96.94768890
96.98468870
97.01933680
97.05514790
97.09313280
97.12889370
97.17229330
97.20687780
97.24169430
97.27602310
97.31032810
97.34445500
97.37879480
97.41371990
97.45063290
97.48670640
97.52359760
97.56236810
97.59718060
97.63515660
97.67171360
97.69791040
97.74161530
97.77587120
97.81035000
97.84464090
97.87736550
97.91298800
97.95031740
97.98656650
98.02276550
98.05814750
98.09504970
98.13026970
98.17270260
98.20725210
98.24107290
98.27482100
98.30744770
98.34166780
98.37695460
98.41385850
98.45034400
98.48788120
98.52383350
98.56237500
98.60215910
98.64209970
98.67377730
98.70828360
98.74160730
98.77497930
98.81059640
98.84780420
98.88769510
98.92556370
98.95989400
98.99877710
99.03271150
99.06684700
99.10153550
99.13880670
99.17419060
99.20759510
99.24547260
99.28249950
99.35855930
99.39395330
99.43182910
99.45879100
99.50443050
99.53965670
99.57691000
99.61118030
99.64769820
99.68369300
99.72257380
99.76104140
99.79957950
99.83471510
99.86941620
99.90496080
99.94175590
99.97711180
100.01303790
100.04782840
100.08137580
100.11700860
100.15588780
100.22580010
100.26664080
100.30304650
100.34087250
100.37639410
100.40978320
100.44484320
100.48002250
100.51405310
100.55134930
100.59093930
100.63271450
100.66803820
100.70513710
100.73870550
100.77523940
100.81010570
100.84542990
100.88146980
100.91536820
100.94981020
100.98654950
101.02274100
101.09237750
101.16558580
101.19961770
101.23401160
101.26894630
101.30603360
101.34613470
101.38484880
101.45833000
101.49858260
101.52675480
101.56368200
101.60887950
101.64350140
101.67823520
101.71181510
101.74705080
101.78102480
101.81416060
101.84916330
101.88583250
101.92188410
101.96066580
101.99559560
102.03172540
102.07383860
102.10923470
102.13607150
102.18171460
102.21492460
102.24897960
102.28329250
102.32042870
102.35786350
102.39373130
102.43144040
102.46622140
102.50626570
102.54241940
102.57754590
102.61233940
102.64659010
102.68197530
102.71909530
102.75579440
102.79243330
102.83204180
102.86953950
102.90472650
102.93941090
102.97495570
103.00884260
103.04353570
103.07724510
103.11286200
103.14794240
103.18381440
103.21860450
103.25451890
103.29312800
103.33262610
103.37794050
103.40911080
103.44514880
103.48102850
103.51588150
103.55068090
103.58659040
103.62188750
103.65260790
103.68755430
103.75891570
103.79811130
103.83595760
103.87063510
103.90660660
103.94446780
103.97911220
104.01465120
104.05183390
104.09264970
104.13487910
104.17154590
104.20715890
104.24594750
104.28343120
104.35670290
104.39270800
104.46421220
104.50672210
104.54209670
104.57868600
104.61533090
104.65152090
104.72376080
104.75976170
104.79820500
104.83930700
104.87690130
104.90932570
104.94689720
104.98277250
105.01940380
105.05665750
105.09298080
105.13355850
105.16924670
105.21098210
105.24442250
105.27922890
105.31475150
105.35013240
105.42289980
105.46352840
105.50506420
105.54211650
105.57740300
105.61308000
105.64782160
105.68295860
105.71952400
105.75721160
105.79404810
105.83075880
105.86799330
105.90340140
105.94039000
105.97521290
106.01179560
106.04734970
106.08333650
106.12588740
106.16573000
106.20226570
106.23747540
106.27360760
106.31037200
106.34738550
106.38241020
106.42167990
106.46103250
106.49842010
106.53774940
106.57419260
106.61007040
106.64805390
106.68319630
106.72121060
106.75928030
106.79860980
106.83369150
106.86937550
106.90464810
106.93979890
106.97645670
107.01281580
107.04763160
107.08205930
107.11578360
107.15554270
107.22229450
107.25918050
107.29880900
107.34510620
107.37740510
107.41196190
107.44781280
107.48358930
107.52214920
107.59377800
107.63245210
107.66769730
107.70231700
107.73894090
107.77786720
107.81534610
107.85020850
107.88685060
107.92600310
107.96574260
108.00004500
108.03661980
108.07417200
108.11179940
108.14759950
108.18323080
108.25816580
108.29547120
108.33250560
108.36053530
108.40793900
108.44662030
108.48435090
108.52241280
108.55825860
108.59909580
108.63379990
108.66872700
108.70376730
108.73959210
108.77618950
108.81168290
108.84744220
108.88320040
108.92329170
108.96114420
109.00190400
109.03867470
109.07333820
109.10976840
109.14727860
109.18413590
109.22352520
109.29882040
109.33463950
109.37077400
109.40732500
109.44152600
109.47766130
109.51723360
109.55541540
109.60137050
109.63582950
109.67252130
109.70861610
109.74558700
109.78292590
109.82133180
109.90060020
109.93592320
109.97119050
110.00690730
110.04251830
110.07813410
110.11586380
110.15102270
110.18976870
110.22683120
110.26627010
110.30173360
110.33769160
110.37474740
110.41012200
110.44621080
110.48299820
110.51856560
110.55899150
110.59890430
110.63916850
110.67191710
110.70998140
110.74898970
110.78337980
110.82119240
110.85937380
110.89420510
110.93595860
110.97128450
111.00767120
111.04363770
111.07669610
111.11195150
111.15232880
111.18913220
111.22385060
111.25942220
111.29893350
111.33466550
111.37216800
111.40921280
111.44316180
111.47725710
111.51241250
111.54719200
111.58312240
111.61950560
111.65877630
111.69895050
111.73446160
111.76914020
111.80889260
111.84329460
111.87994830
111.91549670
111.98759070
112.02512870
112.06181530
112.10003080
112.13509320
112.16997070
112.20382470
112.23952870
112.27459970
112.31052870
112.34586300
112.38078200
112.41718460
112.45280090
112.49154270
112.53214970
112.56791630
112.60391230
112.63855880
112.67684570
112.71386060
112.75119730
112.78785150
112.86618050
112.90242220
112.94039560
112.97676160
113.01513070
113.05217820
113.08897690
113.12854470
113.16586820
113.20082450
113.23577920
113.27204500
113.30653630
113.34358670
113.37999430
113.41749260
113.45393770
113.49339470
113.53141360
113.56792470
113.60288810
113.63863120
113.67552240
113.71165690
113.74765640
113.78548360
113.82166900
113.85711340
113.89315980
113.92938120
113.97219140
114.00784110
114.04263430
114.07852700
114.11519460
114.15492580
114.19341800
114.23044130
114.26885970
114.30518880
114.34203040
114.37658940
114.41275570
114.44963960
114.48688600
114.52333610
114.56190440
114.60166550
114.62869170
114.67657360
114.71410380
114.75238930
114.78879010
114.82721760
114.86323910
114.90365990
114.93082850
114.97768570
115.01251580
115.04867480
115.08744550
115.12647560
115.16360070
115.20438650
115.23987000
115.27597480
115.31068480
115.34579790
115.38088140
115.41580530
115.45223900
115.48732720
115.52513660
115.56466340
115.60262110
115.63070870
115.67699440
115.71441530
115.74259720
115.77185950
115.80388100
115.84013970
115.87591680
115.91096880
115.94767240
115.98300380
116.02300490
116.06164780
116.10234280
116.13076020
116.17815910
116.21572090
116.25442070
116.29023540
116.32760370
116.36454970
116.40654160
116.44222460
116.47975770
116.51615280
116.55361280
116.59107480
116.62802800
116.66559670
116.70632020
116.74215340
116.77903060
116.81524870
116.85215470
116.89103700
116.92946520
116.97252380
117.01001740
117.04586410
117.07704950
117.11173100
117.14748490
117.18372460
117.22365160
117.25968030
117.29923950
117.33926210
117.36810510
117.41484360
117.44979480
117.48499730
117.52705810
117.56391080
117.60425190
117.64001600
117.67502410
117.71160930
117.74638980
117.78311890
117.82213970
117.85721890
117.89638400
117.94010380
117.97592930
118.01052360
118.04751240
118.08249020
118.12041440
118.15701290
118.19452300
118.23719440
118.27399870
118.30891510
118.34375730
118.37851360
118.41404990
118.44979200
118.48712140
118.52388070
118.56090090
118.59637960
118.63531550
118.67643020
118.71583630
118.75357600
118.79141430
118.83082420
118.86817620
118.90676530
118.94276650
118.97889140
119.01563170
119.05201990
119.08888300
119.12607270
119.16448360
119.20740090
119.24297640
119.27738700
119.31332640
119.34830990
119.38341880
119.41916030
119.45421170
119.49128530
119.53189020
119.57006430
119.60669240
119.64541750
119.68439760
119.72227630
119.75990980
119.79815900
119.83252610
119.86922130
119.90729280
119.94300910
119.97871170
120.01553150
120.05266910
120.09302780
120.13184170
120.16749550
120.20400670
120.24103210
120.27801980
120.31684820
120.35280150
120.38996370
120.46593800
120.50162940
120.53818630
120.57787990
120.61484140
120.65418140
120.72594980
120.76554380
120.80043830
120.83976720
120.87951990
120.91602960
120.99006320
121.03304820
121.06924670
121.10674620
121.14531830
121.18273270
121.22055060
121.25955040
121.29892570
121.33592200
121.37525900
121.41136030
121.44868640
121.48689340
121.52763380
121.56757650
121.60490200
121.64243620
121.67740140
121.71542370
121.75215880
121.79044920
121.83215630
121.87149130
121.90988870
121.94672020
121.98271590
122.02223280
122.06091600
122.10170690
122.13676970
122.17375680
122.21119320
122.25335200
122.33381740
122.36673660
122.40795600
122.44029480
122.47579010
122.51090490
122.54674330
122.58364500
122.62187390
122.65937210
122.69912400
122.73570420
122.77278630
122.80977820
122.84792990
122.88337390
122.91836800
122.95794740
123.03967980
123.07667630
123.11292400
123.14799790
123.18247780
123.22082640
123.26672450
123.30542350
123.34104470
123.37918840
123.41667110
123.45452730
123.49958190
123.53423040
123.57880160
123.61163770
123.64765990
123.68759700
123.73174530
123.76855900
123.80524560
123.84302710
123.88134100
123.91845350
123.95642550
123.99301910
124.03253090
124.06868050
124.10595300
124.14463750
124.18170370
124.22418790
124.26188020
124.29991430
124.33612440
124.37242620
124.40948790
124.44642480
124.48301270
124.52189640
124.56095030
124.59980290
124.63680330
124.67505460
124.71362460
124.74902600
124.78931150
124.82572780
124.86565820
124.90069040
124.93566510
124.97163240
125.00764660
125.04689540
125.08471290
125.16734330
125.20426690
125.24182430
125.27764810
125.31631450
125.39094050
125.43185530
125.46716240
125.49590310
125.54545420
125.58077360
125.61600020
125.65535360
125.69174350
125.73180220
125.76880000
125.80491420
125.84222960
125.87951920
125.91629710
125.95870420
125.99862520
126.03465880
126.06951950
126.10794870
126.14399860
126.18123690
126.21685550
126.25405770
126.33276240
126.36928160
126.41249320
126.44527450
126.48206780
126.52076480
126.55668620
126.59071300
126.63229430
126.66772000
126.70321310
126.73905320
126.77715780
126.81479780
126.85092810
126.89040490
126.93162000
126.96772570
127.00310670
127.04088240
127.07829930
127.11499210
127.15087760
127.18611840
127.22525620
127.26640450
127.30327310
127.33841670
127.37352040
127.41004860
127.44953560
127.48731990
127.56142670
127.60109160
127.64022260
127.67537700
127.71118200
127.75130000
127.78962450
127.82685500
127.86784770
127.90366040
127.94201990
127.97884440
128.01634770
128.05352970
128.09232970
128.13174230
128.16615030
128.20093930
128.23692930
128.27312800
128.30891470
128.34652550
128.38193510
128.41856040
128.45576940
128.49261540
128.53488010
128.57087500
128.60750650
128.64427110
128.68377220
128.72133020
128.75774090
128.79396150
128.83283340
128.86949780
128.90713770
128.94244030
128.97751310
129.01363890
129.05258660
129.09350800
129.13135970
129.16789640
129.20269660
129.23968010
129.27698570
129.31959420
129.35710690
129.39397590
129.43755990
129.47417190
129.51052370
129.54836820
129.58721180
129.62508300
129.66237580
129.70091550
129.73647690
129.77320590
129.80899040
129.84741560
129.88577570
129.92269420
129.95993560
130.00368770
130.03817910
130.07412520
130.10946620
130.14705560
130.18666410
130.22530520
130.26183780
130.30027250
130.33730150
130.37439800
130.41145270
130.45027920
130.48827270
130.52713020
130.56626360
130.60326140
130.63770130
130.67430870
130.71088730
130.74716040
130.78408640
130.82123210
130.85956260
130.89553580
130.93889910
130.97532030
131.01139830
131.04876970
131.09028100
131.12995530
131.16844830
131.20328630
131.23842260
131.27431080
131.31370160
131.35048490
131.38717170
131.42647550
131.46568280
131.50526280
131.54069650
131.57483070
131.61031550
131.64528770
131.68339140
131.72091080
131.75892700
131.80144730
131.83954900
131.87558390
131.91158720
131.94856060
131.98490790
132.02429800
132.06284720
132.10156500
132.14406750
132.17686990
132.21031300
132.24730000
132.28317000
132.32175150
132.35910260
132.40002370
132.43461290
132.46925990
132.50522790
132.53973650
132.57681770
132.61226760
132.64779930
132.68413980
132.72234820
132.76088520
132.83374510
132.86944390
132.90665230
132.94170500
132.98023380
133.01584880
133.05606710
133.09024250
133.13187450
133.16894860
133.20546330
133.24061660
133.27785390
133.31303990
133.34933390
133.38921080
133.42522520
133.46592880
133.50267370
133.53869180
133.57857310
133.61347290
133.64837870
133.68390700
133.72238480
133.75854460
133.79929660
133.83665710
133.87207470
133.90644640
133.94138400
133.97666290
134.01441020
134.05140390
134.09106790
134.12711560
134.16613110
134.20385910
134.24051820
134.27633480
134.31621390
134.35561020
134.39249640
134.43302120
134.47043760
134.50672060
134.54361200
134.57880360
134.61541430
134.65247400
134.68821180
134.72477150
134.76689600
134.80238610
134.83984300
134.87550840
134.91455270
134.95257740
134.99048280
135.02647540
135.06668760
135.10042720
135.13737290
135.17335440
135.20813970
135.24497180
135.28197110
135.32056260
135.36047150
135.39962670
135.43731980
135.47334750
135.51052250
135.54766190
135.58371770
135.62193780
135.66007750
135.70012130
135.73810990
135.77500670
135.81380440
135.85022680
135.89376660
135.93298790
135.97097220
136.00779530
136.04565500
136.07424800
136.08656040
136.13385770
136.17160490
136.20917300
136.24448030
136.28037760
136.32126770
136.35992110
136.40028090
136.43801780
136.47354950
136.50866440
136.54658060
136.58221310
136.61793960
136.65509370
136.69157980
136.73071920
136.76841060
136.80414340
136.83963080
136.87651740
136.91447610
136.95345010
137.03148950
137.06937520
137.10241410
137.13820640
137.17463060
137.21124400
137.24907880
137.28497060
137.32474300
137.39937850
137.43639100
137.47335810
137.50934700
137.54933120
137.58529140
137.62501410
137.66545480
137.70510030
137.74244240
137.77774120
137.81350520
137.85015240
137.89019850
137.93153880
137.96700290
138.00187430
138.03663410
138.07455830
138.11114630
138.14819720
138.18517220
138.22292890
138.25946870
138.29237140
138.33187870
138.36771020
138.40342600
138.44409350
138.48099560
138.51880380
138.55515760
138.59187620
138.63184520
138.66980290
138.70580990
138.73351120
138.77061120
138.80449800
138.84209860
138.88043850
138.92049620
138.95853670
138.99819620
139.03468470
139.07133930
139.14145020
139.17582780
139.21207870
139.24895420
139.28790010
139.36220130
139.39879250
139.43546500
139.47193800
139.51145050
139.54989030
139.58695920
139.62458720
139.66529500
139.70133380
139.73805590
139.77617680
139.81215630
139.84979330
139.88994450
139.92561800
139.96565730
140.00054190
140.03784610
140.07490070
140.11237120
140.14937300
140.18690780
140.22498610
140.26596150
140.30214500
140.33745330
140.37409950
140.41134400
140.44745190
140.48524490
140.52237540
140.56076790
140.60092960
140.63542950
140.67185930
140.71067550
140.75217180
140.82675050
140.86264990
140.89970200
140.94081790
140.97709230
141.01286840
141.04815610
141.08674980
141.12273820
141.15977920
141.19881490
141.23631920
141.27233670
141.31095490
141.34698450
141.38257680
141.41987150
141.45852970
141.49876410
141.53670840
141.57388710
141.60867240
141.64569410
141.68715010
141.72583190
141.76629800
141.80162930
141.83733070
141.87139410
141.90866400
141.94625960
141.98097540
142.01560270
142.05107510
142.08887670
142.13264970
142.17599930
142.21027370
142.24744220
142.28425930
142.35287750
142.38810220
142.42704670
142.46646290
142.50333340
142.53824860
142.57644900
142.61262140
142.64746170
142.68487920
142.72274540
142.76116070
142.79846540
142.83467200
142.86949400
142.90758350
142.94526840
142.98012800
143.01810840
143.05701990
143.09966720
143.13561010
143.17167920
143.20724570
143.24585210
143.28152970
143.31836470
143.35677020
143.39909230
143.43557940
143.47355510
143.50951660
143.54694580
143.58575540
143.62823600
143.66668580
143.70319560
143.73946880
143.77888330
143.81689710
143.85723510
143.90078860
143.93947680
143.97688340
144.01280390
144.04968580
144.08589100
144.12152380
144.15811460
144.19897660
144.23391920
144.27011400
144.30573550
144.34319900
144.38200240
144.42238280
144.45842670
144.49978630
144.53708800
144.57330310
144.61260300
144.64939340
144.68553760
144.72447870
144.76356150
144.80129510
144.83762770
144.87409500
144.91187950
144.94711110
144.98210710
145.02049410
145.05981090
145.09951940
145.13543930
145.17204420
145.20683990
145.24396980
145.28285490
145.32002600
145.39344140
145.43414140
145.47198530
145.50683850
145.54294520
145.58060250
145.61665980
145.65737490
145.69948090
145.73712600
145.77330940
145.81082190
145.84832040
145.88321720
145.92059850
145.95773930
145.99910980
146.03587770
146.07166950
146.10773070
146.14151980
146.18014030
146.21835350
146.25686790
146.29875550
146.33534980
146.37312740
146.40805870
146.44419720
146.47967120
146.51527710
146.55153020
146.58993130
146.63328270
146.66992900
146.70563280
146.74276770
146.78092130
146.81623180
146.85600980
146.89353250
146.93229110
146.96841000
147.00628940
147.04169700
147.07947290
147.11645000
147.15178350
147.19114970
147.23176430
147.26966660
147.30877830
147.34573940
147.38176110
147.41831490
147.45669080
147.49960210
147.53633430
147.57312530
147.60885450
147.64628340
147.68397790
147.72014060
147.75897010
147.79923300
147.83758810
147.87446980
147.91145600
147.94606010
147.98285100
148.01929160
148.05851160
148.09931720
148.13522940
148.17043330
148.20599490
148.24278740
148.27963840
148.31969590
148.35696370
148.39302360
