0.06713670
0.12971950
0.17314100
0.21181860
0.25190570
0.28986390
0.33154530
0.36730790
0.40679370
0.44302140
0.48130820
0.52147450
0.56213380
0.59891700
0.63689230
0.67376020
0.71092850
0.74620890
0.78373030
0.82204810
0.86461830
0.90184320
0.93775320
0.97274530
1.00883330
1.04696390
1.08495890
1.12108060
1.16500900
1.20175590
1.23817170
1.27407210
1.30907910
1.34499590
1.38034530
1.41944960
1.45604790
1.49519260
1.53138330
1.56794430
1.60416180
1.64012870
1.67513480
1.71603530
1.75393760
1.80029840
1.83607300
1.87283080
1.90806750
1.94768260
1.98746160
2.02404280
2.06296250
2.09943370
2.13585990
2.17206610
2.20771000
2.24513970
2.28204520
2.32128250
2.36384020
2.39824580
2.43513250
2.47067030
2.50605280
2.54182370
2.58012640
2.61798020
2.65606330
2.69290340
2.73336090
2.76915110
2.80404800
2.83808760
2.87613470
2.91453920
2.95306190
2.98932350
3.03179940
3.06719390
3.10291410
3.13955060
3.17413060
3.21282420
3.25011970
3.29128710
3.33530490
3.37012280
3.40567090
3.43948800
3.47314480
3.51133280
3.54805250
3.58332720
3.62157870
3.65759940
3.69798720
3.73323720
3.77011290
3.80890800
3.84506820
3.88445650
3.92399620
3.96687790
4.00152290
4.03736220
4.07208110
4.10808770
4.14588590
4.18214680
4.21966070
4.25524200
4.29492110
4.32993940
4.36499550
4.40084450
4.43660550
4.47067570
4.50828130
4.54490290
4.58045380
4.61609840
4.65477790
4.69507680
4.73177960
4.76807250
4.80333740
4.83883360
4.87480640
4.91072260
4.94907920
4.98710290
5.02281800
5.05581680
5.09692020
5.13471920
5.17209750
5.20778470
5.24814150
5.28401050
5.32051240
5.36421010
5.39979510
5.43540370
5.47023590
5.50574060
5.54208000
5.57790730
5.61491040
5.65140960
5.68822540
5.72755690
5.77087490
5.79984110
5.83608170
5.87375600
5.90975790
5.94580000
5.98584000
6.02221060
6.06178010
6.09684240
6.13329460
6.16968980
6.20477680
6.23983510
6.27497160
6.31072700
6.35024720
6.38871860
6.42946270
6.46575260
6.50100860
6.53590100
6.57180470
6.60926850
6.64380080
6.67878220
6.71374320
6.75023950
6.78853210
6.82889770
6.86805430
6.90286570
6.93884720
6.97683820
7.01264320
7.05252310
7.08779750
7.11913960
7.15423840
7.18725270
7.22407340
7.26625190
7.30340640
7.33816410
7.37409900
7.41027820
7.44584700
7.48097610
7.51969610
7.55542480
7.59499840
7.63367320
7.66973910
7.70467470
7.74182720
7.77876150
7.81576100
7.85461970
7.89627330
7.93305730
7.96900240
8.00416350
8.04099600
8.07678610
8.11304360
8.15097500
8.19157810
8.23708670
8.27325810
8.30907580
8.34711770
8.38584810
8.42537030
8.46211310
8.50021230
8.53748200
8.57412200
8.60841580
8.64513680
8.68007480
8.71609800
8.75220360
8.78978180
8.82808000
8.86298680
8.89786970
8.93612450
8.97184180
9.00799750
9.04508660
9.08185920
9.12089080
9.15937720
9.19714060
9.23763100
9.27208340
9.30628870
9.34307680
9.37779390
9.41418580
9.45347860
9.49414320
9.53097190
9.57057160
9.60558260
9.64135040
9.67707380
9.71305540
9.74876900
9.78604420
9.82238020
9.86273470
9.89832980
9.93416580
9.97097470
10.00699890
10.04183770
10.07804670
10.11384030
10.14989070
10.18648240
10.22163960
10.26271990
10.30004320
10.33602350
10.37206690
10.40906000
10.44609610
10.48531620
10.52141320
10.55598620
10.59501970
10.63282590
10.66894920
10.70516110
10.73990990
10.77721200
10.81378160
10.85319040
10.89620050
10.93106750
10.96701320
11.00500900
11.04085020
11.07677630
11.11478390
11.15229490
11.18864280
11.22780240
11.26983330
11.30452910
11.34013960
11.37582280
11.41276740
11.44981960
11.48741420
11.52868920
11.56515880
11.60011460
11.63841730
11.67497940
11.71185050
11.74807780
11.78624540
11.82253600
11.86283390
11.89885790
11.93870140
11.97399220
12.01073070
12.04889030
12.08630050
12.12795670
12.16312440
12.19998730
12.23577740
12.27144620
12.30751550
12.34503600
12.38078300
12.41679120
12.45294670
12.49502770
12.53030610
12.56499040
12.60197300
12.63908820
12.67524160
12.71282920
12.75008070
12.78728400
12.82793970
12.86399330
12.89909880
12.93613690
12.97190780
13.00598770
13.04163970
13.07980880
13.11994320
13.15658440
13.19505650
13.22974430
13.27344960
13.30756550
13.34419390
13.38123500
13.41674530
13.45310010
13.49515390
13.53307620
13.56909440
13.60605480
13.64194600
13.68003220
13.71579000
13.75108830
13.78983830
13.82831860
13.86415090
13.90001180
13.93404940
13.97190060
14.00740450
14.04447730
14.08175780
14.11790360
14.15417720
14.19526020
14.23377950
14.26989110
14.30620420
14.34591470
14.38229130
14.42046050
14.46197380
14.49681480
14.53209480
14.56980100
14.60852290
14.64482700
14.68077490
14.71672630
14.75416970
14.79565950
14.83230590
14.86802510
14.90418250
14.94143210
14.98101860
15.01722920
15.05406110
15.09488380
15.13014110
15.16602030
15.20404550
15.23977440
15.27610430
15.31811000
15.35631970
15.39556580
15.43203000
15.46697980
15.50393000
15.54021050
15.57500600
15.61092540
15.64924400
15.68677680
15.72771860
15.76392250
15.80111090
15.83706410
15.87626790
15.91306670
15.94982810
15.98702490
16.02990520
16.06523030
16.10001990
16.13605090
16.17213230
16.20894400
16.24649280
16.28405910
16.32037300
16.35592350
16.39500960
16.43015670
16.46606310
16.50166860
16.53813260
16.57310490
16.60894960
16.64789640
16.68638650
16.72878480
16.76495440
16.80073540
16.83575940
16.87203310
16.90801930
16.94411220
16.97901450
17.01482660
17.05212040
17.09599730
17.13195170
17.16786250
17.20271080
17.23875100
17.27518920
17.31031360
17.34624560
17.38523170
17.42813920
17.47283230
17.51030540
17.54324090
17.57933440
17.61498580
17.65224170
17.68801980
17.72770550
17.77176690
17.80120620
17.83602160
17.87211780
17.96374490
18.00169940
18.03302720
18.06993790
18.10683150
18.14402600
18.18004240
18.21936450
18.25610220
18.29351050
18.33134440
18.37007660
18.40615820
18.44552660
18.48432660
18.52115170
18.56266310
18.60134100
18.63710160
18.67291010
18.70848810
18.74805250
18.78591080
18.83097490
18.86610580
18.90114450
18.93708020
18.97271860
19.01135000
19.04688730
19.08600550
19.12195590
19.16460050
19.20079420
19.23568390
19.27119640
19.30706880
19.34501030
19.38333860
19.42207190
19.46201220
19.49809100
19.53387220
19.56909210
19.60486540
19.64008700
19.67581490
19.71198030
19.74612460
19.78383240
19.82194370
19.86268380
19.89859840
19.93403750
19.96971190
20.00481620
20.04211970
20.07710210
20.11408280
20.15119870
20.18697820
20.22833980
20.26470860
20.30205840
20.33920510
20.37922810
20.41627120
20.45439160
20.49536010
20.52977990
20.56667680
20.60272590
20.63919840
20.67475620
20.71098420
20.74194250
20.77893250
20.81436450
20.85314240
20.89633270
20.93235550
20.96778430
21.00368030
21.04004080
21.07598380
21.11196440
21.15000270
21.18707470
21.22848260
21.26418420
21.30055360
21.33512860
21.37008380
21.40607920
21.44371040
21.47905400
21.51663380
21.55405350
21.59480840
21.63067430
21.66699520
21.70295800
21.73772440
21.77375040
21.81075150
21.84911770
21.88753230
21.92812870
21.96494530
21.99891590
22.03604320
22.07222520
22.11022020
22.14659900
22.18317720
22.21895630
22.25401070
22.29320560
22.33026990
22.36418030
22.39995030
22.43518690
22.47277280
22.51259110
22.55002920
22.58600850
22.62297840
22.65893920
22.70133890
22.73728580
22.77226690
22.80604510
22.84113840
22.87707670
22.91707070
22.95432530
22.99009480
23.03283850
23.06846790
23.10223650
23.13873570
23.17408950
23.21006830
23.24797030
23.28515580
23.32309710
23.36286350
23.40799280
23.43786610
23.47483910
23.51088180
23.54647200
23.58196080
23.62106370
23.66215370
23.69761730
23.73284280
23.76901450
23.80777500
23.84269830
23.87774490
23.91384340
23.95166330
23.98828470
24.02871430
24.06722590
24.10197490
24.13814570
24.17378960
24.20873800
24.24599150
24.28428960
24.32233770
24.36337400
24.39983430
24.43502300
24.46992400
24.50475680
24.53984420
24.57505590
24.61028320
24.64489220
24.68183690
24.71871570
24.75545080
24.79514450
24.83407890
24.86903600
24.90595550
24.94181230
24.97672410
25.01222220
25.05019120
25.08661540
25.12813180
25.16412710
25.20205490
25.23890130
25.27377130
25.30974940
25.34779440
25.38539320
25.42285310
25.46320940
25.50225570
25.53791710
25.57510260
25.61007360
25.64484960
25.68073520
25.71874260
25.75515920
25.79570330
25.83483570
25.86905990
25.90382360
25.94084010
25.97790290
26.01644790
26.05408120
26.09105880
26.13068580
26.17474320
26.20526750
26.23979250
26.27751660
26.31323850
26.35197130
26.38911010
26.42782950
26.46958900
26.50520320
26.54008390
26.57615350
26.61106860
26.64929850
26.68671830
26.72619070
26.76724080
26.80454690
26.83906310
26.87376130
26.91213320
26.94913940
26.98386700
27.01992340
27.06291490
27.09813190
27.13603770
27.17180670
27.20810790
27.24615310
27.28625350
27.32384610
27.35881310
27.40220000
27.43754820
27.47442030
27.50913450
27.54404780
27.57909780
27.61602550
27.65364080
27.68935210
27.72806230
27.76852760
27.80608190
27.84207990
27.87816120
27.91416360
27.95059470
27.98598770
28.02306440
28.06218950
28.10114790
28.13706660
28.17109810
28.20723530
28.27098690
28.30976790
28.34404730
28.37989690
28.41744110
28.45523510
28.49548980
28.53665550
28.57240550
28.60713930
28.64310140
28.67902430
28.71610800
28.75415920
28.79072280
28.82919400
28.86827330
28.90484610
28.94116310
28.97679610
29.01252180
29.04918230
29.08408410
29.12224570
29.16745810
29.20323520
29.23983450
29.27414410
29.31014960
29.34615020
29.38180530
29.41773500
29.45727060
29.49452150
29.53195460
29.57137330
29.60814820
29.64508250
29.68112920
29.71687940
29.75476410
29.79491210
29.83224110
29.86804620
29.90380710
29.93920640
29.97715300
30.01516210
30.05417090
30.08924400
30.12796670
30.16430030
30.20189020
30.23886140
30.27487550
30.31120750
30.35242330
30.38859700
30.42840430
30.46326860
30.49865350
30.53383200
30.57000730
30.60543320
30.64123830
30.67787880
30.71573670
30.75351680
30.79581040
30.83201060
30.86906300
30.90385160
30.94119920
30.97812510
31.01520780
31.05103160
31.08519520
31.12149100
31.15745130
31.19466560
31.23296710
31.26796620
31.30281080
31.33781050
31.37399470
31.40900560
31.44486990
31.48079180
31.51714990
31.55313020
31.58914900
31.62804170
31.66721820
31.70330740
31.74100310
31.77597660
31.81395080
31.85266210
31.88926680
31.92842740
31.96608210
32.00065560
32.03599600
32.07381090
32.11191490
32.14781050
32.18279580
32.22021580
32.26375160
32.29907200
32.33402840
32.36807300
32.40304210
32.43909100
32.47402010
32.51064910
32.54701560
32.58176480
32.61813610
32.65503110
32.69519750
32.73026430
32.76606050
32.80115130
32.83702760
32.87234430
32.90809710
32.94526660
32.98284660
33.02009360
33.05309330
33.08919100
33.12935140
33.16424040
33.19879550
33.23281380
33.26984550
33.30514460
33.34124730
33.37719960
33.41483230
33.45214720
33.48822200
33.52898450
33.56568310
33.60297640
33.64128860
33.67594720
33.71310240
33.75086360
33.78923510
33.82993240
33.86512270
33.89909650
33.93505370
33.97103940
34.00916140
34.04505600
34.08307490
34.11985190
34.15216410
34.18893390
34.22997950
34.26643670
34.30206030
34.33705630
34.37550830
34.41106470
34.45095340
34.48992820
34.52932030
34.56528540
34.60074360
34.63594040
34.67077730
34.70578460
34.74299600
34.77768520
34.81304110
34.85095710
34.88824540
34.92795070
34.96306460
35.00680950
35.03986380
35.07200650
35.10613170
35.14132730
35.17621210
35.21292330
35.24975250
35.28702170
35.32931670
35.36629000
35.40102970
35.43607600
35.47067220
35.50833050
35.54513880
35.58029860
35.61694950
35.65416230
35.69604800
35.73141450
35.76812490
35.80402150
35.83915290
35.87837530
35.91969270
35.95607250
35.99546420
36.03034320
36.06679480
36.10299180
36.14013110
36.17696390
36.21409060
36.25093970
36.28837060
36.32367640
36.36258060
36.39824080
36.43312930
36.46665420
36.50213100
36.53817880
36.57793850
36.61307740
36.65088560
36.68744080
36.72305410
36.76370270
36.79938590
36.83304460
36.86809890
36.90307110
36.93912860
36.97493090
37.01134500
37.04793100
37.08599570
37.12801750
37.16412680
37.19927140
37.23570890
37.27219710
37.30706180
37.34315800
37.38026160
37.42042910
37.46352660
37.49854210
37.53474720
37.57094110
37.60610290
37.64151890
37.67796610
37.71196620
37.74888130
37.78510590
37.82106880
37.85598010
37.89567470
37.93019770
37.96679760
38.00264400
38.03890690
38.07441620
38.10986950
38.14601410
38.18201070
38.21685600
38.25203190
38.28955410
38.33035690
38.36556960
38.40327090
38.44075600
38.48265200
38.52203740
38.56269240
38.59931160
38.63498280
38.67100240
38.70506130
38.73916170
38.77514750
38.81322370
38.85330170
38.89069130
38.93051360
38.96581940
39.00268040
39.03846970
39.07459340
39.11042310
39.14480750
39.18313700
39.21920440
39.25633580
39.29592060
39.33126980
39.36714940
39.40371260
39.44093240
39.47572870
39.51095310
39.54808060
39.58311540
39.62013290
39.65590880
39.69543840
39.73206080
39.76720110
39.80221520
39.83706660
39.87311170
39.90814950
39.94410300
39.97994520
40.01745730
40.05398170
40.09472220
40.13044550
40.16692080
40.20283100
40.23772960
40.27375330
40.30871980
40.34793520
40.38506510
40.42783430
40.46481640
40.49901330
40.53391700
40.57197310
40.60819110
40.64380850
40.67879070
40.71603470
40.75419250
40.79478080
40.83120990
40.86707670
40.90340280
40.93919500
40.97276400
41.00786160
41.04510650
41.08054760
41.11611340
41.15405150
41.18888190
41.22838050
41.26676690
41.30084810
41.33875850
41.37333350
41.40977560
41.44582940
41.48503690
41.52212550
41.55414260
41.59475800
41.63110510
41.66834890
41.70424010
41.73973320
41.77576000
41.81174530
41.85019050
41.88815820
41.92897620
41.96676640
42.00290430
42.03785100
42.07412170
42.10912220
42.14379550
42.17882640
42.21720290
42.25423790
42.29523760
42.33187780
42.36803140
42.40491130
42.44076650
42.47588790
42.51214410
42.54782720
42.58539290
42.62036130
42.66207320
42.69801330
42.73292370
42.76904660
42.80874060
42.84579720
42.88506420
42.92172220
42.96257090
43.00122150
43.03882740
43.07415010
43.10807620
43.14404460
43.17884590
43.21412900
43.25239110
43.28833250
43.32243210
43.36271280
43.39823770
43.43407510
43.46937920
43.50599980
43.54280990
43.57986880
43.61865410
43.65430390
43.69547730
43.73173310
43.76792080
43.80348200
43.83994780
43.87714930
43.91386370
43.95483330
43.99551110
44.03220130
44.07030020
44.10715400
44.14409830
44.18008450
44.21805280
44.25752960
44.30272600
44.33877950
44.37512750
44.41198520
44.45322900
44.49950110
44.53646450
44.57490030
44.61208970
44.64909070
44.68978410
44.73503430
44.77173710
44.80925490
44.84607160
44.88715410
44.92628560
44.96285020
45.00093640
45.04568600
45.07296270
45.10984070
45.14510130
45.18104270
45.21508820
45.25217940
45.28833100
45.32929920
45.36753110
45.40285180
45.43962010
45.47693280
45.51647150
45.55430450
45.59023350
45.62483540
45.66211380
45.70183990
45.73725310
45.77221810
45.80809650
45.84307990
45.88019290
45.91863090
45.95909840
46.00083010
46.03758070
46.07315710
46.10882230
46.14596470
46.18206570
46.21920750
46.25631600
46.29353230
46.33482150
46.37112740
46.40673470
46.44230350
46.47988820
46.52004930
46.55703200
46.59524280
46.63786290
46.67323680
46.70827230
46.74413710
46.77808300
46.81411220
46.85210720
46.88952700
46.92527920
46.96215270
47.00177720
47.04575570
47.07401340
47.10838620
47.14442180
47.17911370
47.21514040
47.25073540
47.28831180
47.32819530
47.36312500
47.39827360
47.43298110
47.47009550
47.50811850
47.54381680
47.58107650
47.61899850
47.65561400
47.69504050
47.73017030
47.76599200
47.80301130
47.83897310
47.87416200
47.91184800
47.94921260
47.98610740
48.02135530
48.05634000
48.09512940
48.13102660
48.16699950
48.20632580
48.24199040
48.27707520
48.31211690
48.35438010
48.38845860
48.42844830
48.46596310
48.50294650
48.54126410
48.57715700
48.61405510
48.65093440
48.68919160
48.72788720
48.76399380
48.80008350
48.83610750
48.87326960
48.91134850
48.94694720
48.98461690
49.02049380
49.06212640
49.09810450
49.13400760
49.17210270
49.20918190
49.24591750
49.28441940
49.32016140
49.35654530
49.39513840
49.43012200
49.46598200
49.50283870
49.54242690
49.57955020
49.61697660
49.65412310
49.68817190
49.72792220
49.76422290
49.79916590
49.83399840
49.87017320
49.90595220
49.94312060
49.98077330
50.01848180
50.05426190
50.09478210
50.13014370
50.16507570
50.20137870
50.23771360
50.27390840
50.31232970
50.35460490
50.39518910
50.43025600
50.46600370
50.50164520
50.53706110
50.57610610
50.61039310
50.64503840
50.68294790
50.71776260
50.75414280
50.79375710
50.83523180
50.86996580
50.90601140
50.94396920
50.98114130
51.01611730
51.05173710
51.08309620
51.12005160
51.15627950
51.19241050
51.22794550
51.26774760
51.31107240
51.34085080
51.37713360
51.41139280
51.45013650
51.48671760
51.52514830
51.56932860
51.60734490
51.64405300
51.68000900
51.71671210
51.75631870
51.79567130
51.83170000
51.86879470
51.90367160
51.93872010
51.97498350
52.00974880
52.04510090
52.07930400
52.11576560
52.15207090
52.19099600
52.23432250
52.26871670
52.30193900
52.33690100
52.37379080
52.40903080
52.44546920
52.48309280
52.52051980
52.55601530
52.59562570
52.63215620
52.67595050
52.70679240
52.74202410
52.77906330
52.81832920
52.85574030
52.89585760
52.93096830
52.96781530
53.01189120
53.04419250
53.08203340
53.11830390
53.15495120
53.19562490
53.23102820
53.26706970
53.30305280
53.33702050
53.37309720
53.40893060
53.44542700
53.48482060
53.52129860
53.56227760
53.59723340
53.63409900
53.66958840
53.70404500
53.73977780
53.77715420
53.81413380
53.85152590
53.88843690
53.92879550
53.96874830
54.01395040
54.04316390
54.07958780
54.11584130
54.15333480
54.18891240
54.22848620
54.26367780
54.29970880
54.33500000
54.37213060
54.40819100
54.44400090
54.48000560
54.51609690
54.55638110
54.59664520
54.63124730
54.66707050
54.70347860
54.73770240
54.77278570
54.81130980
54.84806970
54.88379780
54.92042700
54.95715660
54.99673160
55.03297240
55.06974990
55.10487320
55.14177220
55.17701900
55.21596320
55.25401120
55.29511830
55.33168510
55.36981150
55.40487500
55.44160310
55.47841800
55.51461260
55.55322350
55.59057040
55.62854550
55.67212880
55.70409850
55.73980880
55.77841800
55.81423330
55.85095890
55.88961080
55.93065990
55.96740790
56.00406240
56.03918530
56.07409000
56.11022570
56.14706570
56.18834680
56.22938330
56.26515340
56.30195450
56.33802160
56.37616450
56.41418160
56.45188380
56.48814270
56.52485720
56.56621120
56.60243540
56.63705630
56.67316040
56.70916920
56.74807480
56.78584620
56.82836430
56.86895480
56.90400340
56.93969380
56.97577510
57.00972890
57.04720360
57.08309740
57.12134770
57.16199960
57.19714560
57.23291100
57.26813810
57.30376480
57.34041310
57.37822250
57.41508770
57.45459580
57.49680740
57.53188090
57.56716160
57.60376770
57.63872220
57.67380770
57.70884020
57.74507710
57.78295180
57.82002030
57.86198420
57.89878660
57.93580160
57.97112610
58.00984210
58.04827240
58.08523510
58.12921390
58.16869280
58.20474170
58.24074940
58.27950600
58.31628330
58.35411920
58.39675740
58.43457840
58.47104560
58.50578700
58.54307560
58.57927870
58.61656640
58.65392050
58.69570410
58.73287510
58.76997560
58.80499610
58.84220030
58.87921820
58.91501670
58.95265170
58.98880220
59.02974340
59.06745640
59.10567980
59.14239190
59.17826200
59.21722520
59.25388790
59.29464640
59.33269920
59.36749130
59.40566430
59.44132780
59.47632940
59.51239090
59.55476520
59.59640600
59.63273010
59.66754600
59.70243760
59.74241990
59.77936350
59.81692980
59.85266770
59.88727020
59.92058900
59.95796880
59.99944840
60.03578980
60.06973730
60.10480230
60.14382480
60.18782140
60.22560230
60.26547750
60.30253130
60.34216020
60.37659980
60.41260020
60.44774260
60.48357510
60.52166740
60.56185200
60.59852050
60.63439200
60.66927050
60.70565530
60.74129960
60.77862010
60.81650950
60.85245790
60.88846160
60.92863090
60.96966030
61.00442020
61.04075290
61.07822500
61.11834350
61.15700450
61.19355260
61.23297910
61.27452670
61.30406190
61.33983020
61.37559830
61.41056440
61.44658200
61.48351120
61.52102560
61.55962080
61.60052270
61.63579690
61.67198220
61.70669770
61.74220220
61.77767600
61.81361770
61.85167810
61.89067770
61.92678400
61.96846980
62.00366410
62.03936470
62.07602750
62.11058600
62.14668070
62.18359900
62.22054460
62.25940920
62.30240640
62.34116470
62.37673010
62.41362090
62.45164010
62.49073080
62.52921700
62.56906300
62.60538460
62.64130830
62.67840770
62.71572170
62.75454380
62.79643660
62.83926760
62.87121330
62.90858690
62.94543650
62.98125480
63.01903910
63.05488740
63.09580710
63.13349420
63.16933820
63.20464870
63.24153490
63.27943700
63.31909980
63.35661680
63.39898550
63.43464540
63.46936660
63.50458080
63.53913030
63.57343280
63.61025670
63.64532060
63.68137160
63.71767210
63.75639610
63.79710280
63.83350310
63.87163980
63.90651450
63.94236730
63.97999860
64.01650790
64.05407360
64.09479420
64.13847930
64.16761820
64.20802150
64.24423880
64.28065330
64.31645880
64.35536890
64.39704480
64.43358910
64.47036910
64.50660280
64.54356950
64.57841670
64.61430520
64.65380410
64.69581530
64.73317210
64.76944770
64.80657360
64.84252640
64.87827550
64.91340180
64.95169060
64.98885060
65.02795160
65.07026570
65.10335080
65.14335120
65.17937740
65.21646340
65.25661500
65.29599100
65.33194840
65.36858860
65.40333030
65.44025510
65.47571300
65.51253210
65.54955330
65.58901930
65.62790160
65.66260590
65.69986320
65.73750120
65.77345900
65.81140290
65.84922670
65.88600270
65.92919410
65.96473680
66.00243570
66.04148370
66.07880650
66.11535550
66.15156320
66.18885810
66.22883030
66.26377770
66.29956340
66.33649950
66.37367720
66.41343460
66.45263370
66.49461230
66.53157440
66.56766820
66.60412140
66.64008540
66.67875990
66.71463040
66.74973650
66.78773020
66.82611620
66.86400310
66.90626810
66.94262420
66.97827330
67.01355180
67.05138920
67.08695720
67.12217610
67.16220930
67.19660150
67.23121270
67.26934310
67.30876000
67.34763690
67.38362440
67.42932940
67.46813510
67.50675370
67.54407830
67.58037890
67.61915760
67.65583470
67.69487160
67.73026180
67.76643380
67.80489190
67.84183420
67.87941170
67.91642720
67.95357420
67.99526470
68.03242790
68.06856600
68.10566170
68.14276770
68.17963760
68.21658690
68.25363910
68.29517460
68.33259810
68.36856300
68.40605240
68.44095110
68.47657090
68.51131160
68.54845830
68.58572600
68.62819390
68.66366860
68.70062980
68.73851800
68.77712820
68.81354650
68.85180040
68.88765260
68.92802510
68.96299500
68.99839220
69.03449270
69.07063620
69.10659080
69.14458610
69.18143280
69.21638170
69.25241490
69.28917430
69.32556910
69.36284510
69.40323200
69.43929440
69.47616830
69.51196100
69.54768610
69.58462130
69.62092970
69.66288260
69.70049220
69.73525880
69.76924370
69.80540860
69.84141740
69.87658800
69.91189880
69.95041920
69.98678950
70.02456770
70.06204650
70.10536630
70.13654770
70.17168130
70.20919200
70.24352150
70.27901910
70.31336630
70.35220730
70.39089550
70.42911450
70.46934480
70.50628030
70.54291050
70.57925990
70.61470330
70.65365810
70.69578150
70.73107310
70.77445070
70.80624830
70.84366450
70.88035960
70.91984250
70.95550300
70.99626580
71.04033800
71.07239330
71.10776610
71.14260680
71.17776650
71.21494790
71.25027470
71.28177810
71.31675520
71.35488770
71.39585920
71.43179020
71.46857260
71.50434630
71.54293140
71.57972440
71.61732790
71.65558830
71.69610810
71.73222430
71.76822490
71.80554390
71.84473650
71.88179430
71.91861410
71.95480210
71.99746450
72.03284650
72.06869450
72.10249880
72.13869160
72.17477010
72.21097830
72.24650230
72.28440490
72.32079650
72.36291220
72.39894050
72.43587590
72.47161020
72.50928960
72.54660200
72.58370310
72.62237100
72.66285350
72.69963030
72.73552090
72.77244610
72.81226290
72.84857870
72.88550560
72.92173560
72.96404690
72.99972980
73.03567460
73.06784570
73.10331250
73.13963690
73.17888940
73.21834930
73.25398290
73.29476230
73.33104060
73.36690140
73.40142860
73.43865990
73.47572280
73.51168960
73.54639530
73.58392480
73.63038510
73.66729170
73.70424060
73.74023900
73.77551560
73.81191090
73.84638700
73.88173810
73.91751410
73.95351130
73.99709990
74.03527580
74.07126360
74.10750190
74.14231700
74.17893050
74.21809760
74.25370080
74.29448510
74.33075530
74.36935800
74.40550480
74.43931990
74.47751090
74.51347260
74.55206250
74.58881840
74.62890260
74.66499890
74.70128410
74.73830060
74.77578930
74.81171000
74.84758910
74.88163660
74.91958320
74.96355950
74.99961140
75.03626440
75.07227080
75.10828220
75.14331450
75.17862670
75.21698980
75.25252940
75.29476180
75.33256700
75.37131450
75.40664820
75.44361640
75.47946210
75.51545030
75.55394580
75.59625160
75.63054280
75.66939410
75.70628790
75.74138320
75.77999750
75.81687720
75.85279500
75.88855660
75.92796460
75.96389770
75.99874230
76.03629450
76.07227860
76.10730920
76.14332050
76.17965190
76.21855880
76.25564830
76.29512100
76.33410020
76.37142930
76.40782790
76.44467160
76.48041170
76.51867890
76.55515010
76.59689540
76.63292430
76.66772770
76.70464720
76.74165700
76.77871280
76.81574210
76.85248590
76.88883420
76.92662500
76.96728260
77.00248860
77.03734610
77.07339890
77.10951900
77.14778780
77.18804490
77.22799650
77.26647890
77.30246590
77.33932640
77.37501060
77.41046950
77.44848790
77.48375400
77.52165700
77.56334880
77.59936360
77.63464860
77.66943160
77.70532880
77.74227730
77.77968790
77.81706960
77.84879930
77.88548770
77.92249860
77.95870310
78.00176410
78.03785400
78.07177320
78.10680920
78.14278920
78.17786340
78.21525270
78.25235950
78.28843930
78.32823650
78.36515430
78.39923160
78.43446400
78.47098540
78.50577520
78.54076920
78.57580620
78.61180240
78.64795270
78.68817920
78.72888350
78.76640430
78.80509290
78.84069030
78.87616230
78.91191780
78.95023160
78.98675340
79.02839690
79.06798300
79.10689160
79.14278400
79.18085400
79.21902040
79.25593500
79.29641410
79.33069510
79.36817800
79.40414930
79.44119960
79.47704960
79.51175620
79.54702210
79.58961610
79.62952410
79.66515200
79.70313080
79.73927560
79.77409090
79.81089120
79.84585430
79.88082610
79.91899550
79.95471760
79.99519650
80.03080720
80.06607510
80.10340750
80.14054530
80.17587370
80.21182630
80.25250870
80.28901340
80.32969550
80.36724780
80.40396550
80.43988420
80.47789500
80.51401720
80.54992340
80.58534190
80.62190880
80.66259580
80.70209900
80.73711290
80.77406610
80.81086230
80.84679790
80.88280420
80.91968420
80.95468180
80.98936790
81.02797090
81.06487630
81.10076280
81.13727460
81.17221770
81.20818060
81.24214410
81.27480650
81.30937270
81.34409980
81.37917320
81.41402730
81.45311060
81.48724340
81.52431110
81.56403940
81.60389520
81.63893000
81.67331570
81.70822660
81.74334610
81.77684310
81.81221880
81.84619410
81.88200800
81.91856750
81.95432250
81.99214580
82.02812030
82.06719200
82.10305460
82.14135380
82.17724880
82.21216220
82.24614130
82.28083710
82.31731660
82.35599540
82.39164590
82.43386900
82.46911460
82.50394740
82.53818540
82.58182390
82.61164290
82.64615460
82.68219690
82.71620000
82.75088030
82.78623960
82.82618480
82.86723700
82.90226590
82.93803760
82.97235820
83.00701650
83.04077610
83.08090370
83.11154950
83.14624630
83.18021160
83.21419120
83.25015900
83.28826890
83.32317030
83.35786730
83.39436460
83.43636470
83.47342900
83.50893390
83.54465670
83.58687280
83.62313910
83.65747720
83.69544970
83.73724180
83.77545050
83.81119220
83.84650650
83.88022550
83.91424440
83.94922020
83.98415130
84.02332210
84.06188950
84.10272710
84.14128570
84.17330300
84.20838880
84.24341300
84.27808650
84.31352560
84.34933420
84.38518140
84.42116860
84.46063780
84.49808950
84.53271020
84.57099990
84.60715130
84.64211480
84.68114560
84.71708770
84.75227830
84.78750320
84.82763890
84.86246060
84.89792880
84.93205300
84.96708650
85.00400190
85.04002690
85.07619100
85.11605340
85.15246480
85.18931430
85.22790200
85.26293540
85.29801300
85.33323300
85.37336470
85.40767540
85.44491430
85.48081830
85.51687500
85.55323590
85.59557380
85.63208710
85.66806290
85.70644520
85.74103480
85.77906080
85.81493890
85.85000140
85.88532370
85.92130390
85.96282560
85.99856990
86.03373760
86.06893190
86.10207620
86.13923690
86.17334550
86.20905090
86.24396250
86.27985430
86.31523860
86.35402840
86.38585420
86.42204560
86.45853690
86.49487290
86.52910810
86.57088600
86.61159010
86.64040710
86.67406900
86.70811190
86.74345720
86.77899340
86.81516870
86.85097030
86.88710340
86.92269890
86.95957300
86.99487050
87.03017060
87.07509500
87.10396410
87.13926620
87.17331890
87.20932260
87.24297920
87.27734070
87.31188510
87.34624490
87.38096480
87.41960600
87.46279960
87.49709710
87.53033270
87.56578650
87.60813140
87.63913780
87.67395410
87.70912570
87.74413360
87.77840590
87.81295130
87.84932810
87.88427120
87.92156470
87.96207350
88.00510060
88.03711270
88.07293280
88.10767010
88.14254970
88.17720610
88.21142680
88.24692350
88.28749120
88.32226900
88.36340450
88.39756050
88.43224220
88.46718900
88.50426730
88.54073490
88.57768940
88.61324300
88.64907070
88.68721400
88.72919130
88.76418260
88.79981230
88.83424870
88.86932340
88.90318960
88.94252680
88.97844030
89.01534500
89.05233470
89.08722390
89.12872450
89.16620900
89.20004760
89.23317950
89.26843780
89.30185400
89.33625890
89.37217680
89.40718800
89.44251040
89.47746270
89.51310210
89.55338470
89.58820250
89.62885140
89.66628370
89.70216920
89.73722690
89.77231310
89.80935280
89.84326840
89.87938810
89.91706510
89.95236890
89.98817430
90.03067650
90.06431670
90.09945950
90.13242890
90.16621380
90.20218040
90.23827630
90.27534940
90.31062780
90.34531200
90.38125980
90.42014860
90.45583840
90.49016760
90.53120150
90.56420130
90.59756250
90.63221600
90.66827730
90.70314180
90.73721380
90.77313700
90.80954920
90.84473700
90.88020090
90.91516840
90.94943450
90.98786970
91.02322450
91.06472590
91.10125230
91.13613320
91.17123930
91.20738330
91.24692300
91.28317320
91.31919000
91.35449930
91.39573350
91.43045790
91.46622470
91.50126080
91.53725090
91.57288970
91.60925630
91.64647360
91.68551030
91.72087070
91.75699310
91.79504270
91.82941880
91.86369550
91.89892130
91.93423620
91.97123950
92.00620400
92.04332870
92.08307140
92.13200350
92.16585120
92.19885550
92.23586470
92.27089540
92.30391000
92.33842750
92.37428760
92.41017540
92.44737110
92.48136870
92.51701870
92.55537930
92.59522300
92.63041850
92.66447410
92.69843760
92.73202860
92.76544840
92.80110080
92.83600190
92.87021890
92.90398910
92.93889240
92.97592320
93.00992660
93.04511090
93.07917420
93.11609720
93.15165680
93.18816930
93.22783580
93.26631710
93.30394000
93.33916990
93.37327660
93.40729840
93.44198230
93.47588000
93.51096960
93.54732390
93.58348510
93.62058610
93.66221940
93.69816000
93.73197180
93.76718760
93.80205390
93.83699820
93.87214420
93.90724020
93.94202160
93.97589620
94.01095210
94.04725460
94.08372380
94.12068110
94.16241510
94.19716990
94.23312980
94.26928790
94.30500980
94.34034470
94.37514890
94.41201220
94.44615640
94.48346950
94.52140640
94.56197780
94.59711020
94.63225030
94.66603850
94.70043130
94.73406690
94.76904840
94.80310910
94.83696660
94.87316030
94.90774920
94.94526080
94.98206080
95.01879470
95.05625370
95.09884920
95.13398260
95.16792970
95.20239020
95.23721020
95.27316350
95.30820970
95.34440330
95.38218970
95.41735830
95.45355260
95.49133000
95.53297270
95.56627820
95.60018840
95.63550570
95.66921430
95.70316900
95.73839310
95.77336360
95.80897600
95.84587730
95.88402120
95.92328010
95.95820860
95.99551810
96.03169910
96.06639110
96.09958930
96.13339610
96.16768660
96.20131520
96.23535060
96.27040130
96.30501870
96.33936000
96.37324030
96.40927110
96.44321740
96.47818700
96.51340960
96.54929270
96.58096700
96.61734900
96.65409080
96.69209940
96.73572260
96.76969600
96.80391070
96.83836430
96.87220010
96.90725910
96.94439800
96.98067490
97.01490600
97.05128760
97.08917210
97.12513160
97.16839760
97.20353810
97.23828150
97.27244910
97.30691020
97.34127620
97.37530370
97.41018350
97.44614860
97.48241290
97.51936130
97.55833670
97.59325080
97.63019220
97.66783150
97.70985820
97.73834420
97.77229480
97.80694330
97.84099890
97.87417170
97.90928300
97.94626450
97.98238860
98.01833980
98.05433240
98.09108410
98.12636030
98.16867190
98.20370850
98.23752970
98.27136090
98.30395320
98.33821240
98.37312570
98.41034890
98.44624440
98.48364670
98.52039490
98.55844380
98.59802890
98.64024240
98.67036170
98.70467640
98.73800240
98.77156930
98.80698980
98.84412160
98.88314570
98.92165150
98.95570880
98.99531770
99.02924770
99.06292880
99.09742530
99.13495060
99.17054780
99.20427920
99.24194470
99.27894350
99.31493310
99.35323380
99.38967280
99.42854140
99.47004380
99.50016160
99.53611460
99.57299470
99.60746270
99.64407870
99.67997500
99.71850320
99.75650790
99.79538570
99.83098770
99.86603770
99.90134240
99.93839110
99.97318050
100.00910310
100.04419950
100.07806510
100.11297940
100.15124350
100.18658410
100.22141080
100.26304330
100.29926030
100.33695500
100.37226130
100.40616960
100.44115060
100.47626890
100.51018530
100.54767680
100.58667620
100.62817530
100.66440540
100.70143790
100.73517780
100.77135470
100.80627380
100.84126740
100.87747590
100.91203390
100.94632320
100.98223870
101.01833230
101.05470770
101.08850170
101.12307090
101.16207440
101.19633920
101.23078770
101.26532910
101.30211490
101.34148850
101.38027690
101.41848900
101.45450820
101.49541390
101.53830860
101.57606190
101.60523780
101.63980710
101.67453030
101.70830340
101.74324300
101.77736490
101.81090010
101.84536400
101.88230010
101.91759060
101.95636150
101.99142920
102.02782740
102.06903000
102.10533500
102.14800150
102.17800810
102.21126880
102.24539040
102.28008950
102.31592630
102.35349100
102.38953630
102.42754790
102.46232860
102.50197890
102.53845940
102.57427600
102.60898080
102.64313420
102.67844130
102.71497100
102.75119610
102.78777170
102.82885500
102.86615480
102.90114140
102.93520410
102.97104680
103.00533360
103.03954960
103.07362470
103.10938880
103.14421770
103.18031740
103.21520440
103.25122740
103.28865740
103.32925420
103.37559270
103.40555090
103.44157570
103.47736250
103.51238090
103.54728600
103.58197100
103.61892910
103.64926030
103.68313850
103.72130990
103.75429490
103.79481240
103.83185430
103.86708940
103.90213970
103.94039880
103.97520410
104.01104290
104.04820270
104.08624990
104.12936050
104.16821160
104.20311170
104.24181080
104.27936550
104.31514580
104.35245460
104.38819100
104.42528920
104.45970970
104.50281620
104.53802950
104.57470360
104.61195820
104.64703330
104.68430630
104.71935320
104.75548780
104.79462930
104.83697700
104.87426960
104.90515920
104.94332500
104.97932810
105.01589720
105.05205370
105.08835150
105.13019820
105.16602010
105.20840670
105.24034080
105.27548330
105.31114760
105.34631490
105.38399780
105.41921320
105.45904490
105.50176240
105.53804080
105.57311790
105.60932900
105.64441440
105.67942490
105.71597660
105.75318830
105.78930760
105.82715630
105.86424190
105.90012660
105.93637400
105.97128380
106.00740260
106.04386650
106.08006470
106.11979770
106.16224000
106.19874370
106.23416510
106.27016820
106.30604440
106.34328710
106.37850320
106.41752640
106.45628860
106.49520260
106.53157880
106.57004580
106.60636770
106.64424730
106.67923380
106.71732430
106.75431360
106.79540370
106.83040260
106.86613580
106.90119040
106.93615500
106.97198660
107.00844310
107.04356560
107.07872990
107.11215540
107.15148710
107.18701180
107.21837090
107.25444110
107.29541260
107.34218180
107.37295360
107.40812550
107.44356600
107.48003500
107.51823660
107.55489940
107.58937450
107.62866790
107.66428790
107.69909770
107.73519690
107.77331600
107.81155510
107.84618300
107.88250760
107.92155210
107.96226320
107.99660160
108.03308760
108.07006290
108.10737440
108.14351600
108.17933750
108.21703250
108.25408690
108.29070230
108.32862970
108.37287940
108.40425210
108.44242750
108.48056830
108.51854540
108.55424520
108.59533960
108.63055540
108.66535060
108.70017120
108.73625660
108.77234330
108.80794270
108.84332440
108.87931910
108.91938050
108.95643150
108.99851250
109.03523580
109.06985100
109.10628890
109.14242150
109.17979260
109.21962220
109.25422160
109.29555400
109.33128140
109.36735790
109.40360560
109.43826210
109.47318020
109.51325100
109.55147240
109.59793300
109.63244910
109.66918180
109.70525780
109.74118060
109.77892130
109.81747580
109.85619170
109.89718020
109.93244050
109.96779570
110.00346600
110.03924620
110.07393620
110.11161650
110.14734040
110.18581830
110.22245860
110.26270810
110.29808940
110.33429140
110.37055060
110.40679570
110.44234310
110.47914250
110.51452130
110.55439410
110.59523030
110.63692240
110.66835830
110.70629110
110.74453090
110.77971690
110.81747800
110.85535460
110.89017590
110.93251950
110.96794230
111.00428670
111.04026990
111.07296060
111.10829040
111.14838170
111.18519930
111.21946110
111.25530520
111.29550050
111.33078230
111.36808040
111.40544390
111.43929680
111.47314770
111.50833020
111.54311110
111.57954000
111.61547980
111.65447850
111.69478290
111.73111080
111.76538050
111.80498020
111.83956100
111.87596690
111.91108680
111.94714860
111.98332830
112.02053730
112.05771580
112.09609590
112.13124890
112.16619100
112.20026290
112.23607890
112.27098520
112.30633750
112.34210400
112.37696400
112.41325760
112.44928380
112.48730970
112.52869200
112.56420690
112.60012540
112.63523220
112.67301160
112.71003560
112.74745710
112.78375130
112.82208190
112.86235340
112.89910820
112.93666980
112.97322470
113.01120240
113.04845870
113.08486550
113.12460490
113.16219240
113.19712420
113.23211990
113.26839650
113.30296100
113.33958700
113.37644020
113.41339530
113.45033250
113.48952740
113.52698900
113.56443010
113.59955290
113.63532560
113.67219900
113.70794080
113.74318960
113.78143460
113.81747290
113.85326640
113.88924020
113.92540620
113.96862150
114.00432120
114.03926330
114.07495560
114.11125350
114.15088100
114.18951270
114.22629510
114.26555880
114.30121960
114.33854360
114.37321690
114.40922590
114.44592720
114.48316530
114.51873190
114.55780090
114.59764200
114.64096990
114.67320510
114.71024410
114.74852710
114.78529420
114.82332830
114.85925030
114.89986220
114.94300460
114.97428330
115.00923800
115.04522800
115.08344730
115.12165790
115.15949370
115.20094240
115.23607060
115.27265900
115.30706240
115.34247170
115.37720440
115.41218870
115.44834380
115.48328000
115.52058950
115.56054580
115.59869380
115.64305020
115.67330350
115.71016260
115.76933490
115.80017000
115.83642630
115.87240980
115.90735120
115.94420480
115.97918330
116.01864410
116.05747530
116.09832400
116.14207700
116.17424890
116.21123080
116.25058150
116.28633150
116.32346980
116.36066510
116.40240100
116.43884010
116.47616370
116.51223140
116.54942310
116.58686380
116.62403760
116.66137690
116.70258080
116.73850390
116.77542030
116.81167970
116.84832790
116.88700970
116.92531440
116.96896040
117.00647850
117.04251240
117.07398150
117.10797700
117.14417530
117.18012860
117.21947230
117.25568130
117.29506790
117.33574680
117.37986770
117.41126740
117.44627400
117.48125940
117.52247160
117.55953870
117.60028960
117.63642640
117.67167080
117.70828130
117.74313660
117.77914910
117.81835010
117.85317280
117.89251540
117.93647620
117.97236470
118.00673240
118.04401670
118.07927860
118.11621290
118.15254420
118.19041950
118.23310030
118.27053550
118.30531540
118.34026950
118.37524840
118.41028990
118.44626750
118.48327720
118.51939030
118.55707470
118.59246100
118.63096480
118.67296050
118.71038910
118.74933850
118.78716140
118.82661260
118.86419470
118.90259190
118.93930690
118.97525770
119.01222550
119.04873880
119.08459670
119.12223590
119.16035530
119.20351890
119.23879990
119.27398690
119.30983830
119.34457170
119.37974060
119.41580210
119.45081030
119.48723730
119.52824790
119.56638710
119.60260710
119.64148300
119.68061070
119.71742060
119.75570590
119.79499290
119.82931720
119.86531560
119.90354700
119.93948460
119.97518770
120.01201400
120.04901620
120.08671250
120.12867080
120.16421800
120.20015830
120.23715390
120.27374980
120.31015460
120.34908840
120.38525000
120.42185820
120.46257660
120.49839350
120.53418460
120.57446880
120.61130840
120.64922170
120.68635710
120.72172400
120.76211330
120.79710860
120.83544320
120.87599710
120.91210420
120.94903210
120.98514110
121.02983610
121.06696150
121.10048650
121.14149470
121.17930300
121.21644630
121.25384900
121.29542140
121.33220370
121.37106950
121.40772770
121.44512060
121.48212240
121.52277260
121.56428960
121.60142190
121.63828740
121.67339190
121.71131440
121.74842310
121.78588250
121.82874000
121.86752300
121.90614000
121.94302940
121.97938340
122.01756820
122.05680290
122.09817410
122.13325230
122.16939840
122.20715120
122.24794720
122.28873470
122.33040050
122.36356560
122.40499200
122.43624000
122.47203700
122.50709060
122.54326300
122.58001300
122.61721570
122.65443940
122.69584440
122.73237520
122.76909110
122.80551360
122.84456420
122.88005650
122.91434130
122.95312690
122.99272500
123.03602320
123.07272410
123.10956880
123.14436820
123.17909710
123.21718260
123.26303160
123.30208970
123.33724220
123.37575900
123.41246640
123.45115060
123.49589600
123.53046040
123.57651400
123.60801370
123.64427750
123.68359600
123.72832990
123.76541640
123.80190400
123.83918520
123.87758780
123.91426140
123.95248010
123.98848180
124.02902380
124.06520530
124.10232200
124.14035870
124.17834480
124.21946460
124.25652150
124.29661180
124.33287110
124.36918150
124.40538680
124.44258660
124.47947570
124.51754330
124.55613780
124.59617110
124.63328520
124.67132300
124.70922340
124.74562940
124.78546560
124.82134470
124.86229000
124.89744170
124.93224400
124.96823610
125.00319650
125.04330330
125.08073160
125.12050480
125.16351980
125.20076890
125.23833090
125.27334480
125.31252840
125.34938980
125.38673240
125.42856310
125.46376730
125.51042990
125.54151080
125.57726090
125.61228580
125.65119510
125.68748440
125.72845860
125.76541890
125.80124240
125.83876660
125.87555140
125.91245210
125.95447660
125.99524560
126.03136400
126.06611970
126.10335880
126.14030390
126.17737910
126.21253440
126.24952640
126.28734760
126.32950610
126.36586400
126.41004920
126.44106280
126.47852110
126.51644830
126.55358580
126.58682920
126.62890320
126.66406710
126.69989660
126.73485210
126.77289190
126.81125870
126.84697020
126.88627780
126.92838460
126.96443110
126.99984640
127.03696880
127.07400800
127.11080250
127.14718370
127.18209750
127.22125270
127.26269390
127.29983950
127.33502570
127.36995040
127.40607180
127.44518120
127.48252460
127.51935020
127.55709620
127.59753860
127.63593700
127.67200990
127.70702160
127.74739800
127.78524180
127.82228340
127.86424180
127.90031720
127.93852330
127.97491610
128.01185450
128.04985850
128.08821760
128.12686710
128.16268020
128.19759450
128.23350900
128.26951500
128.30557070
128.34204120
128.37804320
128.41502240
128.45170030
128.48811700
128.53122370
128.56771590
128.60393540
128.64054630
128.67941760
128.71720050
128.75386950
128.78976160
128.82906010
128.86618090
128.90288500
128.93888670
128.97392900
129.00996160
129.04804090
129.08941510
129.12685760
129.16430760
129.19932950
129.23586930
129.27288890
129.31484070
129.35302570
129.38991870
129.43427880
129.47090920
129.50688320
129.54457520
129.58302280
129.62109770
129.65802330
129.69737810
129.73304220
129.76961510
129.80563570
129.84368630
129.88189680
129.91809930
129.95592600
130.00049180
130.03468960
130.07080780
130.10593550
130.14286190
130.18258170
130.22124960
130.25780840
130.29693920
130.33400320
130.37102230
130.40787840
130.44600560
130.48380300
130.52296500
130.56080940
130.59999530
130.63417910
130.67095140
130.70690410
130.74296000
130.78021450
130.81706840
130.85575010
130.89165400
130.93550700
130.97183150
131.00783920
131.04489740
131.08608340
131.12582500
131.16477650
131.19990240
131.23507980
131.27104610
131.30950410
131.34674030
131.38322880
131.42255220
131.46078450
131.50202800
131.53728220
131.57155210
131.60694920
131.64190010
131.67900980
131.71723380
131.75486760
131.79759410
131.83542440
131.87207040
131.90800930
131.94487080
131.98089830
132.02042310
132.05871750
132.09766710
132.14156620
132.17323040
132.20690880
132.24386600
132.27912930
132.31746600
132.35528470
132.39576620
132.43092310
132.46589370
132.50197140
132.53592830
132.57305860
132.60874590
132.64417850
132.67977350
132.71847060
132.75621350
132.79336460
132.82992990
132.86585920
132.90289740
132.93835170
132.97607270
133.01206480
133.05153230
133.08608810
133.12826800
133.16541460
133.20209080
133.23694080
133.27397580
133.30958590
133.34552040
133.38453260
133.42121620
133.46219670
133.49897290
133.53487740
133.57490680
133.60989640
133.64463960
133.67966400
133.71849700
133.75430970
133.79588510
133.83272740
133.86872080
133.90277800
133.93806330
133.97280730
134.01103270
134.04711340
134.08693880
134.12290420
134.16229820
134.20013430
134.23686230
134.27272090
134.30872070
134.35031720
134.38847190
134.42923390
134.46665650
134.50287870
134.53968170
134.57496570
134.61181320
134.64767600
134.68403740
134.72069150
134.76287420
134.79877630
134.83599950
134.87188590
134.91103370
134.94810880
134.98639630
135.02239560
135.06250610
135.09687490
135.13342800
135.16955420
135.20483040
135.24164670
135.27869050
135.31568290
135.35658970
135.39623440
135.43298030
135.46979710
135.50682720
135.54385610
135.57999640
135.61715790
135.65595500
135.69574490
135.73469990
135.77109390
135.81060500
135.84655980
135.88952960
135.92946180
135.96720480
136.00413930
136.04188030
136.09786940
136.12997930
136.16789130
136.20546540
136.24073600
136.27675670
136.31369620
136.35601190
136.39690400
136.43404940
136.46979230
136.50513710
136.54309170
136.57866090
136.61445640
136.65089950
136.68742430
136.72655690
136.76456870
136.80085610
136.83616230
136.87259900
136.91073480
136.94909590
136.98825890
137.02819910
137.06637750
137.09876590
137.13370500
137.17088490
137.20767460
137.24542640
137.28138390
137.32043760
137.35636660
137.39597110
137.43249800
137.46962460
137.50581060
137.54576710
137.58153330
137.62116570
137.66216460
137.70073940
137.73887500
137.77389020
137.80984750
137.84664240
137.88561330
137.92822310
137.96374340
137.99860810
138.03264420
138.07104400
138.10738060
138.14468360
138.18151780
138.21862330
138.25618330
138.28798310
138.32854170
138.36452750
138.39951000
138.44009780
138.47741550
138.51506440
138.55057120
138.58762800
138.62831730
138.66621700
138.70131120
138.76805490
138.80090700
138.83816180
138.87654660
138.91588480
138.95446090
138.99501750
139.03117860
139.06700940
139.10342180
139.13710940
139.17202440
139.20870360
139.24567150
139.28292290
139.32031940
139.35826190
139.39556690
139.43220170
139.46811540
139.50744490
139.54629750
139.58296710
139.62011650
139.66200580
139.69812920
139.73406180
139.77225590
139.80811130
139.84633430
139.88535450
139.92154920
139.96227540
139.99724590
140.03407680
140.07142660
140.10856190
140.14600780
140.18289350
140.22033420
140.26260640
140.29899780
140.33392340
140.37009150
140.40728010
140.44362710
140.48181230
140.51809080
140.55562760
140.59762900
140.63224340
140.66805680
140.70682020
140.74826570
140.78616100
140.82260740
140.85860990
140.89573700
140.93679120
140.97365180
141.00936160
141.04400290
141.08199300
141.11843460
141.15532680
141.19536500
141.23294580
141.26805680
141.30698680
141.34351940
141.37927580
141.41595510
141.45343850
141.49548020
141.53305670
141.56985620
141.60505180
141.64129890
141.68298780
141.72113360
141.76269560
141.79805040
141.83402620
141.86809690
141.90437380
141.94231370
141.97735660
142.01191170
142.04781020
142.08466090
142.12930760
142.17299470
142.20600040
142.24398880
142.28048770
142.31795270
142.34922980
142.38411830
142.42215970
142.46274490
142.50007450
142.53498200
142.57206670
142.60866670
142.64418380
142.68084440
142.71892610
142.75609010
142.79527870
142.83119340
142.86608720
142.90287800
142.94130230
142.97613650
143.01394570
143.05253610
143.09635680
143.13229170
143.16817360
143.20303800
143.24171690
143.27785880
143.31412680
143.35291510
143.39526560
143.43170160
143.46965900
143.50568350
143.54286910
143.58190990
143.62338620
143.66318530
143.69991670
143.73580850
143.77445670
143.81289370
143.85312670
143.89717400
143.93625010
143.97224870
144.00743520
144.04641930
144.08160000
144.11762320
144.15386360
144.19580470
144.23076330
144.26675060
144.30229000
144.33981280
144.37810930
144.41791310
144.45425710
144.49617430
144.53338920
144.56931690
144.60859250
144.64573500
144.68173450
144.72048070
144.75779010
144.79779870
144.83426100
144.87072350
144.90775690
144.94341110
144.97880110
145.01647050
145.05504090
145.09579110
145.13205200
145.16858550
145.20347980
145.23947940
145.27870770
145.31623680
145.35284600
145.38851840
145.43033230
145.46853220
145.50335040
145.53925260
145.57639910
145.61262880
145.65337160
145.69595580
145.73363690
145.76955870
145.80677450
145.84419980
145.87989460
145.91668190
145.95385310
145.99563720
146.03233320
146.06833460
146.10406550
146.13825160
146.17538850
146.21477120
146.25289730
146.29521770
146.33191760
146.36949630
146.40451280
146.44042620
146.47546040
146.51177890
146.54771310
146.58575220
146.62993150
146.66643580
146.70228300
146.73941930
146.77650480
146.81286450
146.85177060
146.88883940
146.92894470
146.96492830
147.00290470
147.03845090
147.07552920
147.11281250
147.14794840
147.18724380
147.22800300
147.26601520
147.30536340
147.34161440
147.37759120
147.41470750
147.45274970
147.49608300
147.53256240
147.56940310
147.60544050
147.64247080
147.67892370
147.71596560
147.75502910
147.79551410
147.83392980
147.87040470
147.90767730
147.94230750
147.97953080
148.01559520
148.05423640
148.09562840
148.13174710
148.16667530
148.20251540
148.23947940
148.27549480
148.31230670
148.35285700
148.38871610
