8.695652173913043237e-02 1.419909613878818089e-01 1.942008839463929271e-01 1.204485122728255198e-01
1.336633663366336711e-01 1.310621424954286907e-01 1.950197570777486289e-01 2.074403070602117438e+01
4.594594594594594850e-01 1.121047351206081316e-01 1.470526649098077565e-01 7.910352510961059735e+00
7.614678899082568675e-01 1.119259120569736504e-01 1.136780230270837272e-01 1.582608685094755963e+01
5.000000000000000000e-01 1.921768707482993388e-01 2.397959183673469552e-01 1.434020084821440930e-03
3.613861386138613740e-01 1.205948826175134436e-01 1.115538991540877684e-01 8.507107776066320071e+00
5.673076923076922906e-01 1.110659897862278783e-01 1.275322450917688866e-01 3.002584774070412799e+00
1.225490196078431321e-01 1.211540171624205103e-01 1.713429198840029644e-01 6.266693122660120352e+00
2.625899280575539341e-01 1.085308824844155029e-01 1.450345520526011844e-01 1.681802134445148589e+00
3.220338983050847204e-01 1.069162599126279728e-01 1.243877337501227837e-01 7.585860224321482326e-01
