0.000000000000000000e+00 5.333297340100060652e-02 9.054247801413334296e-02 3.033849767970336875e-04
0.000000000000000000e+00 7.507939823102732779e-02 1.072435553168635952e-01 3.712901861869321684e-04
8.823529411764706454e-02 6.071169208424110481e-02 8.163228254264669193e-02 4.071730462872408252e-01
0.000000000000000000e+00 4.500520394312466227e-02 6.431717538673409340e-02 1.379992818520926138e-04
3.295454545454545303e-01 5.956961909342861627e-02 1.007352435923864475e-01 1.049929936760138488e-01
5.000000000000000000e-01 6.581034265558075025e-02 1.218779919375157783e-01 1.543697640814362393e-01
5.000000000000000000e-01 7.120978809175364244e-02 1.249504135775665603e-01 4.579371978764121276e-01
5.000000000000000000e-01 5.217275994218350393e-02 1.058535889989524054e-01 4.084261544378853248e-01
0.000000000000000000e+00 3.679820693709582452e-02 7.734683379524649738e-02 4.382606854925910622e-01
2.280701754385964786e-01 5.322112600725800724e-02 7.147719386650046303e-02 1.387427960188047038e+00
