4.226190476190476164e-01 5.149347320627598035e-02 5.730854433276579007e-02 1.042777150710765639e-03
1.000000000000000000e+00 7.069712559946579600e-02 7.017417390072644423e-02 4.008822469433575555e-04
1.000000000000000000e+00 6.320080512020263830e-02 5.454915530225930981e-02 5.749000911732400068e-04
8.787878787878787845e-01 5.139995689303648169e-02 3.741495112602379047e-02 7.926980469990592588e-04
2.272727272727272790e-02 6.427324717765894868e-02 4.147279455454196129e-02 8.557005532392722479e-04
5.000000000000000104e-03 6.835928489042675249e-02 4.303873510188388485e-02 5.331440946434272540e-04
2.127659574468085055e-02 7.232130440828814233e-02 4.603027068148911327e-02 1.573175639356869918e-04
0.000000000000000000e+00 5.872437726380541623e-02 4.113549444545620132e-02 1.795400067406965211e-04
5.000000000000000000e-01 3.921568627450980338e-02 3.573945918236575564e-02 1.403012333956132202e-02
8.596491228070175517e-01 5.190985923093007631e-02 4.653574536109594123e-02 3.773951417611921128e-02
