5.952380952380952051e-03 5.333297340100060652e-02 8.914474078873173279e-02 1.838095382917749945e-02
5.000000000000000000e-01 7.507939823102732779e-02 9.237337722613413182e-02 1.720716923837484202e-02
3.764705882352941124e-01 6.071169208424110481e-02 7.361463103760021442e-02 1.102278328855210709e+00
4.318181818181818232e-01 4.500520394312466227e-02 6.371664430751938779e-02 1.268923194564153256e-01
3.806818181818181768e-01 5.956961909342861627e-02 9.055012998465380991e-02 1.035127895018680098e-02
4.600000000000000200e-01 6.581034265558075025e-02 1.013917233560090586e-01 1.379667211404731614e-02
5.000000000000000000e-01 7.120978809175364244e-02 9.913096444251461026e-02 1.953201852161787211e-03
5.000000000000000000e-01 5.217275994218350393e-02 8.110852528145762186e-02 9.995385515617204175e-02
5.000000000000000000e-01 3.679820693709582452e-02 6.786186696900982362e-02 5.533783863670220793e-01
2.543859649122807154e-01 5.322112600725800724e-02 8.058008778560157848e-02 5.346825225562090722e-01
