5.391304347826086918e-01 9.313514089437742449e-02 9.533328597956346184e-02 4.404580552510663494e-01
7.178217821782177932e-01 8.765145545696435836e-02 7.307880442023441392e-02 1.579467441192837496e-01
8.333333333333333703e-01 7.551582724593106088e-02 5.929935125436855414e-02 3.305147981078027541e+00
8.944954128440366636e-01 7.520131636032718891e-02 5.079600647598488811e-02 4.322642788890248333e+00
5.000000000000000000e-01 1.314878892733563898e-01 1.219723183391003413e-01 6.352263399467429758e-04
7.227722772277227481e-01 8.050692612513847546e-02 6.667228141499269289e-02 2.768480832209666564e-01
9.134615384615384359e-01 7.409733312631236468e-02 5.643354626918640343e-02 7.461119260678034104e-01
1.000000000000000000e+00 8.014027410272067664e-02 6.221871678313770776e-02 7.896073989886188407e-04
8.417266187050359560e-01 7.683679354094578862e-02 8.429312901631240418e-02 1.448198879601767519e-01
1.949152542372881436e-01 7.267698538371812622e-02 6.035447578832131565e-02 9.725338064542848535e-03
