6.999999999999999556e-01 9.313514089437742449e-02 1.046797363071500786e-01 8.150582279007561161e-04
6.237623762376237613e-01 8.765145545696435836e-02 8.271285606069257723e-02 6.561521692086724799e-04
6.486486486486486847e-01 7.551582724593106088e-02 6.711945509523364883e-02 4.235742234638136634e-04
6.834862385321101019e-01 7.520131636032718891e-02 5.924635549488729835e-02 3.920845561651670435e-04
5.000000000000000000e-01 1.314878892733563898e-01 1.238465974625144184e-01 1.783516229443365313e-03
3.910891089108911034e-01 8.050692612513847546e-02 6.679409290410009969e-02 4.222264686035623587e-04
5.769230769230768718e-01 7.409733312631236468e-02 6.350044731316357993e-02 1.799967293634047172e-04
2.156862745098039325e-01 8.014027410272067664e-02 6.423575774023565499e-02 1.007744694326632301e-03
2.769784172661870492e-01 7.683679354094578862e-02 7.018372054704236085e-02 3.247822162970784147e-04
1.271186440677966045e-01 7.267698538371812622e-02 5.532666705765058174e-02 1.250654800080291701e-04
