3.195876288659793563e-01 5.361426051902242612e-02 1.537704711514235045e-01 5.155160353177050072e-05
3.469387755102040782e-01 5.243057162396326520e-02 1.445166880055120950e-01 2.001368460424850080e-05
2.448979591836734637e-01 6.118722919527749132e-02 1.573621623923434631e-01 1.518419727701458464e-05
3.361344537815126321e-01 5.936920222634509137e-02 1.508763227513227612e-01 2.018262860061350097e-05
2.038834951456310607e-01 2.695850898151952793e-02 1.249803426217616087e-01 4.513319237086092279e-05
3.660714285714285476e-01 2.676717663155276164e-02 6.488896543146091545e-02 1.267092293749084997e-03
3.628318584070796549e-01 4.475052294819736182e-02 8.674458155355165012e-02 7.518244861284312415e-03
3.150000000000000022e-01 3.667442953157238478e-02 7.808701558701558465e-02 1.305938571275316029e+01
3.888888888888888951e-01 2.674597175730961812e-02 6.542819949849427996e-02 1.178719632573357678e+01
2.111111111111111105e-01 2.602805329086680872e-02 6.272899320881872298e-02 1.464135300728984390e+01
