2.782608695652173947e-01 1.419909613878818089e-01 1.599886960772332889e-01 1.043023373224647443e+01
3.465346534653465094e-01 1.310621424954286907e-01 1.314996295547921912e-01 1.957619406857723021e+01
6.846846846846846857e-01 1.121047351206081316e-01 1.167559282638647722e-01 2.617119473244950534e+00
5.504587155963303058e-01 1.119259120569736504e-01 1.092731859988303883e-01 1.157298909205474047e+01
0.000000000000000000e+00 1.921768707482993388e-01 2.124590576971529254e-01 4.590299426448865461e+00
5.247524752475247745e-01 1.205948826175134436e-01 1.112520549107064993e-01 3.319971555730057133e+01
4.711538461538461453e-01 1.110659897862278783e-01 1.498615471829757573e-01 4.009278337715776530e+01
3.676470588235294379e-01 1.211540171624205103e-01 1.154980510722807691e-01 6.055784102563296756e+01
4.964028776978417490e-01 1.085308824844155029e-01 1.184459297458529542e-01 8.510526984685983010e+00
3.008474576271186196e-01 1.069162599126279728e-01 1.237925490346798024e-01 7.314450231847079209e+00
