0.000000000000000000e+00 1.419909613878818089e-01 1.937457284976532024e-01 1.139426632423806056e-03
0.000000000000000000e+00 1.310621424954286907e-01 1.805097176384305169e-01 1.182353599777775975e-03
0.000000000000000000e+00 1.121047351206081316e-01 1.472538297935123142e-01 8.746796156836127677e-04
0.000000000000000000e+00 1.119259120569736504e-01 1.469048543644436988e-01 1.382916227889238172e-03
0.000000000000000000e+00 1.921768707482993388e-01 2.627551020408163684e-01 2.386526065562294234e-03
0.000000000000000000e+00 1.205948826175134436e-01 1.610688279712325088e-01 1.575515222333784835e-03
0.000000000000000000e+00 1.110659897862278783e-01 1.430412620888811548e-01 1.599198601534151725e-03
0.000000000000000000e+00 1.211540171624205103e-01 1.651256181484939967e-01 1.893220854123595347e-03
0.000000000000000000e+00 1.085308824844155029e-01 1.394347015986800997e-01 9.081474926991746355e-04
0.000000000000000000e+00 1.069162599126279728e-01 1.354410879229281106e-01 1.303899907038177063e-03
