5.952380952380952051e-03 5.333297340100060652e-02 8.914474078873173279e-02 1.838095382917749945e-02
5.000000000000000000e-01 7.507939823102732779e-02 9.237337722613413182e-02 1.720716923837484202e-02
5.000000000000000000e-01 6.071169208424110481e-02 6.414454670757190058e-02 6.487425924697595714e-02
3.787878787878787845e-01 4.500520394312466227e-02 5.095758489550560738e-02 1.865760313049193066e-04
3.465909090909091161e-01 5.956961909342861627e-02 9.704148915458440938e-02 2.472033100428478402e-06
4.899999999999999911e-01 6.581034265558075025e-02 1.173847316704459548e-01 3.934194592603993860e-05
5.000000000000000000e-01 7.120978809175364244e-02 1.239794578193767760e-01 3.896992370924747055e-05
2.421052631578947401e-01 5.217275994218350393e-02 9.026169922159896220e-02 2.336388747230540145e-05
0.000000000000000000e+00 3.679820693709582452e-02 6.939720332577474504e-02 1.962778753315353277e-04
0.000000000000000000e+00 5.322112600725800724e-02 9.439880565611560859e-02 3.765226320492826874e-05
