3.144329896907216426e-01 5.361426051902242612e-02 1.530776014109347383e-01 5.172944954331996036e-05
3.367346938775510057e-01 5.243057162396326520e-02 1.448200595430916005e-01 4.383261118184062774e-05
3.061224489795918435e-01 6.118722919527749132e-02 1.629525832242129935e-01 1.041284792624734903e-02
2.899159663865546466e-01 5.936920222634509137e-02 1.399808029272315013e-01 5.225433632751558255e-01
7.281553398058251969e-02 2.695850898151952793e-02 8.261552197314422918e-02 1.915320280787380647e-01
8.482142857142857539e-02 2.676717663155276164e-02 4.276577016179185925e-02 1.296896668696336352e+00
1.017699115044247843e-01 4.475052294819736182e-02 7.219761289528731085e-02 9.325564409690753065e-01
1.749999999999999889e-01 3.667442953157238478e-02 5.913183591755021007e-02 6.729412629785421984e+00
1.055555555555555552e-01 2.674597175730961812e-02 4.347232720248593585e-02 4.885112104082758755e+00
2.611111111111111271e-01 2.602805329086680872e-02 4.199915759348692851e-02 1.620678410035610639e+01
