0.000000000000000000e+00 5.333297340100060652e-02 9.101413934180374588e-02 2.668119922153736013e-04
0.000000000000000000e+00 7.507939823102732779e-02 1.052975527442946008e-01 2.956897677981534735e-04
0.000000000000000000e+00 6.071169208424110481e-02 8.823418256191364883e-02 2.030561141070919820e-04
0.000000000000000000e+00 4.500520394312466227e-02 6.977389559663306484e-02 1.466340360249277028e-04
0.000000000000000000e+00 5.956961909342861627e-02 7.777999667880620971e-02 2.314703931488796469e-06
0.000000000000000000e+00 6.581034265558075025e-02 8.475340136054422546e-02 3.940104936623607223e-05
0.000000000000000000e+00 7.120978809175364244e-02 8.911417206756619414e-02 3.896749544249763716e-05
0.000000000000000000e+00 5.217275994218350393e-02 7.104566972988025919e-02 1.719818036283057727e-05
0.000000000000000000e+00 3.679820693709582452e-02 7.283005794910557551e-02 4.842485611045388936e-08
0.000000000000000000e+00 5.322112600725800724e-02 8.898845438110265793e-02 1.171562362244456825e-05
