3.928571428571428492e-01 5.149347320627598035e-02 7.452719649951485004e-02 1.120806104879039063e-03
1.000000000000000000e+00 7.069712559946579600e-02 8.947659301078532412e-02 4.314391768801760204e-04
1.000000000000000000e+00 6.320080512020263830e-02 6.584175769500419384e-02 8.506779803081605893e-04
9.469696969696970168e-01 5.139995689303648169e-02 4.542032202066804275e-02 6.337756692897273140e-04
4.545454545454545581e-02 6.427324717765894868e-02 5.130675264758310233e-02 7.907986188940733597e-04
5.000000000000000104e-03 6.835928489042675249e-02 5.446895424836600830e-02 4.962451607508768870e-04
2.127659574468085055e-02 7.232130440828814233e-02 5.808169116624539025e-02 3.423554141028999445e-04
0.000000000000000000e+00 5.872437726380541623e-02 4.417784657722737679e-02 1.568159136108628613e-04
9.166666666666666297e-01 3.921568627450980338e-02 3.808230808663334160e-02 1.097954052142392771e-05
1.000000000000000000e+00 5.190985923093007631e-02 4.826584916732431368e-02 4.485089731794248997e-05
