8.695652173913043237e-02 1.419909613878818089e-01 1.940741532807400971e-01 1.198638489920947625e-01
1.336633663366336711e-01 1.310621424954286907e-01 1.949891984663318922e-01 2.074402553351347933e+01
4.144144144144144004e-01 1.121047351206081316e-01 1.386037397942159743e-01 1.046949338530660256e+01
5.458715596330274700e-01 1.119259120569736504e-01 1.296897284227996328e-01 4.093973960177794247e+00
0.000000000000000000e+00 1.921768707482993388e-01 2.722663139329806192e-01 7.757451999425494904e+00
1.782178217821782096e-01 1.205948826175134436e-01 1.520992518753009060e-01 9.260073551853826856e+00
4.903846153846153633e-01 1.110659897862278783e-01 1.532059761226427785e-01 1.250493033162186851e+00
3.284313725490196068e-01 1.211540171624205103e-01 1.885146033722130965e-01 1.103343299488146734e+01
2.625899280575539341e-01 1.085308824844155029e-01 1.423278391404351473e-01 6.220302766066351019e+00
1.864406779661016977e-01 1.069162599126279728e-01 1.795157171468713120e-01 6.303657810106691350e+00
