8.247422680412370977e-02 5.361426051902242612e-02 1.420546737213403687e-01 9.669360961225896389e+00
0.000000000000000000e+00 5.243057162396326520e-02 1.338742602105089941e-01 9.509167417513864962e+00
0.000000000000000000e+00 6.118722919527749132e-02 1.365880467993144110e-01 7.966199249469259058e+00
0.000000000000000000e+00 5.936920222634509137e-02 1.204637789459218067e-01 4.298659372961000535e+00
0.000000000000000000e+00 2.695850898151952793e-02 9.398890055649403164e-02 6.262181523448548504e+00
0.000000000000000000e+00 2.676717663155276164e-02 6.137877091764976784e-02 1.032839083249774692e+00
0.000000000000000000e+00 4.475052294819736182e-02 9.332428061663940178e-02 1.991598944087933143e+00
0.000000000000000000e+00 3.667442953157238478e-02 7.038671324385610550e-02 1.078016272940160114e+00
0.000000000000000000e+00 2.674597175730961812e-02 6.842613588645335421e-02 6.444958832223433021e-01
0.000000000000000000e+00 2.602805329086680872e-02 5.557575023223878391e-02 8.328184694561713286e-01
