2.938144329896907325e-01 5.361426051902242612e-02 1.584555303602922516e-01 5.023448476376425305e-05
3.520408163265306145e-01 5.243057162396326520e-02 1.055578694062659084e-01 1.629359998460605356e-03
2.602040816326530726e-01 6.118722919527749132e-02 1.147253893732766983e-01 3.175416008633733661e-02
4.831932773109243739e-01 5.936920222634509137e-02 1.084656084656084596e-01 3.443180670053556547e+00
4.708737864077670032e-01 2.695850898151952793e-02 8.695536380100138407e-02 4.342106339669012272e+00
3.392857142857143016e-01 2.676717663155276164e-02 6.049733536171149340e-02 7.452711874380641532e+00
5.929203539823009184e-01 4.475052294819736182e-02 8.303230853064740014e-02 9.631306623950475210e-02
4.650000000000000244e-01 3.667442953157238478e-02 6.460797532226103534e-02 2.316707914547007086e+00
3.166666666666666519e-01 2.674597175730961812e-02 5.648538074841930046e-02 1.821709720238640084e+00
2.888888888888888618e-01 2.602805329086680872e-02 6.342138212367219585e-02 6.249244760990210019e-04
