5.391304347826086918e-01 9.313514089437742449e-02 9.660634134626769343e-02 2.876440459032678088e-01
7.227722772277227481e-01 8.765145545696435836e-02 7.294509727789387499e-02 1.311782757941277189e-01
8.738738738738738299e-01 7.551582724593106088e-02 5.607337441247475102e-02 2.158723057284747338e+00
1.000000000000000000e+00 7.520131636032718891e-02 4.185757771358229046e-02 1.116204650261388265e+00
1.000000000000000000e+00 1.314878892733563898e-01 1.294213763936947481e-01 1.422520311469712903e-03
1.000000000000000000e+00 8.050692612513847546e-02 6.215050570801025631e-02 1.019519657097907967e-03
9.759615384615384359e-01 7.409733312631236468e-02 7.099756380681987444e-02 3.010028559119402036e-01
6.323529411764705621e-01 8.014027410272067664e-02 7.741884720054881264e-02 8.599856897719759330e-04
5.575539568345323493e-01 7.683679354094578862e-02 8.321510957324106117e-02 2.208103137391735082e-01
1.822033898305084609e-01 7.267698538371812622e-02 6.219454381952182337e-02 1.192020736537919401e+00
