4.226804123711340178e-01 3.093023255813953307e-02 3.465923772609819098e-02 9.481008721310888454e-01
4.285714285714285476e-01 3.073082010582010165e-02 3.445601851851851777e-02 7.450739471030685956e-02
6.275510204081632404e-01 3.331305309734513415e-02 3.616703539823008795e-02 1.854507036032923854e-03
6.512605042016806900e-01 3.569669913419913632e-02 4.411661255411255395e-02 7.724061652606243082e-04
3.495145631067961278e-01 1.555720899470899345e-02 1.409556878306878272e-02 1.995038635620705936e+00
5.848214285714286031e-01 1.377873563218390968e-02 2.028304597701149556e-02 8.266053341135988219e+00
7.300884955752212635e-01 2.980564876957494599e-02 3.066135346756151958e-02 4.626368104053401709e+00
8.149999999999999467e-01 2.347391598915989086e-02 2.519647696476965196e-02 8.087371221832201584e+00
7.388888888888889284e-01 2.183086158192090384e-02 2.749470338983050696e-02 5.616465815317878807e+00
6.500000000000000222e-01 1.536458333333333426e-02 2.157389322916666505e-02 9.309507681238564203e+00
