3.928571428571428492e-01 5.149347320627598035e-02 6.782647699602717406e-02 1.228085076065501768e+00
5.000000000000000000e-01 7.069712559946579600e-02 6.502622979016167704e-02 5.583430209939516331e+00
9.411764705882352811e-01 6.320080512020263830e-02 4.857012008955831350e-02 4.064542002083647354e+00
1.000000000000000000e+00 5.139995689303648169e-02 3.707417310358487178e-02 5.208496889423538945e-02
5.170454545454545858e-01 6.427324717765894868e-02 4.437323057565271262e-02 5.705153428184738668e-04
5.000000000000000104e-03 6.835928489042675249e-02 4.454777008842752961e-02 8.481834775050437186e-04
1.595744680851063704e-02 7.232130440828814233e-02 4.696587646322608611e-02 3.453065265878642190e-04
1.210526315789473700e-01 5.872437726380541623e-02 4.013436127805095066e-02 4.205953127535207886e-04
1.000000000000000000e+00 3.921568627450980338e-02 4.304834678969626793e-02 7.152621089384450807e-05
8.245614035087719396e-01 5.190985923093007631e-02 5.461377877604429998e-02 3.107281250683993596e-05
