4.226804123711340178e-01 3.093023255813953307e-02 3.463501291989663777e-02 9.480886514198330062e-01
4.540816326530612290e-01 3.073082010582010165e-02 3.465443121693122241e-02 7.605613251713146949e-01
5.612244897959183243e-01 3.331305309734513415e-02 3.693952802359881660e-02 5.078488794084783375e-01
5.588235294117647189e-01 3.569669913419913632e-02 4.370535714285714302e-02 1.614358691111270625e-04
4.368932038834951181e-01 1.555720899470899345e-02 1.444775132275132219e-02 1.371042320774411294e-01
6.562500000000000000e-01 1.377873563218390968e-02 2.001867816091953967e-02 8.379658517600486078e+00
7.212389380530973559e-01 2.980564876957494599e-02 3.054949664429530004e-02 4.246639838550827939e+00
8.199999999999999512e-01 2.347391598915989086e-02 2.540311653116531301e-02 8.154547193049607401e+00
7.722222222222222543e-01 2.183086158192090384e-02 2.692266949152542430e-02 3.389539324711234425e+00
7.777777777777777901e-01 1.536458333333333426e-02 2.145345052083333370e-02 1.247376169833772686e+01
