0.000000000000000000e+00 1.419909613878818089e-01 2.130246310100886442e-01 5.112395377047457756e-05
0.000000000000000000e+00 1.310621424954286907e-01 2.017189530744457893e-01 3.616587409174802133e-05
0.000000000000000000e+00 1.121047351206081316e-01 1.769198336658654447e-01 2.199848555765147461e-04
0.000000000000000000e+00 1.119259120569736504e-01 1.737565906416933259e-01 3.275008478629675974e-04
0.000000000000000000e+00 1.921768707482993388e-01 2.722033257747543677e-01 1.114265094345273264e-03
9.900990099009901110e-03 1.205948826175134436e-01 1.880143513217535089e-01 1.979820109172694513e-04
4.807692307692307959e-03 1.110659897862278783e-01 1.862726393976394113e-01 1.475303564921067140e-04
0.000000000000000000e+00 1.211540171624205103e-01 1.955964484559255812e-01 2.455492961379125488e-04
1.402877697841726501e-01 1.085308824844155029e-01 1.850157775176976271e-01 5.183249209261003588e-05
1.186440677966101725e-01 1.069162599126279728e-01 1.743282686583735863e-01 1.826174557688639371e-04
