4.587628865979381243e-01 3.093023255813953307e-02 3.477390180878552756e-02 1.244207704690512102e-03
4.132653061224489943e-01 3.073082010582010165e-02 3.454365079365079305e-02 8.362445940426018777e-04
5.306122448979592177e-01 3.331305309734513415e-02 3.683443952802360061e-02 4.197036749260698967e-04
6.134453781512605453e-01 3.569669913419913632e-02 4.351731601731601701e-02 1.677201103861607971e-04
4.805825242718446688e-01 1.555720899470899345e-02 1.695271164021164290e-02 6.188088689923508306e-04
6.919642857142856984e-01 1.377873563218390968e-02 1.994971264367816077e-02 7.935724129722292056e-04
5.619469026548672419e-01 2.980564876957494599e-02 3.236297539149888408e-02 4.820286390798524199e-04
4.000000000000000222e-01 2.347391598915989086e-02 2.502201897018970639e-02 3.398338379221851392e-04
3.944444444444444309e-01 2.183086158192090384e-02 2.600282485875706276e-02 2.979988824936509115e-04
6.722222222222222765e-01 1.536458333333333426e-02 2.104492187499999722e-02 3.182000323543365317e-04
