4.289940828402367123e-01 9.474754793436111766e-02 2.262507211957761333e-01 1.705194667484773163e-02
1.222222222222222182e-01 9.938019652305365992e-02 1.913832199546485272e-02 1.801954792613355494e+01
1.657608695652173780e-01 1.151355614709651809e-01 4.444641624765847954e-02 8.388390140374179182e+00
1.733333333333333393e-01 9.900246913580247610e-02 3.237732426303854827e-02 1.429977025020369830e+01
0.000000000000000000e+00 4.954030096887238749e-02 2.477015048443620068e-02 3.085979544864468593e+01
2.901785714285714385e-02 8.851635892452217047e-02 9.368318756073858514e-03 1.316472705352655836e+01
2.746212121212120993e-01 8.635745207173778359e-02 4.892462035319178337e-02 1.519641155785497943e+01
1.052631578947368363e-01 9.784287558723649136e-02 1.191897492649372260e-02 4.847198593091897934e+00
1.018518518518518462e-01 5.097505668934240730e-02 1.588981271520953711e-02 3.011272581059851916e+01
0.000000000000000000e+00 6.009070294784579769e-02 2.757369614512471603e-02 7.112544255779347679e+00
