2.014925373134328346e-01 8.395082945458885726e-02 1.594156820622986137e-01 1.011052900301227275e+01
1.286307053941908585e-01 6.778592343086101146e-02 8.485216740417848846e-02 1.519908224093584614e+01
6.308411214953270341e-02 8.060003488574916941e-02 1.011467444120505293e-01 8.867445501632730043e+00
2.760180995475113308e-01 7.882865966899581245e-02 5.666923179528221555e-02 1.688945197217609007e+01
1.656626506024096446e-01 7.188044695789962135e-02 3.056142939103353301e-02 2.139856992253438506e+01
0.000000000000000000e+00 7.017625864251630929e-02 7.124911314218939327e-03 4.663825364754166003e+01
1.750000000000000167e-02 7.461634116011996165e-02 6.704215736473800695e-03 4.326471662743859525e+01
1.379310344827586188e-01 8.858684360443683237e-02 3.876366967148107273e-02 1.609049492919587010e+01
1.781250000000000056e-01 5.674755474329035154e-02 3.186787152672013873e-02 4.805039802412368033e+01
2.061611374407582853e-01 7.558506133377046465e-02 4.054093926727316693e-02 4.545760557445839112e+01
