2.721893491124260378e-01 9.474754793436111766e-02 1.257024782299507593e-01 1.676768542599228196e-01
3.444444444444444420e-01 9.938019652305365992e-02 1.020226757369614573e-01 5.466000587744086481e-01
2.989130434782608786e-02 1.151355614709651809e-01 1.001084491767721511e-02 6.540774336983276704e+00
1.888888888888888840e-01 9.900246913580247610e-02 3.197742504409171321e-02 1.530829383857614800e+01
0.000000000000000000e+00 4.954030096887238749e-02 2.434137291280148371e-02 2.210658157918583910e+01
4.910714285714285615e-02 8.851635892452217047e-02 8.385163589245221358e-03 1.232348594990100743e+01
2.670454545454545303e-01 8.635745207173778359e-02 4.167663024805881578e-02 1.163621077302729034e+01
1.052631578947368363e-01 9.784287558723649136e-02 1.191897492649372260e-02 4.847195616926784467e+00
1.018518518518518462e-01 5.097505668934240730e-02 1.588981271520953711e-02 3.011275258042023140e+01
0.000000000000000000e+00 6.009070294784579769e-02 2.757369614512471603e-02 7.112548383300413946e+00
