2.721893491124260378e-01 9.474754793436111766e-02 1.257024782299507593e-01 1.676768542599228196e-01
4.972222222222222321e-01 9.938019652305365992e-02 1.549186192995716527e-01 6.419071718497213475e-01
4.619565217391304046e-02 1.151355614709651809e-01 1.646652864044168343e-02 4.413408399150937633e+00
1.199999999999999956e-01 9.900246913580247610e-02 1.024741748551272480e-01 2.829138241726172254e+01
0.000000000000000000e+00 4.954030096887238749e-02 2.470418470418470416e-02 2.533394587330667136e+01
2.232142857142857262e-01 8.851635892452217047e-02 2.973453190800129375e-01 1.178872149640091038e+02
3.674242424242424310e-01 8.635745207173778359e-02 9.048168762454475433e-02 1.922859523801773918e+01
5.000000000000000000e-01 9.784287558723649136e-02 1.832668250713363201e-01 7.913058282903052465e+00
3.240740740740740700e-01 5.097505668934240730e-02 2.401746871588140986e-01 8.628316875601598213e+00
5.000000000000000000e-01 6.009070294784579769e-02 2.514285714285713902e-01 1.172395310574219363e-01
