1.000000000000000000e+00 1.593449419568822301e-01 1.887672747374240234e-01 1.938270280911859062e-03
1.000000000000000000e+00 1.433517750115260447e-01 2.024504379898570405e-01 1.960007725061024830e-03
1.000000000000000000e+00 1.675194704049844108e-01 2.386176012461059537e-01 1.256886103684779973e-03
1.000000000000000000e+00 1.375050276520864700e-01 1.370827048768225309e-01 1.759474797156797840e-03
1.000000000000000000e+00 1.245046854082998700e-01 1.638604417670682933e-01 1.959905430652008045e-03
9.754601226993865337e-01 1.250153374233129167e-01 1.900800954328561998e-01 2.263079378551791782e-03
1.000000000000000000e+00 1.194180555555555412e-01 1.466027777777777485e-01 1.568883091485290780e-03
1.000000000000000000e+00 1.475041050903120043e-01 1.924794745484400826e-01 3.711168218558739181e-03
1.000000000000000000e+00 9.213984674329502023e-02 1.574923371647509729e-01 1.907949042453569669e-03
1.000000000000000000e+00 1.064222222222222375e-01 1.504583333333333328e-01 1.730912443528681696e-03
