1.393034825870646809e-01 8.395082945458885726e-02 4.679508294545889346e-02 1.199616401446582659e+00
0.000000000000000000e+00 6.778592343086101146e-02 6.076216894524800322e-03 1.808577481278672394e+01
5.140186915887850344e-02 8.060003488574916941e-02 1.447459569908549591e-02 3.493195654689204677e+00
4.524886877828054321e-01 7.882865966899581245e-02 9.275997578518586917e-02 2.398683634008548538e+01
1.656626506024096446e-01 7.188044695789962135e-02 4.579078217632434611e-02 1.134555748434661382e+01
2.668711656441717928e-01 7.017625864251630929e-02 4.494414534730047789e-02 1.531598455672538250e+01
3.474999999999999756e-01 7.461634116011996165e-02 8.613659083705167696e-02 9.490668472580683357e+00
2.315270935960591081e-01 8.858684360443683237e-02 3.205433240619728896e-02 8.803961467558494292e+00
4.968750000000000111e-01 5.674755474329035154e-02 1.045520695840525260e-01 2.484271180690121383e+01
2.061611374407582853e-01 7.558506133377046465e-02 4.054093926727316693e-02 4.549032862831218438e+01
