1.393034825870646809e-01 8.395082945458885726e-02 4.679508294545889346e-02 1.199616401446582659e+00
0.000000000000000000e+00 6.778592343086101146e-02 6.076216894524800322e-03 1.808577481278672394e+01
5.140186915887850344e-02 8.060003488574916941e-02 1.447459569908549591e-02 3.493195654689204677e+00
4.502262443438914130e-01 7.882865966899581245e-02 8.822236586942468206e-02 2.287698477870816660e+01
0.000000000000000000e+00 7.188044695789962135e-02 7.992787476436358576e-03 2.218366451481297474e+01
9.815950920245399003e-02 7.017625864251630929e-02 6.097686518370128150e-02 1.599974348131475743e+01
1.750000000000000167e-02 7.461634116011996165e-02 6.704215736473800695e-03 4.324406667046157793e+01
1.921182266009852091e-01 8.858684360443683237e-02 3.041363671905544103e-02 1.191632173056097699e+01
2.312500000000000111e-01 5.674755474329035154e-02 2.130030121501336540e-02 7.662858379974875511e+00
3.270142180094786633e-01 7.558506133377046465e-02 1.660410348878506998e-02 1.990086929853235276e+01
