1.492537313432835688e-01 8.395082945458885726e-02 6.183649600190953277e-02 5.966683734985453111e-04
2.261410788381742754e-01 6.778592343086101146e-02 5.612839310481473193e-02 3.851012548477837703e-04
2.733644859813084138e-01 8.060003488574916941e-02 7.879993022850166617e-02 2.159386483815084142e-04
3.144796380090497667e-01 7.882865966899581245e-02 7.747919680692791355e-02 2.034065185386806052e-04
3.222891566265060348e-01 7.188044695789962135e-02 8.307515777395295398e-02 1.033735328665901009e-04
3.742331288343558326e-01 7.017625864251630929e-02 8.715273430435568902e-02 8.723530091358029550e-05
2.999999999999999889e-01 7.461634116011996165e-02 1.201024065540194641e-01 1.371012535164933417e-05
2.733990147783251223e-01 8.858684360443683237e-02 1.780047585536677912e-01 1.059064570717186478e-04
3.593750000000000000e-01 5.674755474329035154e-02 1.734998477002741568e-01 8.954078751166155738e-06
3.270142180094786633e-01 7.558506133377046465e-02 2.078998989153894583e-01 1.215409650752573848e-04
