1.592039800995024845e-01 1.136563675749629465e-01 9.024740622505984800e-02 2.260753773152355834e-03
2.116182572614107860e-01 1.017498914459400855e-01 1.473729917498914355e-02 7.816110080077844080e-02
2.920560747663551449e-01 1.156248566842467268e-01 1.682182985553772395e-02 6.785761864030045998e-02
1.357466063348416324e-02 1.091737182677949142e-01 1.014932802389248434e-02 1.920092347395239429e-01
0.000000000000000000e+00 1.005687520910003435e-01 1.096018735362997917e-02 1.577595311182585780e-01
6.134969325153374377e-03 9.650627223366410601e-02 8.732447107283278567e-03 2.946509816283909844e-01
0.000000000000000000e+00 1.065365276545400669e-01 1.388938183969239994e-02 2.628411775689094565e-01
0.000000000000000000e+00 1.251992225461613373e-01 1.737609329446064207e-02 1.290506206575883219e-01
0.000000000000000000e+00 8.502164502164502591e-02 6.224695938981653076e-02 4.062189949165205261e-01
4.502369668246445494e-02 1.038311048557354066e-01 9.463194933145671617e-02 3.360913722431786432e-01
