1.716417910447761153e-01 1.136563675749629465e-01 9.457074449891690604e-02 5.698081316010661888e-03
3.112033195020746934e-01 1.017498914459400855e-01 3.492835432045158367e-02 1.057996968315041628e-02
3.154205607476635587e-01 1.156248566842467268e-01 7.195138729649162845e-02 2.690139125674661136e-04
1.402714932126696845e-01 1.091737182677949142e-01 7.876057740169238597e-02 5.247759051556244794e-03
1.716867469879518049e-01 1.005687520910003435e-01 2.400133824021411996e-02 7.524330446861390853e-02
2.668711656441717928e-01 9.650627223366410601e-02 1.306871372402171848e-02 7.150138546593747153e-03
1.600000000000000033e-01 1.065365276545400669e-01 1.610174504584442612e-02 7.148688604270549661e-03
6.650246305418719417e-02 1.251992225461613373e-01 4.448007774538386555e-02 1.926329066147436115e-03
2.124999999999999944e-01 8.502164502164502591e-02 2.506699649556792461e-02 2.142885960991611910e-02
1.066350710900473980e-01 1.038311048557354066e-01 1.052779732582688130e-02 7.824332522605106921e-02
