1.691542288557214002e-01 1.136563675749629465e-01 8.669935013111387812e-02 7.286501079599443272e-04
3.112033195020746934e-01 1.017498914459400855e-01 8.372123317412070997e-02 4.091088941670969060e-04
6.845794392523364413e-01 1.156248566842467268e-01 1.176473285943590713e-01 2.565060705213705883e-01
5.000000000000000000e-01 1.091737182677949142e-01 1.587356893977102945e-02 1.688809575958435949e-01
5.000000000000000000e-01 1.005687520910003435e-01 1.959852793576446692e-02 1.883428610663915037e-01
5.000000000000000000e-01 9.650627223366410601e-02 2.104474817449915672e-02 2.664222224818430518e-01
5.000000000000000000e-01 1.065365276545400669e-01 1.884649511978704617e-02 3.068154696572555906e-01
5.000000000000000000e-01 1.251992225461613373e-01 3.162293488824100690e-02 1.699328327518970505e-01
5.000000000000000000e-01 8.502164502164502591e-02 1.128839414553700279e-02 3.766241149047355186e-01
4.052132701421801153e-01 1.038311048557354066e-01 1.343842364532019801e-02 3.587074347058092361e-01
