6.616915422885571996e-01 8.395082945458885726e-02 1.330659983291562487e-01 7.838963325197538268e+01
5.269709543568464882e-01 6.778592343086101146e-02 1.175298857407040543e-01 7.234975509890941225e+01
5.000000000000000000e-01 8.060003488574916941e-02 1.164406568488201288e-01 7.001212224528710237e+01
6.787330316742081759e-01 7.882865966899581245e-02 1.605713054452550526e-01 8.764711179382960893e+01
7.228915662650602370e-01 7.188044695789962135e-02 1.603715542441876418e-01 8.494501184193602228e+01
7.055214723926380715e-01 7.017625864251630929e-02 1.362903607250671445e-01 8.710672841933174482e+01
8.575000000000000400e-01 7.461634116011996165e-02 1.659571355423890282e-01 8.780082110831347109e+01
9.532019704433497553e-01 8.858684360443683237e-02 1.983722618768361257e-01 8.936902105949170050e+01
7.781249999999999556e-01 5.674755474329035154e-02 1.963488679053710939e-01 9.366997395744577659e+01
9.075829383886255819e-01 7.558506133377046465e-02 2.602628199874327808e-01 9.807786404420640736e+01
