1.568047337278106468e-01 9.474754793436111766e-02 2.252309839123026181e-01 1.568641451228460548e+00
4.249999999999999889e-01 9.938019652305365992e-02 7.228017132779038234e-02 5.132580234503659328e-02
7.065217391304347283e-02 1.151355614709651809e-01 6.890663511781525141e-02 2.365761450050897149e-02
4.822222222222222188e-01 9.900246913580247610e-02 1.322682791635172439e-01 3.159462168559434847e-01
5.000000000000000000e-01 4.954030096887238749e-02 2.254380540094825802e-01 2.259821938634883690e-09
3.928571428571428492e-01 8.851635892452217047e-02 2.277146096533851638e-01 1.651188896006354989e+00
3.901515151515151381e-01 8.635745207173778359e-02 2.203999175427746871e-01 4.786548874631195716e+00
3.373205741626794096e-01 9.784287558723649136e-02 1.819058468682528684e-01 6.712125388724228259e-01
5.000000000000000000e-01 5.097505668934240730e-02 1.167447719828672154e-01 3.239258700046400818e+00
5.000000000000000000e-01 6.009070294784579769e-02 8.725623582766439679e-02 7.239264273852648269e-04
