1.716417910447761153e-01 1.136563675749629465e-01 9.457074449891690604e-02 5.698081316010661888e-03
3.112033195020746934e-01 1.017498914459400855e-01 3.492835432045158367e-02 1.057996968315041628e-02
3.411214953271027861e-01 1.156248566842467268e-01 8.631965145608803958e-02 1.556792064334448127e-03
3.393665158371040463e-02 1.091737182677949142e-01 5.791438526630163924e-02 5.173975487877933155e-01
3.313253012048193030e-02 1.005687520910003435e-01 2.919371027099364191e-02 2.994949382220860601e-01
5.828220858895705181e-02 9.650627223366410601e-02 2.269986893840104242e-02 2.414552399591741172e-01
6.750000000000000444e-02 1.065365276545400669e-01 2.112392783200236351e-02 2.329159735183534974e-01
2.463054187192118254e-03 1.251992225461613373e-01 4.548590864917395615e-02 8.098572668937592534e-01
7.812500000000000000e-02 8.502164502164502591e-02 2.189239332096474741e-02 4.144909703976559223e-01
7.109004739336492740e-02 1.038311048557354066e-01 1.468261787473609976e-02 6.743378472836015769e-01
