13.23883010
13.28593920
13.31059230
13.34360270
13.38655650
13.40869960
13.43968040
13.48372870
13.50658840
13.53751780
13.58454020
13.60563670
13.63882820
13.67183640
13.70457250
13.73883700
13.78260250
13.81543030
13.83884650
13.88462260
13.91641690
13.93883120
13.98262640
14.00485640
14.03968920
14.08296810
14.10576260
14.13981590
14.18264580
14.20484210
14.23858680
14.28352650
14.31638340
14.33883450
14.38461240
14.41642740
14.43983440
14.48257260
14.50684250
14.53968680
14.58257930
14.61659820
14.63884690
14.68267610
14.70583400
14.73883400
14.78349190
14.81643440
14.83886580
14.88352680
14.91645670
14.93864250
14.98443480
15.01648620
15.03884430
15.08354150
15.11637780
15.14083340
15.18358230
15.21643610
15.23882770
15.28364150
15.30571610
15.33882070
15.38343860
15.41638970
15.43857390
15.48365970
15.51656390
15.53884140
15.58365120
15.60570880
15.63864310
15.68362860
15.71743210
15.73864460
15.78363070
15.81540520
15.83884070
15.88354570
15.91545620
15.93895800
15.98244310
16.01560810
16.03881650
16.08245510
16.11643890
16.13861000
16.18253380
16.21745560
16.23859980
16.28353570
16.31559180
16.34083370
16.38342910
16.41539710
16.43778880
16.48251500
16.51637050
16.53864940
16.58272770
16.61744120
16.63858810
16.68445990
16.71653260
16.73884700
16.78364230
16.81739360
16.83864310
16.88249310
16.91647390
16.93863830
16.98361440
17.01747240
17.04083290
17.08446120
17.10662210
17.13973550
17.18252510
17.20680190
17.24941240
17.28367090
17.30658150
17.33882390
17.38446890
17.40577350
17.43886930
17.48382210
17.51715550
17.54084230
17.58492700
17.60813810
17.63974200
17.67183740
17.71768730
17.73985730
17.78501870
17.80765680
17.84083730
17.88460630
17.90660880
17.93752360
17.98260590
18.00459980
18.03882040
18.08242370
18.10454550
18.13883080
18.18238240
18.20489000
18.23885610
18.28254150
18.30484580
18.33884800
18.37282610
18.40486680
18.43884100
18.48397060
18.50763030
18.53864530
18.57384090
18.60459320
18.63883990
18.68254540
18.71666780
18.73884460
18.78365560
18.81651760
18.84948670
18.88354520
18.91759930
18.93975770
18.98261780
19.01640680
19.04084620
19.08364060
19.11655030
19.13883610
19.18258160
19.21759210
19.23968100
19.28259080
19.31738900
19.35151780
19.38354440
19.41647260
19.43885590
19.48365210
19.51771700
19.53971350
19.58266100
19.61559980
19.63863370
19.68260210
19.70583450
19.73882900
19.78246220
19.81567300
19.83883200
19.88277180
19.90681550
19.94077870
19.98344030
20.01755210
20.03968370
20.08361880
20.10571080
20.15049670
20.18441870
20.20563630
20.23883580
20.28352050
20.31641950
20.34083460
20.38363610
20.41554520
20.44083400
20.48555060
20.50761450
20.53975690
20.58370900
20.61652690
20.63883560
20.68261650
20.70484950
20.73779780
20.78248580
20.81764780
20.84942360
20.88269590
20.91559210
20.93882090
20.98253970
21.01668720
21.03883480
21.08256090
21.11560100
21.13883450
21.18360950
21.21650130
21.23886180
21.28448080
21.30761670
21.35046250
21.38255330
21.41651790
21.43884410
21.48252340
21.50489670
21.53858740
21.58268100
21.60584590
21.63882350
21.68362250
21.71544320
21.73987680
21.78461730
21.80665840
21.83988500
21.88459220
21.91743260
21.93986700
21.98263250
22.01661670
22.03882120
22.08266720
22.11661810
22.15146320
22.18231940
22.21649590
22.23858540
22.28364310
22.31740030
22.33983260
22.38362320
22.41648130
22.43862930
22.48261120
22.51650620
22.53882290
22.58358760
22.61654200
22.63884830
22.68381500
22.71857710
22.74164080
22.78349800
22.81653080
22.83864720
22.88264150
22.91738580
22.93969470
22.98256530
23.01751360
23.03858500
23.08468590
23.11643650
23.13883390
23.18351860
23.21638470
23.23989170
23.28253400
23.31736850
23.33967660
23.38253130
23.41662560
23.43884590
23.48260210
23.51550800
23.53885740
23.58266230
23.61649280
23.63865130
23.68264140
23.71642290
23.73968310
23.78441630
23.81750960
23.83856740
23.88266400
23.90687200
23.93959800
23.98259260
24.01568570
24.03751580
24.08368920
24.11664160
24.13862610
24.18441290
24.21540880
24.23884220
24.28264300
24.31663670
24.34084470
24.38266190
24.41651500
24.43864930
24.48257610
24.51642290
24.53862840
24.58264570
24.61667450
24.63884050
24.68463110
24.71640330
24.73884560
24.78363830
24.81635230
24.83881900
24.88368610
24.91541450
24.93886820
24.98361380
25.01650880
25.03883690
25.08258410
25.11564310
25.13886000
25.18271200
25.20562820
25.23882490
25.28348680
25.31634000
25.33984750
25.38249530
25.41547130
25.43779150
25.48453530
25.51748730
25.53975230
25.58374870
25.61657080
25.63981030
25.68362640
25.71646180
25.73883230
25.78355230
25.80460230
25.83884100
25.88377670
25.91641060
25.93858880
25.98448560
26.00667010
26.03882800
26.07211360
26.11556990
26.13787200
26.18364780
26.20464170
26.23754690
26.28260520
26.30484810
26.33779440
26.38267720
26.40571420
26.43778660
26.48267400
26.50454400
26.53779590
26.58252110
26.60484700
26.63779090
26.67184440
26.70487020
26.73885890
26.77187190
26.80488370
26.83882380
26.88359030
26.90662420
26.93863070
26.98262280
27.00486790
27.03884520
27.07184620
27.10485160
27.13883570
27.17184080
27.21557590
27.23889610
27.28260540
27.30453540
27.33984700
27.38368130
27.40462040
27.43884270
27.48364820
27.51663640
27.53973770
27.58253250
27.60485350
27.63882490
27.68258850
27.71640270
27.73979200
27.78361330
27.81741510
27.83968930
27.88379680
27.90686740
27.93884890
27.98256370
28.00585680
28.03981580
28.08254690
28.10571990
28.13883250
28.18252720
28.21668210
28.24081450
28.28350750
28.30680920
28.33883660
28.38365490
28.40574290
28.43985130
28.48247160
28.50571110
28.53882500
28.58368040
28.61638370
28.64083610
28.67383500
28.70584190
28.73779040
28.78253890
28.80584020
28.83882090
28.87185480
28.90662060
28.93882980
28.98264640
29.01644400
29.03883950
29.08275620
29.11667870
29.13856880
29.18368400
29.21640350
29.23882200
29.28265010
29.30658420
29.33864930
29.38267670
29.41542250
29.43885750
29.48358550
29.51636190
29.54083560
29.58358240
29.61750800
29.63865680
29.68446920
29.71631950
29.73882610
29.78344890
29.81647510
29.83883600
29.88367910
29.90459280
29.93780170
29.98250440
30.00485140
30.03886420
30.08352050
30.11643520
30.13971130
30.18264540
30.20487900
30.23885050
30.28271670
30.31757630
30.33855210
30.38260720
30.40485080
30.43883870
30.48465550
30.50759710
30.53969220
30.58285030
30.61552720
30.63779170
30.68349010
30.71548590
30.73887920
30.78261060
30.81742140
30.84956730
30.88247510
30.91650330
30.93881800
30.98456820
31.01643190
31.03884650
31.08367280
31.11644610
31.13886420
31.18357130
31.21739030
31.23864510
31.28260320
31.30455580
31.33779090
31.38248100
31.40489150
31.43884560
31.48378380
31.50461970
31.53885520
31.58372220
31.60459220
31.63883210
31.67384090
31.70576800
31.73881960
31.78435840
31.80569630
31.83883330
31.87186350
31.90683630
31.93883950
31.98262720
32.01549680
32.03882810
32.08262170
32.10452510
32.13884050
32.18258550
32.21554080
32.23884690
32.28260450
32.30583540
32.33884900
32.37182930
32.40585540
32.43881650
32.48358280
32.50662720
32.54951190
32.58365910
32.60573070
32.63883990
32.67183760
32.71666950
32.73750800
32.78267290
32.81562080
32.83882310
32.88365090
32.91643850
32.94083540
32.98239930
33.00484880
33.03884200
33.07185390
33.10484700
33.13679140
33.17183920
33.20486080
33.23754450
33.28263120
33.30452740
33.33882380
33.38249150
33.40684310
33.43884730
33.47183390
33.50485840
33.53884770
33.58256260
33.60486380
33.63752480
33.67272000
33.70456460
33.74943150
33.78267230
33.80572250
33.83883860
33.87183890
33.90683620
33.93857930
33.97184010
34.00584430
34.03883790
34.08268830
34.10454920
34.13750200
34.18435350
34.20581710
34.23884620
34.27191720
34.30485510
34.33778900
34.38340900
34.40564350
34.43862270
34.48266970
34.50577560
34.53882210
34.58348080
34.60571930
34.63883940
34.68455250
34.70564040
34.73885940
34.78259320
34.80583930
34.83751290
34.87187270
34.90453260
34.93882550
34.98346540
35.00683210
35.04084690
35.08262450
35.10484340
35.13678780
35.18260600
35.20485480
35.23881920
35.28247960
35.30453460
35.33882670
35.38349030
35.40459960
35.43887000
35.48251800
35.50485010
35.53884700
35.58252450
35.60486990
35.63882310
35.67184810
35.70574250
35.73887810
35.78369020
35.80683250
35.83883470
35.87185460
35.90484770
35.93886120
35.97384220
36.00460430
36.03779020
36.07185170
36.10660660
36.13969420
36.18431100
36.20574900
36.23884570
36.27184390
36.30485100
36.33985040
36.38254820
36.40485990
36.43884030
36.48262640
36.50452280
36.53882520
36.58359250
36.60572560
36.63884880
36.67385080
36.70570300
36.73779800
36.77281200
36.80464400
36.83984570
36.88268460
36.90571990
36.93986160
36.98244640
37.00585200
37.03883840
37.07185030
37.10485050
37.13886320
37.18252790
37.20486480
37.23882570
37.28251510
37.30453380
37.33882890
37.38240980
37.40460200
37.43885550
37.48250310
37.50488180
37.53885240
37.57384060
37.60583350
37.63751020
37.67184170
37.70441800
37.73882880
37.78261820
37.80491130
37.83883530
37.88252550
37.91663410
37.93860450
37.98357130
38.00465660
38.03884680
38.07185480
38.10454220
38.13984310
38.17183000
38.21653490
38.23988600
38.28364410
38.30458450
38.33884890
38.38365210
38.40457950
38.43884680
38.48366990
38.51642070
38.55168720
38.58439940
38.61747360
38.63983690
38.68355030
38.71646890
38.73981870
38.77383670
38.80684020
38.85039110
38.88250350
38.91561720
38.93863360
38.97269800
39.01768010
39.03967030
39.07187630
