0.03470470
0.05839990
0.09959860
0.13457300
0.16594670
0.19107240
0.23479750
0.25630840
0.29024850
0.32415050
0.36704350
0.38945920
0.43250800
0.45492010
0.49019620
0.52280370
0.55728530
0.58937840
0.62047770
0.65129490
0.68733640
0.71837680
0.75150010
0.78632740
0.81926590
0.86216060
0.88411050
0.91940390
0.95024710
0.98441700
1.01873170
1.06324600
1.08543230
1.11767920
1.15043670
1.18479070
1.22024390
1.25175030
1.28647360
1.31861250
1.36400100
1.38433100
1.41940400
1.45025070
1.48418500
1.51925350
1.56328940
1.58551120
1.62946620
1.65132680
1.68565660
1.71844850
1.75145040
1.78648940
1.81876680
1.86320570
1.88477820
1.91752960
1.95146040
1.98325770
2.01770610
2.05341040
2.08612860
2.11983710
2.16349690
2.18544000
2.21779270
2.25010460
2.28328490
2.31739700
2.36365070
2.38301710
2.42941080
2.45269600
2.48613000
2.51900880
2.56304210
2.58481360
2.61854760
2.66330730
2.68536070
2.76253800
2.78546680
2.81846930
2.86283600
2.88686400
2.91707350
2.95126710
2.98329850
3.01854610
3.05258110
3.08459770
3.11940720
3.16456430
3.18538050
3.22967860
3.25145550
3.28543310
3.31858670
3.36198400
3.38429030
3.41857620
3.46239210
3.48326220
3.51742360
3.55033340
3.58332170
3.61632500
3.65269450
3.68638190
3.71951970
3.76403450
3.78401960
3.81744660
3.85127160
3.88466110
3.91708860
3.95242010
3.98545190
4.01834330
4.05160410
4.08453750
4.11833550
4.15138630
4.18404600
4.21899600
4.25130480
4.28456920
4.31839770
4.36389000
4.38645720
4.41739130
4.46240010
4.48428090
4.51745250
4.55125460
4.58224790
4.61742260
4.65046930
4.68231270
4.71638470
4.75141740
4.78325390
4.82035470
4.85452190
4.88546130
4.91767460
4.96483150
4.98555540
5.01762270
5.06229420
5.08334050
5.11928870
5.15027440
5.18227250
5.21758810
5.25133570
5.28464890
5.31832550
5.35148610
5.38530550
5.41730650
5.46423650
5.48638780
5.53013990
5.56231890
5.58456730
5.62882260
5.65135120
5.68545130
5.71878590
5.75140830
5.78457900
5.82873550
5.85050410
5.88531820
5.91746330
5.95049560
5.98439070
6.01763150
6.05033710
6.08423080
6.11830480
6.14992740
6.18544110
6.21713780
6.25147830
6.28533600
6.31844870
6.36217510
6.38338620
6.41757000
6.46571720
6.48985000
6.52132660
6.55319890
6.58635980
6.61892540
6.65129330
6.68326790
6.71845170
6.76326670
6.78546400
6.81852310
6.85227390
6.88419320
6.92921750
6.95130480
6.98428390
7.03036140
7.06225560
7.08328860
7.11874270
7.15130090
7.18536220
7.23122770
7.25260540
7.28694370
7.31876720
7.35127960
7.38448710
7.41716550
7.45039210
7.48535950
7.51932730
7.55136650
7.58440100
7.61831420
7.65006280
7.68644750
7.72078080
7.75147000
7.78671920
7.82097220
7.86313080
7.88430450
7.91738320
7.96334550
7.98532550
8.01736630
8.06284500
8.08632520
8.13036150
8.15001450
8.18326920
8.22967840
8.25178740
8.28430930
8.32921290
8.36285030
8.38406910
8.42885010
8.46410720
8.48634970
8.52943920
8.56249420
8.58435350
8.61933040
8.66273050
8.68326810
8.71961030
8.75132660
8.78319480
8.82955630
8.85228800
8.88526140
8.91826110
8.96235650
8.98466930
9.01839690
9.05049230
9.08330460
9.11739370
9.15131220
9.18459220
9.21737150
9.25003730
9.28548840
9.33156170
9.35227780
9.38406630
9.41756410
9.46319710
9.48429380
9.51753910
9.56227800
9.58484890
9.61974270
9.65234330
9.68483420
9.71932140
9.75123230
9.78531990
9.82927300
9.86290620
9.88458490
9.92934040
9.95230410
9.98407550
10.03170360
10.06447150
10.08670380
10.11852990
10.15231720
10.18439880
10.21935290
10.25595230
10.28839520
10.33069610
10.35228380
10.38632360
10.43121230
10.46368920
10.48625030
10.53085930
10.55125290
10.58441180
10.62890620
10.66377220
10.68631550
10.72971210
10.76281060
10.78637620
10.81756080
10.85131180
10.88449230
10.92947970
10.96368430
10.98408020
11.02993040
11.05129070
11.08447980
11.11934010
11.15003710
11.18328740
11.23075570
11.25159420
11.28574240
11.31840170
11.36279470
11.38635350
11.41850780
11.45120910
11.48414540
11.52954020
11.56403920
11.58423720
11.61739760
11.65009330
11.68631590
11.71843890
11.75141870
11.78443650
11.81712660
11.86222930
11.88630900
11.93013790
11.95231600
11.98449170
12.01842470
12.05133520
12.08571500
12.13149940
12.15390360
12.18695870
12.23113380
12.25190300
12.28478160
12.31980890
12.35190170
12.38586210
12.41678760
12.45191710
12.48508190
12.51928960
12.55088370
12.58496260
12.63144320
12.65188770
12.68284000
12.71790840
12.75231740
12.78286000
12.81887680
12.85218500
12.88499810
12.91786000
12.96525390
12.98598360
13.01931810
13.05312300
13.08518870
13.11682860
13.14979040
13.18497860
13.21801600
13.25190810
13.28488640
13.31792440
13.35195400
13.38585990
13.41778030
13.44980440
13.48371890
13.51683090
13.55092780
13.58356210
13.61799980
13.65070180
13.68596410
13.71784090
13.75300530
13.78362710
13.81790310
13.85088470
13.88480500
13.91789270
13.94987380
13.98382630
14.01886260
14.05192130
14.08357630
14.11793350
14.15085870
14.18284120
14.23030620
14.25103830
14.28284560
14.31996230
14.35090680
14.38485170
14.41758450
14.45073470
14.48463650
14.53052260
14.55157540
14.58442340
14.63040050
14.65134480
14.68435010
14.71711020
14.75169390
14.78472790
14.83188390
14.85334800
14.88426490
14.91938710
14.96221710
14.98551100
15.01775150
15.05040450
15.08331180
15.11744530
15.15047710
15.18446830
15.21759690
15.25055870
15.28545070
15.31839230
15.36161350
15.38441470
15.41741320
15.45034110
15.48396630
15.51749540
15.55144590
15.58327690
15.63049720
15.65228160
15.68636590
15.73027010
15.76482020
15.78544160
15.81930130
15.85129720
15.88458900
15.91837910
15.95237060
15.98448460
16.01747910
16.06253440
16.08635590
16.11852290
16.15133730
16.18451750
16.21938810
16.25209220
16.28495240
16.31776010
16.35280560
16.38492260
16.41894430
16.45098200
16.48578540
16.51812350
16.55133720
16.58367830
16.61790040
16.65086060
16.68390730
16.71813180
16.74992120
16.78482790
16.81687440
16.85087560
16.88502050
16.91688920
16.95090960
16.98486010
17.01797690
17.05001880
17.08500600
17.11813110
17.15104290
17.18293330
17.21692780
17.25272740
17.28590400
17.31698760
17.35067020
17.38486940
17.41702930
17.44988090
17.48485220
17.51721720
17.55004510
17.58492220
17.61694230
17.66270690
17.68524680
17.71895100
17.76503960
17.78674160
17.81901130
17.84993270
17.88525660
17.91790470
17.95103790
17.98367090
18.01721090
18.06398000
18.08696200
18.11904630
18.15150170
18.18490840
18.21802960
18.25089460
18.28590340
18.31902070
18.35126210
18.38284910
18.41810260
18.45078780
18.48508750
18.53080550
18.55303710
18.58357980
18.62022610
18.66343000
18.68377500
18.71782430
18.75118800
18.78495840
18.81896590
18.86199890
18.88373290
18.93088270
18.95076880
18.98296510
19.01793170
19.05196250
19.08389630
19.11995450
19.15295550
19.18495100
19.23050940
19.25131240
19.28609810
19.33017990
19.35306030
19.38359460
19.41821170
19.45191490
19.48374540
19.51690940
19.55041770
19.58362860
19.61797680
19.65085630
19.68572160
19.73025110
19.75241140
19.78603610
19.81842620
19.85084680
19.88388570
19.91913440
19.95119040
19.98284270
20.02997340
20.06288110
20.08350770
20.11846040
20.15108760
20.18386440
20.21805130
20.25098890
20.28524080
20.31787820
20.35035170
20.38485540
20.41685030
20.46393840
20.48693260
20.52083990
20.56273260
20.58361990
20.61780810
20.65209950
20.68285810
20.71687830
20.75093700
20.78402070
20.81684810
20.85364580
20.88579560
20.91822160
20.95100490
20.98503010
21.01698200
21.05008860
21.08486880
21.11700910
21.15086020
21.18360060
21.21901180
21.25241660
21.28634740
21.31805750
21.34992690
21.38499010
21.41688150
21.45082030
21.48283580
21.51695270
21.55018020
21.58479520
21.61705770
21.65078440
21.68477140
21.71816850
21.75108300
21.78485040
21.81793270
21.86351420
21.88488410
21.91789140
21.95091120
21.98601920
22.01818840
22.05102600
22.08583680
22.11804170
22.15088650
22.18482300
22.21801210
22.26287980
22.28496820
22.31797750
22.35462920
22.38478550
22.41781900
22.45077360
22.48382600
22.51825070
22.55105200
22.58526650
22.61787390
22.65087690
22.68485340
22.71814880
22.75124290
22.78394620
22.81991470
22.86264450
22.88487730
22.91798390
22.95088270
22.98286900
23.01782940
23.05015020
23.08513900
23.11994360
23.15294660
23.18375140
23.21999740
23.25396240
23.28975730
23.32305820
23.35656820
23.38875220
23.42245000
23.45200800
23.48587810
23.51787250
23.56366460
23.58488140
23.63018300
23.65204150
23.68591700
23.76495120
23.78550300
23.81815420
23.85114740
23.88388930
23.91902190
23.96381430
23.98364390
24.01689650
24.05090050
24.08589200
24.11993150
24.15198050
24.18392100
24.21795700
24.25112360
24.28522730
24.31804950
24.35123920
24.38494330
24.41891330
24.45083410
24.48530430
24.52949680
24.55190000
24.58394050
24.61924660
24.65085870
24.68395340
24.72001180
24.75253870
24.78592310
24.81992450
24.86341730
24.88558790
24.91921080
24.95187630
24.98496650
25.01890970
25.05234290
25.08486900
25.11920400
25.15093370
25.18385430
25.21901810
25.25199490
25.28794740
25.33085430
25.35243930
25.38394360
25.41892440
25.45191030
25.48504980
25.51796210
25.55208170
25.58490930
25.61987540
25.65376240
25.68509920
25.71781920
25.75094730
25.78389150
25.81784030
25.85100540
25.88357950
25.91684720
25.96272140
25.98511080
26.01779030
26.05109970
26.08608270
26.11892080
26.15203130
26.18490740
26.21805190
26.25322490
26.28510350
26.31889930
26.36377990
26.38498460
26.41789610
26.46222270
26.48501130
26.52991410
26.55082540
26.58490550
26.61785390
26.64996910
26.68388960
26.71794360
26.75093580
26.78376700
26.82062060
26.85186860
26.89689490
26.93086860
26.96367520
26.98355020
27.01781560
27.04987980
27.08483960
27.11790950
27.15094430
27.18359840
27.21683220
27.25309030
27.28864970
27.32150280
27.36313410
27.38489730
27.41890580
27.45096040
27.48487920
27.51719840
27.56408620
27.58592720
27.63128160
27.65418770
27.68820670
27.73011200
27.75088110
27.78495700
27.81856250
27.85094160
27.88476330
27.91816450
27.95099360
27.98483700
28.03033130
28.05281680
28.08486450
28.11801200
28.15193560
28.18488690
28.21803490
28.25191190
28.28491400
28.31808420
28.35087290
28.38386080
28.43113660
28.45196260
28.48521420
28.52988280
28.55297920
28.58485990
28.61786300
28.65100720
28.68590030
28.71800950
28.75097270
28.78387190
28.81894100
28.85192820
28.88487780
28.91895950
28.96510180
28.98596240
29.01822220
29.05100840
29.08490680
29.11785530
29.15096590
29.18590390
29.21806580
29.25195600
29.28591620
29.33120090
29.35499900
29.38500870
29.41786510
29.46399690
29.48520930
29.51832640
29.55128960
29.58501480
29.61789200
29.66443340
29.68691070
29.71895850
29.75194680
29.78497240
29.81884250
29.85202680
29.88366660
29.91902110
29.95100020
29.98288290
30.03112030
30.05227550
30.08515780
30.13044190
30.15193700
30.18506240
30.21799740
30.25086610
30.28511450
30.31902430
30.35182780
30.38390950
30.41947440
30.45236760
30.48439050
30.53064130
30.55152560
30.58451070
30.61762430
30.66213930
30.68466350
30.73056780
30.75051300
30.78451100
30.81747980
30.85140830
30.88541050
30.91756380
30.95164910
30.98340830
31.03061510
31.06345230
31.08333930
31.11948080
31.15041520
31.18469230
31.21850830
31.26319390
31.28648890
31.31940140
31.35243540
31.38545120
31.41643540
31.44942530
31.48342350
31.53135700
31.55315480
31.58660440
31.61747110
31.66384270
31.68650360
31.71863430
31.75137870
31.78338310
31.81746030
31.85069560
31.88450800
31.91847660
31.96314060
31.98450370
32.01775490
32.05282450
32.08612370
32.11745900
32.14950130
32.18442550
32.21756560
32.25049340
32.28650290
32.32938890
32.36198190
32.38354470
32.42958090
32.45242750
32.48445360
32.51867130
32.56467030
32.58474890
32.63002260
32.65242970
32.68542980
32.71744480
32.75041470
32.78343280
32.82904960
32.85027450
32.88461420
32.91763250
32.95026770
32.98481150
33.01849480
33.05031280
33.08337800
33.11760760
33.15065670
33.18351020
33.21756890
33.25031700
33.28430490
33.31863660
33.35344650
33.38540130
33.43017580
33.45244420
33.48648850
33.51846450
33.55159060
33.58453730
33.62879950
33.65066040
33.68456770
33.71780100
33.76355430
33.78472990
33.81753780
33.85050870
33.88547400
33.93040170
33.95177840
33.98466680
34.03062800
34.05166230
34.08447860
34.13089980
34.16510960
34.18554880
34.21778880
34.25050940
34.28474130
34.31747740
34.35027470
34.38343620
34.41940330
34.46477820
34.48743570
34.51914220
34.55157220
34.58456710
34.61781710
34.66454280
34.68543060
34.71793660
34.76179020
34.78464940
34.82882870
34.85266410
34.88440620
34.91851190
34.95054390
34.98564050
35.01763050
35.05087180
35.08552720
35.11762440
35.15240970
35.22864740
35.26184410
35.28450190
35.31752120
35.35135800
35.38472130
35.41756220
35.45152500
35.48441410
35.51875810
35.55054890
35.58250440
35.61754370
35.65155790
35.68553090
35.71763660
35.75048820
35.78555170
35.82875980
35.88341610
35.91855030
35.95159880
35.98344760
36.01659660
36.05238930
36.08453870
36.11774030
36.19704510
36.22960710
36.25059150
36.28458800
36.31754140
36.35070830
36.38468040
36.41946530
36.45366890
36.48455880
36.52886510
36.55055750
36.58347400
36.61747470
36.65250800
36.68463250
36.71750920
36.75059300
36.78473060
36.81965640
36.85304620
36.88567630
36.93100310
36.95244110
36.98463210
37.03050250
37.06470970
