2.59734550
2.61964000
2.66637460
2.70036140
2.73132480
2.76622720
2.79827490
2.83230040
2.86412840
2.89737380
2.92047300
2.96417980
2.99833810
3.02051640
3.06430980
3.08861170
3.13129900
3.16335570
3.19831640
3.23027290
3.26326040
3.29738140
3.33147380
3.36419130
3.39744120
3.43149230
3.46424200
3.49842580
3.53122680
3.56323920
3.59845200
3.62047080
3.66332640
3.69829690
3.73035730
3.76336760
3.78662890
3.82160840
3.86629630
3.88747230
3.92060480
3.96570570
3.99925210
4.03230550
4.06314660
4.09836680
4.13132880
4.16436350
4.19825620
4.23122170
4.26541820
4.29817440
4.33220530
4.36618740
4.39822850
4.42054100
4.46336050
4.49918390
4.53117230
4.56535780
4.59726760
4.63129900
4.66418050
4.69830910
4.73127520
4.76427170
4.79737310
4.83027420
4.86336600
4.90024880
4.92237830
4.96418870
4.98662530
5.03039540
5.06312140
5.09744190
5.11933290
5.15362350
5.18559640
5.23219830
5.26538360
5.29843950
5.32061080
5.36433810
5.38760640
5.43031710
5.46420630
5.49834330
5.53229920
5.55346840
5.58661770
5.62161920
5.66521500
5.69824210
5.73223220
5.76622690
5.78788830
5.81859330
5.86441270
5.89834690
5.93426660
5.95638420
5.99725950
6.01962210
6.06344500
6.08661520
6.13231490
6.16531550
6.19737770
6.23121370
6.26524360
6.29932680
6.33021570
6.36421160
6.39824520
6.41931740
6.46522450
6.49722650
6.53032400
6.56312560
6.58860730
6.63137360
6.66419450
6.69836570
6.73129490
6.76538650
6.79934180
6.83335530
6.86618980
6.89922940
6.93418050
6.96527130
6.99928290
7.03225100
7.06314830
7.09729470
7.13140190
7.15346510
7.19841720
7.22160350
7.26535850
7.29724040
7.33026550
7.36338290
7.38663490
7.43042760
7.46427410
7.49726170
7.53028480
7.56634390
7.59828910
7.63145280
7.66435310
7.69747620
7.73333990
7.76422070
7.79732270
7.83123210
7.86420300
7.89927210
7.93015560
7.96335730
7.99919820
8.03134500
8.06523490
8.09749020
8.12060730
8.16436880
8.19823920
8.23127110
8.26518480
8.29818240
8.33220550
8.36412760
8.39830950
8.43049080
8.46513350
8.49726290
8.53038040
8.56640370
8.59923160
8.63221430
8.66310640
8.69926560
8.73114370
8.76423790
8.79829620
8.83042230
8.86530020
8.89942140
8.93219020
8.96521520
8.99841070
9.03131900
9.06550400
9.08759880
9.13140320
9.16427840
9.19838240
9.23027570
9.26346850
9.29729360
9.33031530
9.36522780
9.39920760
9.43226160
9.46508570
9.49831520
9.53315300
9.56421080
9.59822610
9.63030150
9.66335880
9.69936960
9.73139300
9.76536170
9.79915240
9.83021480
9.86640870
9.90023160
9.93028380
9.96324260
9.99822710
10.03042010
10.06336270
10.09925640
10.13218720
10.16722170
10.19718570
10.23128960
10.26529090
10.29724380
10.33121480
10.36523770
10.39737560
10.43040400
10.46423100
10.49832890
10.53038990
10.56435920
10.59747170
10.63278570
10.66519380
10.69920730
10.73116090
10.76523100
10.80037700
10.82338100
10.86616730
10.89818010
10.93041690
10.96630450
10.99825510
11.02161000
11.06632870
11.10015390
11.13122920
11.16327600
11.19745670
11.22161220
11.26532420
11.29729750
11.33142280
11.36532940
11.39828760
11.43135050
11.46622540
11.49827460
11.52053990
11.56436130
11.59725950
11.63229310
11.66531990
11.69830090
11.73110990
11.76339660
11.79934440
11.82049890
11.86331360
11.89732010
11.93130720
11.96339380
11.99834140
12.03137340
12.06428750
12.09840590
12.13139180
12.16334750
12.19733210
12.21961950
12.26536140
12.29835410
12.33118650
12.36535010
12.39824740
12.43128060
12.46518920
12.49727480
12.53035930
12.56424790
12.58861850
12.63141330
12.66432640
12.69832240
12.73113300
12.75351440
12.79827430
12.83027770
12.86437730
12.89918230
12.93122030
12.96528500
12.99725450
13.02161330
13.06626140
13.09933140
13.13022020
13.16510150
13.19727780
13.23126330
13.26535040
13.29729660
13.33130530
13.36408260
13.39724570
13.43049430
13.46412300
13.49736650
13.53026740
13.55261880
13.59832500
13.63123070
13.66334660
13.69736660
13.73230670
13.76531610
13.79829720
13.83031890
13.86428800
13.89830490
13.93230390
13.96520710
13.99743840
14.01931300
14.06437820
14.09845480
14.13323850
14.16521000
14.19836360
14.21931540
14.26327780
14.29736830
14.33125620
14.36541280
14.39828630
14.43228840
14.46410370
14.49843230
14.53235530
14.56528400
14.59819440
14.63131470
14.66534450
14.70023340
14.73324360
14.75541170
14.79945170
14.82140320
14.86425560
14.88761030
14.92048160
14.95538050
14.98754640
15.01859530
15.06435460
15.08762370
15.12061140
15.15461040
15.18763600
15.21930300
15.26437400
15.28760770
15.31933790
15.36440740
15.38860810
15.41963300
15.46429930
15.48744570
15.51962950
15.55361610
15.58761730
15.61962170
15.66330020
15.68761100
15.72064400
15.76426050
15.78860620
15.81937410
15.86434800
15.88860880
15.92339200
15.95638030
15.99834670
16.01931960
16.06338260
16.09725910
16.13322620
16.16530480
16.19739730
16.22053280
16.26429260
16.29827360
16.33018240
16.36338800
16.39840040
16.42047120
16.46527320
16.49728290
16.53133930
16.56324840
16.59831450
16.62160700
16.66433610
16.69843770
16.73224830
16.76624820
16.79822660
16.82160230
16.86520340
16.89725040
16.93138970
16.96523160
16.99826360
17.03024290
17.06519240
17.09713840
17.13032580
17.16435270
17.19730650
17.23029370
17.26521040
17.29839670
17.33116320
17.36423110
17.39725370
17.43125470
17.46536040
17.49725800
17.53027360
17.56318180
17.60034000
17.63116730
17.66332530
17.69831650
17.73422490
17.76632950
17.79923670
17.83124040
17.86516730
17.89826710
17.93232230
17.96512060
17.99844530
18.02160910
18.06340030
18.09737380
18.13036260
18.16341750
18.19827690
18.21963910
18.26430160
18.29827940
18.33232140
18.35349140
18.39728710
18.43038480
18.46425070
18.49724810
18.53026180
18.56323850
18.59744420
18.61962000
18.66429350
18.68765050
18.73132740
18.75231010
18.79839410
18.81932390
18.86337300
18.89733170
18.93031380
18.96335190
18.99836980
19.01931390
19.06516540
19.09928900
19.13016520
19.15360890
19.19730520
19.23024650
19.26322910
19.29736360
19.33024530
19.36443570
19.39722980
19.43141580
19.46512640
19.49827550
19.53119740
19.55230700
19.59737520
19.63040950
19.66335770
19.69831800
19.73149290
19.76427430
19.79839420
19.83028620
19.86524870
19.89822810
19.93035280
19.96435840
19.99828350
20.03037580
20.06324810
20.09948790
20.13217090
20.16520470
20.19741510
20.23033900
20.26425590
20.29829980
20.33121160
20.36538680
20.39828630
20.43027750
20.46326800
20.49843880
20.53116350
20.56537590
20.59818990
20.63052730
20.66429780
20.69724620
20.73128980
20.76416930
20.79725900
20.83128770
20.86325290
20.89831530
20.93231360
20.96429910
20.99830280
21.03035580
21.06423510
21.09839870
21.13116310
21.16426700
21.19720010
21.23028290
21.26323700
21.29839320
21.33126750
21.36518790
21.39719740
21.43040020
21.46327810
21.49737920
21.53034660
21.56340310
21.59740100
21.63036950
21.66326680
21.69825260
21.73219080
21.76528570
21.79832010
21.83241620
21.86518730
21.89831930
21.93131120
21.96418860
21.99826340
22.03128530
22.06515620
22.09729560
22.13046440
22.16330240
22.19744640
22.22061320
22.26527460
22.28861550
22.33137520
22.35348600
22.39829500
22.41931400
22.46426020
22.48630200
22.53130690
22.56415610
22.59849210
22.62060730
22.66519730
22.68630480
22.73036910
22.75463020
22.79835110
22.82162280
22.86521720
22.89733440
22.93132580
22.96415850
22.99836720
23.02061760
23.06518850
23.09844020
23.13230040
23.15349840
23.19841220
23.22161730
23.26338000
23.28661280
23.33237530
23.36438230
23.39732550
23.41963000
23.46532190
23.49727780
23.53129970
23.55347510
23.59734730
23.61962520
23.66443010
23.68660340
23.73130830
23.76336010
23.79840170
23.82161290
23.86524600
23.88860760
23.93220520
23.95347850
23.99730030
24.02161030
24.06444880
24.09726970
24.13034160
24.16334350
24.19824350
24.23046140
24.26419140
24.29927780
24.33119580
24.35230830
24.39726800
24.41962220
24.46335690
24.49729270
24.53032210
24.56326420
24.59731610
24.63040920
24.66517980
24.68760840
24.73036490
24.75461270
24.79844000
24.82161040
24.86532620
24.89926030
24.93413730
24.96621160
24.99929870
25.02137460
25.06527700
25.09719730
25.13038240
25.15262240
25.19740480
25.21962490
25.26430760
25.28861120
25.33223460
25.36412780
25.39725910
25.41963020
25.46335630
25.49743210
25.53133190
25.55360840
25.59740190
25.61930420
25.66336120
25.69737850
25.73028760
25.76429810
25.79737250
25.82161220
25.86526100
25.89726080
25.93038660
25.96322960
25.99742800
26.01961930
26.06327080
26.09750710
26.13144040
26.16438790
26.19728620
26.23029280
26.26436980
26.29724120
26.33029860
26.36323260
26.39841580
26.43020300
26.46436440
26.49724200
26.53036190
26.56313570
26.59726910
26.63044260
26.65438820
26.68660320
26.73222200
26.76426850
26.79724210
26.83043170
26.86321210
26.89838190
26.93027350
26.96341280
26.99721440
27.03140830
27.06517950
27.09728890
27.13125040
27.15362030
27.19826280
27.22049710
27.26419660
27.28763630
27.31934130
27.36425800
27.38665960
27.41859280
27.46515150
27.48749530
27.52060410
27.55231440
27.58662140
27.62052480
27.66326570
27.68663010
27.71961080
27.76340610
27.78663840
27.81964560
27.86521230
27.88861250
27.92052000
27.95261950
27.98751100
28.01961740
28.06529340
28.08747450
28.12063210
28.16326590
28.19740240
28.21962050
28.26418370
28.28662080
28.31933740
28.35230340
28.38861550
28.42061830
28.46436720
28.48761070
28.52161270
28.56419890
28.58860740
28.62048230
28.66415420
28.68659690
28.72060890
28.75360750
28.78661810
28.81932340
28.86338370
28.88761160
28.92161450
28.96509340
28.99718180
29.01961440
29.06517670
29.09835510
29.12054540
29.15360430
29.18764060
29.21963140
29.26338440
29.28761090
29.31932170
29.36426260
29.39844390
29.43132450
29.46512200
29.49831930
29.53130450
29.56510560
29.58747640
29.63142680
29.66519260
29.69741620
29.72061160
29.76437490
29.79830490
29.81962610
29.86530960
29.88743500
29.93122340
29.95230660
29.99836540
30.02050860
30.05236710
30.09728470
30.13136510
30.15349200
30.19753250
30.21962510
30.26533910
30.30023030
30.32337490
30.36524430
30.39839250
30.43132850
30.46519340
30.49931550
30.53010670
30.56333320
30.58662530
30.62160520
30.65437510
30.69834720
30.73128870
30.76317420
30.79837990
39.11962670
39.15261970
39.18660570
39.21963150
39.26429030
39.29729050
39.32161440
39.36418320
39.39726810
39.41962160
39.46327330
39.49730300
