7.142857142857142461e-02 1.509599395313680759e-02 3.101889644746787592e-02 2.373628841189448523e-04
6.578947368421052266e-02 2.424060150375939582e-02 4.452965747702589822e-02 4.222170255252186708e-04
6.235294117647058876e-01 3.523286647992530246e-02 8.525415499533146868e-02 2.458050213907722733e-04
5.000000000000000000e-01 3.001250601250601141e-02 6.941221741221742514e-02 4.466163682416522261e-04
1.000000000000000000e+00 4.444733044733045063e-02 7.373881673881674259e-02 3.490571032053545837e-04
1.000000000000000000e+00 4.169015873015873008e-02 9.085206349206348397e-02 1.804385906697900392e-04
1.000000000000000000e+00 4.599121918270854953e-02 1.036068895643363769e-01 1.405382726925359530e-04
1.000000000000000000e+00 4.114686716791979282e-02 9.558429406850460497e-02 5.817918208327770881e-05
1.000000000000000000e+00 8.666666666666664534e-03 1.434920634920635284e-02 1.121350115648121751e-08
8.245614035087719396e-01 1.240657198551935528e-02 1.865775549986076198e-02 5.814328525232184686e-05
