8.928571428571428770e-02 1.509599395313680759e-02 3.102645502645502706e-02 1.862660377890457456e-04
0.000000000000000000e+00 2.424060150375939582e-02 4.694402673350041300e-02 3.779246393793863723e-04
4.117647058823529216e-01 3.523286647992530246e-02 8.706778711484593203e-02 2.485806208467344100e-04
4.090909090909091161e-01 3.001250601250601141e-02 7.211736411736412167e-02 4.475563388324682091e-04
1.000000000000000000e+00 4.444733044733045063e-02 1.187503607503607450e-01 4.959593837353166610e-04
1.000000000000000000e+00 4.169015873015873008e-02 9.757460317460318888e-02 2.206865716073409085e-04
1.000000000000000000e+00 4.599121918270854953e-02 1.017088821344140637e-01 1.396544103189827177e-04
1.000000000000000000e+00 4.114686716791979282e-02 9.468604845446951246e-02 5.906366828098706711e-05
1.000000000000000000e+00 8.666666666666664534e-03 1.457142857142857024e-02 1.034891742234219867e-08
8.508771929824561209e-01 1.240657198551935528e-02 1.962238930659983283e-02 5.816937424648035483e-05
