2.500000000000000000e-01 2.791534391534391049e-02 3.928495842781556946e-02 1.108911408293948631e+00
1.776315789473684181e-01 3.235923141186299035e-02 9.436090225563910361e-02 3.477435874289172002e-01
5.588235294117647189e-01 4.454901960784313913e-02 8.291465919701213050e-02 3.731205652314449894e-01
5.833333333333333703e-01 3.975565175565175940e-02 7.877633477633477765e-02 1.143582999228020647e+00
9.204545454545454142e-01 6.044155844155843504e-02 8.846753246753245870e-02 1.785413774129404052e+00
9.599999999999999645e-01 5.352761904761904610e-02 7.892063492063491892e-02 1.648400163723152234e+00
9.468085106382978511e-01 6.080648429584598752e-02 1.211658223573117005e-01 3.954382568482810445e-01
6.526315789473684514e-01 5.356056808688387794e-02 3.873951545530492091e-02 1.450519537550363003e+00
1.250000000000000000e-01 3.221164021164021202e-02 3.279365079365079844e-02 1.244457663198167245e-02
0.000000000000000000e+00 3.230075187969924655e-02 8.146588693957114435e-02 2.134044539443428867e+00
