8.000000000000000444e-01 1.806733614080552608e-01 2.857453838678328806e-01 1.289858164988865497e+02
8.133333333333333526e-01 1.540176366843033773e-01 2.033406903502141538e-01 3.002272195519496378e+01
7.840909090909090606e-01 1.546842575414003884e-01 1.997540026111454814e-01 2.780871303411982609e+01
6.578947368421053099e-01 1.459440809816749951e-01 1.467877485922598757e-01 2.904969819141520304e+01
9.166666666666666297e-01 1.803241790543377576e-01 3.245485848660451533e-01 1.856511933328677912e+02
6.194690265486725300e-01 1.712359279995183947e-01 1.946421046294624091e-01 7.000404586462016709e+01
7.783251231527094083e-01 1.558462952748667085e-01 2.183420971992399984e-01 5.821509992824000790e+01
7.614942528735632044e-01 1.638622580815271845e-01 2.256288561936402315e-01 9.065921095792397466e+01
7.614213197969542657e-01 1.678565584309325287e-01 2.943787549384014324e-01 2.113509821736521488e+01
7.366863905325443662e-01 1.505411316400327437e-01 2.497604959143420733e-01 1.572241109771496426e+01
