5.384615384615384359e-01 1.577732157951937941e-01 1.898466368796039028e-01 6.500785137204047048e-01
5.250000000000000222e-01 1.624036281179138397e-01 2.170385487528344870e-01 7.199356534968744947e-01
5.326086956521739468e-01 1.789307897071872322e-01 3.672227151730257377e-01 2.175135824668667506e-01
5.377777777777777990e-01 1.751873015873015860e-01 3.100662131519274500e-01 1.297857696267954664e+00
8.181818181818182323e-01 4.207792207792208222e-02 9.625231910946197011e-02 1.514935856893571398e+01
5.133928571428570953e-01 1.463010204081632570e-01 2.538192419825073265e-01 1.099494186363738857e+00
5.151515151515151381e-01 1.441805813234384448e-01 2.464873222016079057e-01 1.392006926700260383e+00
5.215311004784688453e-01 1.437359632848354829e-01 2.165765062005663433e-01 4.642251805142308951e-01
5.277777777777777901e-01 1.576417233560090947e-01 2.389115646258503090e-01 2.375215438407134005e+00
5.000000000000000000e-01 3.571428571428571317e-03 5.612244897959183312e-03 1.398720175195110382e+00
