1.000000000000000000e+00 4.356119791666666907e-02 4.947265625000000361e-02 1.632208241157765016e+01
9.285714285714286031e-01 4.387648809523808646e-02 4.949404761904761807e-02 1.544545413612158313e+01
9.387755102040816757e-01 3.641666666666666663e-02 4.461111111111111527e-02 1.837089962384265718e+01
1.000000000000000000e+00 4.379166666666668012e-02 5.419642857142856901e-02 1.577900431736349596e+01
1.000000000000000000e+00 4.330615942028985532e-02 4.893115942028986032e-02 1.164461508768780007e+01
9.017857142857143016e-01 4.872474747474747625e-02 5.824494949494949531e-02 1.643855226573720785e+01
8.849557522123894238e-01 7.560763888888888395e-02 7.266203703703703887e-02 1.687955341500318696e+01
9.599999999999999645e-01 7.216485507246378495e-02 6.562500000000000278e-02 1.093650453342936046e+01
8.111111111111111160e-01 6.875744047619047894e-02 6.532738095238095621e-02 1.830171258279504798e+01
6.888888888888888840e-01 4.092653508771929710e-02 4.336074561403508582e-02 1.155394030833115693e+01
