1.000000000000000000e+00 4.165901134009043771e-02 5.535566647273171964e-02 2.058102808072279899e+01
1.000000000000000000e+00 4.093008781847042726e-02 3.489185423732684560e-02 2.058102808256082739e+01
1.000000000000000000e+00 3.457804690503652606e-02 2.068461194758772562e-02 2.177421204120320652e+01
1.000000000000000000e+00 5.549889950583578729e-02 1.531300593631948134e-02 1.883512198293784934e+01
1.000000000000000000e+00 1.823817762399077350e-02 2.191464821222606496e-02 2.191255880229213204e+01
1.000000000000000000e+00 5.993125264083500742e-02 2.044862790777347492e-02 1.566973860317293088e+01
1.000000000000000000e+00 4.068655177002928475e-02 1.572758628338213199e-02 1.897618616589816298e+01
1.000000000000000000e+00 5.867370016057173177e-02 2.997433113960693354e-02 1.808198466766664936e+01
8.489208633093525691e-01 3.363657980616277521e-02 2.161331496635453611e-02 1.419238177635430098e+01
8.728813559322033955e-01 4.702436807225382487e-02 1.705545129317928565e-02 1.048484798106485449e+01
