1.000000000000000000e+00 5.099290780141842866e-02 6.223404255319147510e-02 1.017602336633661097e-03
1.000000000000000000e+00 4.308019713261648787e-02 4.596326164874552783e-02 6.700864382222747329e-04
1.000000000000000000e+00 5.122977346278317218e-02 6.091154261057173114e-02 6.549469940812976390e-04
1.000000000000000000e+00 6.866858237547891763e-02 9.712643678160920446e-02 7.087416184429378482e-04
1.000000000000000000e+00 5.629830917874396184e-02 1.316183574879227214e-01 6.869455396218295375e-04
1.000000000000000000e+00 4.938840155945418975e-02 1.515399610136452524e-01 5.574184160274667709e-04
1.000000000000000000e+00 5.768070489844683013e-02 1.628225806451612800e-01 5.824861861629932304e-04
1.000000000000000000e+00 7.447728516694034073e-02 2.028639846743295061e-01 4.054281481659354077e-04
1.000000000000000000e+00 3.878640776699029263e-02 2.030366774541531305e-01 6.487012649352695863e-04
1.000000000000000000e+00 4.736111111111111077e-02 2.036686507936507906e-01 7.192365771145467403e-04
