3.711340206185567148e-01 4.356119791666666907e-02 5.919270833333332982e-02 1.140301236205297757e-03
1.326530612244898044e-01 4.387648809523808646e-02 6.144345238095236944e-02 8.465344936711152951e-04
1.632653061224489666e-01 3.641666666666666663e-02 6.347222222222220767e-02 4.184515057734767792e-04
1.764705882352941291e-01 4.379166666666668012e-02 7.876190476190476908e-02 1.645908427757043345e-04
2.330097087378640852e-01 4.330615942028985532e-02 5.062499999999999639e-02 6.243561507448401778e-04
2.589285714285714524e-01 4.872474747474747625e-02 7.602904040404041830e-02 7.997993853950272156e-04
2.300884955752212357e-01 7.560763888888888395e-02 8.585069444444443088e-02 4.564552598249845320e-04
2.500000000000000000e-01 7.216485507246378495e-02 8.112318840579711698e-02 3.081903061933537820e-04
1.444444444444444309e-01 6.875744047619047894e-02 8.494791666666665075e-02 3.560136367889534578e-04
2.777777777777777901e-01 4.092653508771929710e-02 5.854166666666666546e-02 3.132621426377363901e-04
