1.000000000000000000e+00 4.165901134009043771e-02 5.614480305396494370e-02 1.662002818608281952e-03
1.000000000000000000e+00 4.093008781847042726e-02 3.231596948622197929e-02 1.341755737157748068e-03
1.000000000000000000e+00 3.457804690503652606e-02 2.624315491962550193e-02 1.098333046046072936e-03
1.000000000000000000e+00 5.549889950583578729e-02 2.562087976043088758e-02 8.005460588666832994e-04
1.000000000000000000e+00 1.823817762399077350e-02 1.167820069204152274e-02 4.961078126204127720e-04
1.000000000000000000e+00 5.993125264083500742e-02 2.579953064510603564e-02 7.109789044120580709e-04
1.000000000000000000e+00 4.068655177002928475e-02 2.281643709520007196e-02 5.331699978712377925e-04
1.000000000000000000e+00 5.867370016057173177e-02 2.625828301332066780e-02 9.288824158718338381e-04
1.000000000000000000e+00 3.363657980616277521e-02 2.632600294090315513e-02 1.741432833883334308e-02
1.000000000000000000e+00 4.702436807225382487e-02 2.297274842140245577e-02 6.463572429393435199e-04
