1.000000000000000000e+00 1.699466551326412819e-02 5.114361921239084230e-02 2.384564777882585643e-03
1.000000000000000000e+00 3.559138438657196563e-02 7.258278698476294810e-02 1.756317099431497402e-03
1.000000000000000000e+00 4.749050139086777311e-02 5.860132980527851115e-02 1.746479994400016757e-03
1.000000000000000000e+00 4.248366013071894903e-02 4.270538429275453490e-02 1.583227458773443699e-03
1.000000000000000000e+00 5.715650230680507232e-02 5.465473288245779188e-02 4.216966723960402638e-04
1.000000000000000000e+00 6.085063437139561632e-02 6.245602652825835849e-02 6.739357199142570779e-04
1.000000000000000000e+00 6.392718226214140487e-02 6.588581928390881137e-02 3.748537143561213184e-04
1.000000000000000000e+00 5.114581436289684924e-02 5.158365203666606669e-02 7.155453525120563773e-04
1.000000000000000000e+00 1.492214532871972456e-02 2.929762591311034156e-02 1.263167030072250398e-03
1.000000000000000000e+00 1.534581840992330949e-02 3.299970659058257261e-02 7.056878427638410079e-04
