0.000000000000000000e+00 1.181066530920758285e-02 1.710321316735310959e-02 1.357048212059534993e-04
0.000000000000000000e+00 2.005950249774095251e-02 3.337339948510732734e-02 2.812859941012416337e-04
1.176470588235294101e-02 2.821014119933687794e-02 5.305055355475522122e-02 2.375173545085937550e-05
6.818181818181817677e-02 2.324704773684365539e-02 4.676600799049779322e-02 4.844591693890309638e-05
0.000000000000000000e+00 3.590202314692110541e-02 6.038813793915834283e-02 5.424770840717787816e-06
0.000000000000000000e+00 3.368448331713638083e-02 4.854940071266601598e-02 2.330273565039415242e-05
0.000000000000000000e+00 3.765481876641233600e-02 5.027121284177298033e-02 5.129018203185040027e-05
0.000000000000000000e+00 3.281946362504901266e-02 5.540381566160299670e-02 1.560335084730729812e-05
0.000000000000000000e+00 6.840513983371126171e-03 8.390022675736961630e-03 1.754308415020662702e-05
0.000000000000000000e+00 1.008416733443586247e-02 1.188572337874163956e-02 2.644198982849314618e-05
