0.000000000000000000e+00 nan nan 2.601489129690838474e-05
0.000000000000000000e+00 nan nan 2.631883273510186351e-05
0.000000000000000000e+00 nan nan 1.588231111897456639e-04
0.000000000000000000e+00 nan nan 2.330499015914978952e-04
0.000000000000000000e+00 nan nan 2.768792017028206850e-06
0.000000000000000000e+00 nan nan 1.214193230127765037e-04
0.000000000000000000e+00 nan nan 1.547964604605555489e-04
1.715686274509803932e-01 nan nan 1.922944463204338708e-04
1.798561151079136611e-01 nan nan 3.996965188200007717e-05
2.372881355932203451e-01 nan nan 1.670759299268875374e-04
