5.103092783505154273e-01 4.114035087719297712e-02 8.013421052631579389e-02 7.394653205472216939e+00
6.683673469387755306e-01 3.910311111111110932e-02 4.999911111111111917e-02 1.099687049590997745e+01
5.255102040816326259e-01 4.931714285714286494e-02 5.475809523809523766e-02 7.861754260950816864e+00
4.831932773109243739e-01 4.708464419475654611e-02 5.237752808988763858e-02 8.555306869572881112e+00
7.815533980582524132e-01 2.811877394636015312e-02 3.040383141762452793e-02 1.228816957476519711e+01
2.946428571428571508e-01 2.258323586744639608e-02 2.628226120857699716e-02 1.007953298674797971e+01
1.858407079646017812e-01 3.908269581056466463e-02 5.986083788706739878e-02 2.986543989090212037e+01
4.000000000000000083e-02 2.985281385281385313e-02 6.896709956709956568e-02 1.168056531119352570e+01
1.777777777777777846e-01 3.120639269406392732e-02 6.852968036529680229e-02 9.265066471425393857e+00
3.388888888888889062e-01 2.486851851851851897e-02 4.927407407407407430e-02 1.420599655888925383e+01
