0.000000000000000000e+00 1.509599395313680759e-02 9.720332577475435457e-03 1.155029287726219156e+00
0.000000000000000000e+00 2.424060150375939582e-02 0.000000000000000000e+00 1.543820330363942617e+00
3.882352941176470673e-01 3.523286647992530246e-02 9.204108309990662387e-03 1.828642450000043107e-01
4.545454545454545303e-01 3.001250601250601141e-02 4.329004329004329001e-04 2.348183504964553858e-01
7.443181818181817677e-01 4.444733044733045063e-02 2.341991341991342228e-03 1.477270049801404086e-04
5.000000000000000000e-01 4.169015873015873008e-02 3.851428571428571618e-03 1.501162626856278586e-04
5.000000000000000000e-01 4.599121918270854953e-02 3.030057413036136172e-03 1.195051722146050593e-04
5.000000000000000000e-01 4.114686716791979282e-02 2.772263993316625205e-03 4.780365535176235564e-05
5.000000000000000000e-01 8.666666666666664534e-03 3.809523809523809954e-03 4.663289530087117152e-07
6.052631578947368363e-01 1.240657198551935528e-02 9.305485937064884513e-03 4.811931146275210563e-05
