5.833333333333333703e-01 5.141774309911449625e-02 4.649223176498158694e-02 1.128919096452499563e-03
4.605263157894736725e-01 7.613658208381392234e-02 7.140029644468726122e-02 9.647640483684547571e-04
5.882352941176470507e-02 5.173971549404075138e-02 3.408361037609968641e-02 2.146468733958366640e-03
0.000000000000000000e+00 3.362422823800800820e-02 1.373990772779699887e-02 3.789373499419336488e-02
2.840909090909090814e-02 6.019346902259001958e-02 2.513748733669267724e-02 7.592914979377489134e-04
2.999999999999999889e-02 6.563244905805459828e-02 3.287149173394848106e-02 3.325503069066235206e-04
1.595744680851063704e-02 6.777415805704843643e-02 2.636056508544177071e-02 4.393703729982571804e-02
7.894736842105262720e-02 5.265952694250856936e-02 2.311729372776450894e-02 5.401915858995212606e-04
4.583333333333333148e-01 8.279668076380880537e-02 9.212001794181724768e-02 1.116136946403330698e-03
7.982456140350877583e-01 8.619829080583038539e-02 9.536733510053486962e-02 1.024452380446193777e-03
