2.619047619047619180e-01 1.554518866370077461e-02 2.104273081781732682e-03 6.318639279176819556e+00
0.000000000000000000e+00 2.675969768712438412e-02 0.000000000000000000e+00 9.221413710621522597e+00
6.117647058823529882e-01 3.654589863627111940e-02 1.027885202523916124e-03 9.033953172620606153e+00
6.742424242424241987e-01 2.902948166788997530e-02 1.288839956660026002e-04 4.296940059207782880e+00
8.295454545454545858e-01 4.636874803397295075e-02 2.129862640243263244e-04 2.695468963454744848e+00
5.500000000000000444e-01 4.425893886966551782e-02 2.818627450980392118e-03 3.974763782099735533e-04
1.276595744680850963e-01 4.915151292056246096e-02 2.659574468085105885e-03 5.122536341801636273e-04
5.736842105263157965e-01 4.215534511018029923e-02 1.636010441328234182e-03 2.944555422817219936e-01
1.000000000000000000e+00 8.770665128796616139e-03 1.369665513264129277e-03 6.639542145520094252e-05
7.192982456140351033e-01 1.387371253971144726e-02 9.629393553086867952e-03 2.017041796792810892e-04
