4.285714285714285476e-01 5.149347320627598035e-02 5.516479467604035875e-02 1.214901747210560101e+00
5.000000000000000000e-01 7.069712559946579600e-02 5.034753839616341875e-02 3.571680015907348515e+00
7.470588235294117752e-01 6.320080512020263830e-02 4.314064726236515462e-02 4.420662795516950183e+00
6.590909090909090606e-01 5.139995689303648169e-02 2.787462281406917833e-02 3.533913503849292148e+00
1.875000000000000000e-01 6.427324717765894868e-02 3.629777445737653735e-02 9.617751345233769211e-04
0.000000000000000000e+00 6.835928489042675249e-02 4.231497500961168418e-02 4.092819071161958523e-04
0.000000000000000000e+00 7.232130440828814233e-02 4.232874835374283301e-02 2.549528966550629913e-04
4.210526315789473589e-02 5.872437726380541623e-02 3.588498350836722556e-02 2.383478808515494699e-04
5.000000000000000000e-01 3.921568627450980338e-02 3.664055491477636456e-02 2.586788307488172123e+00
7.807017543859648967e-01 5.190985923093007631e-02 5.306916368198466571e-02 3.370053224054049557e-02
