2.731958762886597669e-01 5.361426051902242612e-02 1.565936004031242001e-01 2.789881914106357552e+00
4.234693877551020669e-01 5.243057162396326520e-02 1.133992523691260274e-01 8.697369521589726205e+00
4.438775510204081565e-01 6.118722919527749132e-02 1.277027242822011410e-01 8.514585138672295272e+00
3.361344537815126321e-01 5.936920222634509137e-02 1.442228406514120820e-01 1.588215312533794721e-01
2.766990291262135804e-01 2.695850898151952793e-02 1.119176977278607127e-01 2.674240725398606064e-02
3.125000000000000000e-01 2.676717663155276164e-02 8.652061387142760684e-02 5.258916589724569463e-02
3.230088495575221264e-01 4.475052294819736182e-02 1.290616375749266131e-01 3.984813732562523039e-03
2.750000000000000222e-01 3.667442953157238478e-02 1.060703560703560588e-01 1.291478447482080627e-02
3.111111111111111160e-01 2.674597175730961812e-02 9.083642275252251652e-02 5.436675224987411875e-02
2.500000000000000000e-01 2.602805329086680872e-02 9.044185952582897703e-02 1.020858067487312865e-01
