5.876288659793814650e-01 3.093023255813953307e-02 3.248708010335917690e-02 7.586543094470216131e-01
5.663265306122449161e-01 3.073082010582010165e-02 3.128306878306878758e-02 2.074051679251771585e-01
7.755102040816326259e-01 3.331305309734513415e-02 3.532264011799410297e-02 4.312598297082937404e-01
9.201680672268907069e-01 3.569669913419913632e-02 4.327922077922077143e-02 3.502331328825793221e-04
4.708737864077670032e-01 1.555720899470899345e-02 1.305059523809523787e-02 7.291916432709477040e-04
3.348214285714285476e-01 1.377873563218390968e-02 1.974568965517241315e-02 6.857337033724016659e-04
2.610619469026548845e-01 2.980564876957494599e-02 3.193931767337808425e-02 6.718210406344693908e+00
3.049999999999999933e-01 2.347391598915989086e-02 2.551829268292682765e-02 3.342426351050942657e+00
3.944444444444444309e-01 2.183086158192090384e-02 3.021716101694914974e-02 1.017538633192074826e+01
6.333333333333333037e-01 1.536458333333333426e-02 1.984212239583333509e-02 4.515331733800278927e-04
