4.226804123711340178e-01 3.093023255813953307e-02 3.477228682170542540e-02 9.492618829573322703e-01
4.948979591836734637e-01 3.073082010582010165e-02 3.503141534391534390e-02 8.305040859499691897e-02
6.173469387755101678e-01 3.331305309734513415e-02 3.715339233038348482e-02 2.988594177508161476e-01
6.344537815126050084e-01 3.569669913419913632e-02 4.335768398268398383e-02 2.564766330668942843e-02
5.436893203883494952e-01 1.555720899470899345e-02 1.713955026455026356e-02 5.386824895790889292e-04
6.785714285714286031e-01 1.377873563218390968e-02 1.989367816091954302e-02 5.835700259551615865e+00
7.123893805309734484e-01 2.980564876957494599e-02 3.211968680089485884e-02 2.999369295801826318e+00
6.450000000000000178e-01 2.347391598915989086e-02 2.524220867208671823e-02 3.091146290176394640e+00
6.388888888888888395e-01 2.183086158192090384e-02 2.534604519774011355e-02 6.446883168187825142e+00
7.388888888888889284e-01 1.536458333333333426e-02 2.187174479166666477e-02 8.581951252496473614e+00
