6.695652173913043681e-01 9.313514089437742449e-02 1.046002496220154176e-01 7.402281576536343978e-04
6.485148514851485357e-01 8.765145545696435836e-02 8.602698505144631969e-02 5.918752547009805288e-04
6.171171171171171421e-01 7.551582724593106088e-02 6.759008143091188581e-02 3.567998832387876467e-04
5.229357798165137350e-01 7.520131636032718891e-02 6.131860011498753427e-02 1.274740167151810035e-04
0.000000000000000000e+00 1.314878892733563898e-01 1.252883506343714093e-01 9.041454217504282168e-10
2.029702970297029840e-01 8.050692612513847546e-02 6.537327608193345407e-02 1.066549467313673052e-04
3.701923076923077094e-01 7.409733312631236468e-02 6.139973900570786652e-02 3.388101146980563813e-05
1.176470588235294101e-01 8.014027410272067664e-02 6.331510881938319513e-02 2.783724690707171834e-06
2.625899280575539341e-01 7.683679354094578862e-02 7.271337946943483288e-02 3.959515290195600012e-04
0.000000000000000000e+00 7.267698538371812622e-02 5.438423292214859123e-02 2.227555625058848813e-07
