7.164948453608247503e-01 3.567273456697257067e-02 4.981946742891529833e-02 1.920181141950376702e+00
8.214285714285713969e-01 3.625164957344887556e-02 4.140039693672912385e-02 3.237905814823091255e+00
5.306122448979592177e-01 4.206022631628168751e-02 4.752070409509856486e-02 2.731367163913582363e+00
6.470588235294117974e-01 4.340211029945747340e-02 4.972232901875346667e-02 3.499690642110011130e+00
4.854368932038835016e-01 1.759636492168024577e-02 4.248753581128845297e-02 2.303999959911199991e+00
5.625000000000000000e-01 1.171252814851430658e-02 2.614836784386957366e-02 1.244485911025975966e+01
5.398230088495574730e-01 2.632325908304498224e-02 3.012363033448673885e-02 1.727972884969978651e+01
4.849999999999999867e-01 1.905230521782377492e-02 1.829836089859580850e-02 1.296910468650259673e+01
6.999999999999999556e-01 1.817448852756408176e-02 3.033840606488169209e-02 1.235439984809456071e+01
3.055555555555555802e-01 1.313747049122012713e-02 2.631805883430887727e-02 1.580029930228457857e+01
