4.695652173913043570e-01 9.313514089437742449e-02 7.996487364999477210e-02 1.507336152487847514e+01
6.683168316831683553e-01 8.765145545696435836e-02 7.026619616978997673e-02 1.164983910328703942e+01
6.801801801801802272e-01 7.551582724593106088e-02 6.174773389306262295e-02 5.653549933365268565e+00
8.211009174311926229e-01 7.520131636032718891e-02 5.070518043518899842e-02 1.931845927424650222e+00
0.000000000000000000e+00 1.314878892733563898e-01 1.273068050749711633e-01 3.822781203702396019e-02
4.752475247524752255e-01 8.050692612513847546e-02 5.646676259321434244e-02 8.887057569447595284e+00
7.403846153846154188e-01 7.409733312631236468e-02 5.921908733327418961e-02 3.232830319085931325e+00
8.431372549019607865e-01 8.014027410272067664e-02 5.479038981990334845e-02 8.415700610892960398e+00
6.762589928057554101e-01 7.683679354094578862e-02 5.627739331026528069e-02 1.330998965610896256e+01
4.703389830508474811e-01 7.267698538371812622e-02 4.982031031089736994e-02 3.957960377585988621e+00
