0.000000000000000000e+00 1.509599395313680759e-02 5.957671957671957681e-03 9.375075732830766577e-05
0.000000000000000000e+00 2.424060150375939582e-02 1.183124477861319766e-02 3.997032743152777461e-04
4.882352941176470451e-01 3.523286647992530246e-02 6.526984126984127638e-03 5.927968215891928316e-05
4.772727272727272929e-01 3.001250601250601141e-02 3.093795093795093966e-03 5.041490910726094290e-05
7.954545454545454142e-01 4.444733044733045063e-02 8.577200577200577367e-03 1.536585485846867221e-04
8.499999999999999778e-01 4.169015873015873008e-02 1.094603174603175043e-02 1.707106280900554400e-04
5.159574468085106336e-01 4.599121918270854953e-02 1.176089159067882257e-02 9.277915138352106216e-05
7.421052631578947123e-01 4.114686716791979282e-02 7.508103592314117371e-03 4.386122831326888380e-05
7.083333333333333703e-01 8.666666666666664534e-03 4.624338624338624609e-03 3.438992690943131855e-08
6.228070175438596978e-01 1.240657198551935528e-02 9.209690893901419442e-03 5.024324420131025552e-05
