3.928571428571428492e-01 5.149347320627598035e-02 6.782647699602717406e-02 1.228085076065501768e+00
5.000000000000000000e-01 7.069712559946579600e-02 6.502622979016167704e-02 5.583430209939516331e+00
9.411764705882352811e-01 6.320080512020263830e-02 4.811667458217427223e-02 4.116910271652386655e+00
1.000000000000000000e+00 5.139995689303648169e-02 3.696494937844418960e-02 5.321662860372622372e-02
3.806818181818181768e-01 6.427324717765894868e-02 4.259015326273112023e-02 4.605619359275082481e-04
1.000000000000000021e-02 6.835928489042675249e-02 4.686322568242983627e-02 7.647085597536851459e-04
1.595744680851063704e-02 7.232130440828814233e-02 5.512814220389865988e-02 5.081992163272082939e-04
4.578947368421052433e-01 5.872437726380541623e-02 4.473734798356907016e-02 2.953930850327806984e-04
1.000000000000000000e+00 3.921568627450980338e-02 4.304834678969626793e-02 7.152621065575948437e-05
8.245614035087719396e-01 5.190985923093007631e-02 5.461377877604429998e-02 3.107264368887020068e-05
