2.071005917159763482e-02 1.444221712353580545e-01 1.232508151189470047e-01 1.856325875537470031e-04
3.333333333333333287e-02 1.524036281179138030e-01 1.277460317460317463e-01 3.151603090665483259e-04
2.717391304347826012e-02 1.704968944099378714e-01 1.448003549245785448e-01 2.820741862461699045e-04
0.000000000000000000e+00 1.556861678004535232e-01 1.494820861678004820e-01 2.760837359073202088e-04
0.000000000000000000e+00 6.352504638218924027e-02 2.463821892393320764e-02 5.714208996175395753e-05
0.000000000000000000e+00 1.362645772594752169e-01 1.248688046647230265e-01 3.348893876505271822e-04
0.000000000000000000e+00 1.306679035250463694e-01 1.243692022263450797e-01 5.693500048358945314e-04
2.392344497607655496e-02 1.439468801874816961e-01 1.201249877941607258e-01 2.370755241609798951e-04
0.000000000000000000e+00 7.259259259259259744e-02 6.910052910052909281e-02 2.593790318289912770e-04
0.000000000000000000e+00 7.479591836734693355e-02 1.826530612244898003e-02 3.282124308546741524e-06
