2.662721893491124328e-02 1.444221712353580545e-01 2.791015577828764305e-01 1.536009819039018754e-04
1.388888888888888812e-02 1.524036281179138030e-01 7.349206349206348354e-02 2.927106611001566994e-01
0.000000000000000000e+00 1.704968944099378714e-01 7.358030168589176079e-02 1.537678769054180439e+00
0.000000000000000000e+00 1.556861678004535232e-01 3.727854875283446723e-01 5.136061568057676994e-04
1.818181818181818232e-01 6.352504638218924027e-02 1.348423005565862753e-01 1.686667947927348958e-04
0.000000000000000000e+00 1.362645772594752169e-01 3.103935860058308904e-01 2.852751686884342423e-04
0.000000000000000000e+00 1.306679035250463694e-01 1.986611008039579629e-01 7.172509908915020160e-01
0.000000000000000000e+00 1.439468801874816961e-01 2.353207694561078311e-01 2.587943996472697209e-04
0.000000000000000000e+00 7.259259259259259744e-02 4.636432350718065754e-02 1.524908879677047135e-01
0.000000000000000000e+00 7.479591836734693355e-02 1.908163265306122430e-02 1.313734037400471344e-02
