2.662721893491124328e-02 1.444221712353580545e-01 2.791015577828764305e-01 1.536009819039018754e-04
1.666666666666666644e-02 1.524036281179138030e-01 9.055782312925167443e-02 7.366322869396099704e-02
5.434782608695652023e-03 1.704968944099378714e-01 2.735004436557231799e-01 1.445027854554620413e-02
0.000000000000000000e+00 1.556861678004535232e-01 2.986013605442177643e-01 3.891149280091682375e-04
0.000000000000000000e+00 6.352504638218924027e-02 7.547309833024119785e-02 3.404287382742654273e-06
0.000000000000000000e+00 1.362645772594752169e-01 1.658709912536443232e-01 6.942575339598074102e-02
0.000000000000000000e+00 1.306679035250463694e-01 2.368800247371676271e-01 1.151174348155983504e-02
2.153110047846890085e-02 1.439468801874816961e-01 1.775217263939068701e-01 1.894361296666265560e-03
0.000000000000000000e+00 7.259259259259259744e-02 8.213151927437642441e-02 2.461544994722704716e-01
0.000000000000000000e+00 7.479591836734693355e-02 1.213265306122448817e-01 1.393319539141470285e-05
