0.000000000000000000e+00 1.671252800923130610e-01 1.821465469817118155e-01 9.844208785543724378e-05
0.000000000000000000e+00 1.737626606198034718e-01 1.531025447215923485e-01 1.581684661458571920e-04
5.434782608695652023e-02 1.928581287587499138e-01 1.921502514049097665e-01 6.652516818898921575e-05
9.333333333333333759e-02 1.803239103048626668e-01 2.431064751826656767e-01 1.224939311139953621e-04
5.000000000000000000e-01 7.256235827664399285e-02 1.380993609565037972e-01 5.276427143052468495e-06
1.651785714285714246e-01 1.545238095238095077e-01 2.376660187884677700e-01 1.090394326223256290e-04
1.742424242424242542e-01 1.478348106919535609e-01 2.516443345014773292e-01 4.437949214328625058e-05
2.846889952153109915e-01 1.614807581724875263e-01 3.205572372489665645e-01 4.362064867381568368e-05
3.240740740740740700e-01 8.161249685059210335e-02 1.581389098849416142e-01 1.089166569616656598e-05
5.000000000000000000e-01 9.378684807256235101e-02 1.852154195011337934e-01 3.081505340948290008e-05
