1.616915422885572273e-01 1.136563675749629465e-01 1.984859195074678562e-01 5.412968475186416680e-04
2.240663900414937848e-01 1.017498914459400855e-01 2.558488927485887965e-01 3.169269487506064329e-04
1.869158878504672827e-01 1.156248566842467268e-01 3.262187571657876317e-01 4.463068638894694467e-04
1.470588235294117696e-01 1.091737182677949142e-01 3.238526630164261233e-01 2.586986660118011246e-04
1.686746987951807109e-01 1.005687520910003435e-01 3.092940782870524652e-01 1.238691972217856178e-04
1.871165644171779163e-01 9.650627223366410601e-02 3.347163452536979222e-01 1.924501395820400610e-04
1.125000000000000028e-01 1.065365276545400669e-01 3.619934930493936553e-01 2.404735774421192939e-04
6.896551724137930939e-02 1.251992225461613373e-01 3.891982507288629933e-01 2.362611424536725899e-04
1.593749999999999889e-01 8.502164502164502591e-02 2.853349824778396160e-01 1.269385851276467710e-04
9.478672985781989857e-02 1.038311048557354066e-01 3.371935256861365304e-01 2.237609550231821310e-04
