2.662721893491124328e-02 1.444221712353580545e-01 2.411641106146600877e-01 1.832881957528895980e-03
3.611111111111110772e-02 1.524036281179138030e-01 2.137641723356009382e-01 5.891579237861655632e-02
4.076086956521739191e-02 1.704968944099378714e-01 2.085536823425022390e-01 5.424728428674452894e-03
0.000000000000000000e+00 1.556861678004535232e-01 2.219464852607709870e-01 3.763587192115388255e-04
0.000000000000000000e+00 6.352504638218924027e-02 1.075324675324675489e-01 2.044863587533565034e-05
0.000000000000000000e+00 1.362645772594752169e-01 2.171683673469387565e-01 6.104603577688117941e-03
0.000000000000000000e+00 1.306679035250463694e-01 2.347928262213976602e-01 1.867862502677109307e-02
0.000000000000000000e+00 1.439468801874816961e-01 3.384044526901670014e-01 6.291270307540980378e-01
0.000000000000000000e+00 7.259259259259259744e-02 1.644897959183673486e-01 2.218695472352975706e+00
0.000000000000000000e+00 7.479591836734693355e-02 1.607142857142856984e-01 2.869732415690052774e-01
